institute code,institute name,branch code,course name,status,university,category,rank,percentile,gender,quota,category(1),branch,year,cap round
'01002,"Government College of Engineering, Amravati",'0100219110,Civil Engineering,Government Autonomous,Unknown,GOPENS,28216,91.7377622,G,S,OPEN,B.Tech,2025,4
'01002,"Government College of Engineering, Amravati",'0100219110,Civil Engineering,Government Autonomous,Unknown,GNT2S,55787,83.2058578,G,S,NT2,B.Tech,2025,4
'01002,"Government College of Engineering, Amravati",'0100219110,Civil Engineering,Government Autonomous,Unknown,GOBCS,44981,86.6751751,G,S,OBC,B.Tech,2025,4
'01002,"Government College of Engineering, Amravati",'0100224210,Computer Science and Engineering,Government Autonomous,Unknown,DEFOPENS,27996,91.7968608,D,S,OPEN,B.Tech,2025,4
'01002,"Government College of Engineering, Amravati",'0100224610,Information Technology,Government Autonomous,Unknown,GOPENS,13465,96.1512986,G,S,OPEN,B.Tech,2025,4
'01002,"Government College of Engineering, Amravati",'0100224610,Information Technology,Government Autonomous,Unknown,GNT2S,24489,92.8770798,G,S,NT2,B.Tech,2025,4
'01002,"Government College of Engineering, Amravati",'0100224610,Information Technology,Government Autonomous,Unknown,LOPENS,15196,95.6356670,L,S,OPEN,B.Tech,2025,4
'01002,"Government College of Engineering, Amravati",'0100224610,Information Technology,Government Autonomous,Unknown,EWS,25512,92.5540912,E,S,EWS,B.Tech,2025,4
'01002,"Government College of Engineering, Amravati",'0100229310,Electrical Engineering,Government Autonomous,Unknown,GOPENS,25688,92.5218400,G,S,OPEN,B.Tech,2025,4
'01002,"Government College of Engineering, Amravati",'0100229310,Electrical Engineering,Government Autonomous,Unknown,GOBCS,28160,91.7513251,G,S,OBC,B.Tech,2025,4
'01002,"Government College of Engineering, Amravati",'0100229310,Electrical Engineering,Government Autonomous,Unknown,GSEBCS,50107,85.0571556,G,S,SEBC,B.Tech,2025,4
'01002,"Government College of Engineering, Amravati",'0100229310,Electrical Engineering,Government Autonomous,Unknown,LOBCS,21656,93.7361801,L,S,OBC,B.Tech,2025,4
'01002,"Government College of Engineering, Amravati",'0100229310,Electrical Engineering,Government Autonomous,Unknown,EWS,62811,81.0133535,E,S,EWS,B.Tech,2025,4
'01002,"Government College of Engineering, Amravati",'0100237210,Electronics and Telecommunication Engg,Government Autonomous,Unknown,GOPENS,14458,95.8324651,G,S,OPEN,B.Tech,2025,4
'01002,"Government College of Engineering, Amravati",'0100237210,Electronics and Telecommunication Engg,Government Autonomous,Unknown,GSCS,34764,89.8231024,G,S,SC,B.Tech,2025,4
'01002,"Government College of Engineering, Amravati",'0100237210,Electronics and Telecommunication Engg,Government Autonomous,Unknown,GVJS,57875,82.4521073,G,S,VJ,B.Tech,2025,4
'01002,"Government College of Engineering, Amravati",'0100237210,Electronics and Telecommunication Engg,Government Autonomous,Unknown,GSEBCS,34019,90.0175917,G,S,SEBC,B.Tech,2025,4
'01002,"Government College of Engineering, Amravati",'0100237210,Electronics and Telecommunication Engg,Government Autonomous,Unknown,LOPENS,16085,95.3847746,L,S,OPEN,B.Tech,2025,4
'01002,"Government College of Engineering, Amravati",'0100237210,Electronics and Telecommunication Engg,Government Autonomous,Unknown,"DEFRSEBC
S",113654,61.6834321,D,S,SEBC,B.Tech,2025,4
'01002,"Government College of Engineering, Amravati",'0100237210,Electronics and Telecommunication Engg,Government Autonomous,Unknown,EWS,33700,90.0917161,E,S,EWS,B.Tech,2025,4
'01002,"Government College of Engineering, Amravati",'0100246610,Instrumentation Engineering,Government Autonomous,Unknown,GOPENS,31618,90.6688280,G,S,OPEN,B.Tech,2025,4
'01002,"Government College of Engineering, Amravati",'0100246610,Instrumentation Engineering,Government Autonomous,Unknown,GVJS,114704,60.9090909,G,S,VJ,B.Tech,2025,4
'01002,"Government College of Engineering, Amravati",'0100246610,Instrumentation Engineering,Government Autonomous,Unknown,GOBCS,34378,89.8617670,G,S,OBC,B.Tech,2025,4
'01002,"Government College of Engineering, Amravati",'0100246610,Instrumentation Engineering,Government Autonomous,Unknown,DEFOPENS,174647,26.7336064,D,S,OPEN,B.Tech,2025,4
'01002,"Government College of Engineering, Amravati",'0100246610,Instrumentation Engineering,Government Autonomous,Unknown,EWS,67532,79.6033896,E,S,EWS,B.Tech,2025,4
'01002,"Government College of Engineering, Amravati",'0100246610,Instrumentation Engineering,Government Autonomous,Unknown,PWDOPENS,35412,89.5868952,P,S,PWD,B.Tech,2025,4
'01002,"Government College of Engineering, Amravati",'0100261210,Mechanical Engineering,Government Autonomous,Unknown,GOPENS,34696,89.8231024,G,S,OPEN,B.Tech,2025,4
'01002,"Government College of Engineering, Amravati",'0100261210,Mechanical Engineering,Government Autonomous,Unknown,GNT3S,57142,82.8372770,G,S,NT3,B.Tech,2025,4
'01002,"Government College of Engineering, Amravati",'0100261210,Mechanical Engineering,Government Autonomous,Unknown,LOPENS,35067,89.6827150,L,S,OPEN,B.Tech,2025,4
'01002,"Government College of Engineering, Amravati",'0100261210,Mechanical Engineering,Government Autonomous,Unknown,TFWS,43009,87.3029561,T,S,TFWS,B.Tech,2025,4
'01002,"Government College of Engineering, Amravati",'0100261210,Mechanical Engineering,Government Autonomous,Unknown,LSTS,134539,51.5716400,L,S,ST,B.Tech,2025,4
'01002,"Government College of Engineering, Amravati",'0100261210,Mechanical Engineering,Government Autonomous,Unknown,DEFOPENS,39556,88.2544975,D,S,OPEN,B.Tech,2025,4
'01005,"Sant Gadge Baba Amravati University,Amravati",'0100550310,Food Technology,University Department,Unknown,GOBCH,80909,76.7694659,G,H,OBC,B.Tech,2025,4
'01005,"Sant Gadge Baba Amravati University,Amravati",'0100550310,Food Technology,University Department,Unknown,LOBCH,62939,82.2763176,L,H,OBC,B.Tech,2025,4
'01005,"Sant Gadge Baba Amravati University,Amravati",'0100551710,Oil and Paints Technology,University Department,Unknown,GSCO,38096,89.5766345,G,O,SC,B.Tech,2025,4
'01005,"Sant Gadge Baba Amravati University,Amravati",'0100551710,Oil and Paints Technology,University Department,Unknown,LOPENO,42343,88.3220112,L,O,OPEN,B.Tech,2025,4
'01005,"Sant Gadge Baba Amravati University,Amravati",'0100552410,Paper and Pulp Technology,University Department,Unknown,LOPENH,180133,22.8214173,L,H,OPEN,B.Tech,2025,4
'01005,"Sant Gadge Baba Amravati University,Amravati",'0100552410,Paper and Pulp Technology,University Department,Unknown,LOBCH,196887,7.9877752,L,H,OBC,B.Tech,2025,4
'01005,"Sant Gadge Baba Amravati University,Amravati",'0100552710,Petro Chemical Engineering,University Department,Unknown,LOPENH,112652,62.0615406,L,H,OPEN,B.Tech,2025,4
'01005,"Sant Gadge Baba Amravati University,Amravati",'0100552710,Petro Chemical Engineering,University Department,Unknown,LSCH,167133,32.3446384,L,H,SC,B.Tech,2025,4
'01005,"Sant Gadge Baba Amravati University,Amravati",'0100552710,Petro Chemical Engineering,University Department,Unknown,GSEBCH,138091,49.7291102,G,H,SEBC,B.Tech,2025,4
'01012,"Government College of Engineering,Yavatmal",'0101219110,Civil Engineering,Government Home University : Sant Gadge Baba Amravati University,Sant Gadge Baba Amravati University,GOPENH,117854,59.9607019,G,H,OPEN,B.Tech,2025,4
'01012,"Government College of Engineering,Yavatmal",'0101219110,Civil Engineering,Government Home University : Sant Gadge Baba Amravati University,Sant Gadge Baba Amravati University,GSCH,122678,57.5410529,G,H,SC,B.Tech,2025,4
'01012,"Government College of Engineering,Yavatmal",'0101219110,Civil Engineering,Government Home University : Sant Gadge Baba Amravati University,Sant Gadge Baba Amravati University,GOBCH,123239,57.4017459,G,H,OBC,B.Tech,2025,4
'01012,"Government College of Engineering,Yavatmal",'0101219110,Civil Engineering,Government Home University : Sant Gadge Baba Amravati University,Sant Gadge Baba Amravati University,LOBCH,138703,49.6043895,L,H,OBC,B.Tech,2025,4
'01012,"Government College of Engineering,Yavatmal",'0101219110,Civil Engineering,Government Home University : Sant Gadge Baba Amravati University,Sant Gadge Baba Amravati University,PWDOPENH,116738,60.4221150,P,H,PWD,B.Tech,2025,4
'01012,"Government College of Engineering,Yavatmal",'0101224510,Computer Engineering,Government Home University : Sant Gadge Baba Amravati University,Sant Gadge Baba Amravati University,GOPENH,55537,83.2103258,G,H,OPEN,B.Tech,2025,4
'01012,"Government College of Engineering,Yavatmal",'0101224510,Computer Engineering,Government Home University : Sant Gadge Baba Amravati University,Sant Gadge Baba Amravati University,GNT1H,80948,74.9785452,G,H,NT1,B.Tech,2025,4
'01012,"Government College of Engineering,Yavatmal",'0101224510,Computer Engineering,Government Home University : Sant Gadge Baba Amravati University,Sant Gadge Baba Amravati University,GNT2H,63986,80.6021790,G,H,NT2,B.Tech,2025,4
'01012,"Government College of Engineering,Yavatmal",'0101224510,Computer Engineering,Government Home University : Sant Gadge Baba Amravati University,Sant Gadge Baba Amravati University,GOBCH,62065,81.1324174,G,H,OBC,B.Tech,2025,4
'01012,"Government College of Engineering,Yavatmal",'0101224510,Computer Engineering,Government Home University : Sant Gadge Baba Amravati University,Sant Gadge Baba Amravati University,LOPENH,50678,84.8736599,L,H,OPEN,B.Tech,2025,4
'01012,"Government College of Engineering,Yavatmal",'0101224510,Computer Engineering,Government Home University : Sant Gadge Baba Amravati University,Sant Gadge Baba Amravati University,LOBCH,69223,78.6167398,L,H,OBC,B.Tech,2025,4
'01012,"Government College of Engineering,Yavatmal",'0101229310,Electrical Engineering,Government Home University : Sant Gadge Baba Amravati University,Sant Gadge Baba Amravati University,GOPENH,79691,75.2107280,G,H,OPEN,B.Tech,2025,4
'01012,"Government College of Engineering,Yavatmal",'0101229310,Electrical Engineering,Government Home University : Sant Gadge Baba Amravati University,Sant Gadge Baba Amravati University,GSCH,128342,54.5872518,G,H,SC,B.Tech,2025,4
'01012,"Government College of Engineering,Yavatmal",'0101229310,Electrical Engineering,Government Home University : Sant Gadge Baba Amravati University,Sant Gadge Baba Amravati University,GSTH,198152,6.9235509,G,H,ST,B.Tech,2025,4
'01012,"Government College of Engineering,Yavatmal",'0101229310,Electrical Engineering,Government Home University : Sant Gadge Baba Amravati University,Sant Gadge Baba Amravati University,GOBCH,93669,69.8941051,G,H,OBC,B.Tech,2025,4
'01012,"Government College of Engineering,Yavatmal",'0101229310,Electrical Engineering,Government Home University : Sant Gadge Baba Amravati University,Sant Gadge Baba Amravati University,LOPENH,117188,60.3213757,L,H,OPEN,B.Tech,2025,4
'01012,"Government College of Engineering,Yavatmal",'0101229310,Electrical Engineering,Government Home University : Sant Gadge Baba Amravati University,Sant Gadge Baba Amravati University,PWDOPENH,99785,67.8210479,P,H,PWD,B.Tech,2025,4
'01012,"Government College of Engineering,Yavatmal",'0101237210,Electronics and Telecommunication Engg,Government Home University : Sant Gadge Baba Amravati University,Sant Gadge Baba Amravati University,GOPENH,81515,74.5404987,G,H,OPEN,B.Tech,2025,4
'01012,"Government College of Engineering,Yavatmal",'0101237210,Electronics and Telecommunication Engg,Government Home University : Sant Gadge Baba Amravati University,Sant Gadge Baba Amravati University,GSCH,126316,55.6405756,G,H,SC,B.Tech,2025,4
'01012,"Government College of Engineering,Yavatmal",'0101237210,Electronics and Telecommunication Engg,Government Home University : Sant Gadge Baba Amravati University,Sant Gadge Baba Amravati University,GOBCH,85094,73.2612864,G,H,OBC,B.Tech,2025,4
'01012,"Government College of Engineering,Yavatmal",'0101237210,Electronics and Telecommunication Engg,Government Home University : Sant Gadge Baba Amravati University,Sant Gadge Baba Amravati University,LOPENH,92811,70.5005064,L,H,OPEN,B.Tech,2025,4
'01012,"Government College of Engineering,Yavatmal",'0101237210,Electronics and Telecommunication Engg,Government Home University : Sant Gadge Baba Amravati University,Sant Gadge Baba Amravati University,LSCH,113195,61.7969670,L,H,SC,B.Tech,2025,4
'01012,"Government College of Engineering,Yavatmal",'0101237210,Electronics and Telecommunication Engg,Government Home University : Sant Gadge Baba Amravati University,Sant Gadge Baba Amravati University,LOBCH,99505,67.8236662,L,H,OBC,B.Tech,2025,4
'01012,"Government College of Engineering,Yavatmal",'0101237210,Electronics and Telecommunication Engg,Government Home University : Sant Gadge Baba Amravati University,Sant Gadge Baba Amravati University,LSTH,88273,71.8197195,L,H,ST,B.Tech,2025,4
'01012,"Government College of Engineering,Yavatmal",'0101261210,Mechanical Engineering,Government Home University : Sant Gadge Baba Amravati University,Sant Gadge Baba Amravati University,GOPENH,108187,63.8244514,G,H,OPEN,B.Tech,2025,4
'01012,"Government College of Engineering,Yavatmal",'0101261210,Mechanical Engineering,Government Home University : Sant Gadge Baba Amravati University,Sant Gadge Baba Amravati University,GSCH,146804,45.3566434,G,H,SC,B.Tech,2025,4
'01012,"Government College of Engineering,Yavatmal",'0101261210,Mechanical Engineering,Government Home University : Sant Gadge Baba Amravati University,Sant Gadge Baba Amravati University,GOBCH,113223,61.7969670,G,H,OBC,B.Tech,2025,4
'01012,"Government College of Engineering,Yavatmal",'0101261210,Mechanical Engineering,Government Home University : Sant Gadge Baba Amravati University,Sant Gadge Baba Amravati University,LOPENH,134443,51.7009371,L,H,OPEN,B.Tech,2025,4
'01101,"Shri Sant Gajanan Maharaj College of Engineering,Shegaon",'0110124210,Computer Science and Engineering,Un-Aided,Unknown,GOPENH,24012,92.9975430,G,H,OPEN,B.Tech,2025,4
'01101,"Shri Sant Gajanan Maharaj College of Engineering,Shegaon",'0110124210,Computer Science and Engineering,Un-Aided,Unknown,GOBCH,24856,92.7805181,G,H,OBC,B.Tech,2025,4
'01101,"Shri Sant Gajanan Maharaj College of Engineering,Shegaon",'0110124210,Computer Science and Engineering,Un-Aided,Unknown,GSEBCH,39710,88.2484746,G,H,SEBC,B.Tech,2025,4
'01101,"Shri Sant Gajanan Maharaj College of Engineering,Shegaon",'0110124210,Computer Science and Engineering,Un-Aided,Unknown,LOPENH,18245,94.7424061,L,H,OPEN,B.Tech,2025,4
'01101,"Shri Sant Gajanan Maharaj College of Engineering,Shegaon",'0110124610,Information Technology,Un-Aided,Unknown,GOPENH,26821,92.1378092,G,H,OPEN,B.Tech,2025,4
'01101,"Shri Sant Gajanan Maharaj College of Engineering,Shegaon",'0110124610,Information Technology,Un-Aided,Unknown,GOBCH,27324,92.0400779,G,H,OBC,B.Tech,2025,4
'01101,"Shri Sant Gajanan Maharaj College of Engineering,Shegaon",'0110124610,Information Technology,Un-Aided,Unknown,GSEBCH,68101,79.3004726,G,H,SEBC,B.Tech,2025,4
'01101,"Shri Sant Gajanan Maharaj College of Engineering,Shegaon",'0110124610,Information Technology,Un-Aided,Unknown,PWDOBCH,170545,29.5314685,P,H,PWD,B.Tech,2025,4
'01101,"Shri Sant Gajanan Maharaj College of Engineering,Shegaon",'0110135610,Electrical Engg[Electronics and Power],Un-Aided,Unknown,GSEBCO,66693,79.7185003,G,O,SEBC,B.Tech,2025,4
'01101,"Shri Sant Gajanan Maharaj College of Engineering,Shegaon",'0110137210,Electronics and Telecommunication Engg,Un-Aided,Unknown,GOPENH,33121,90.2494890,G,H,OPEN,B.Tech,2025,4
'01101,"Shri Sant Gajanan Maharaj College of Engineering,Shegaon",'0110137210,Electronics and Telecommunication Engg,Un-Aided,Unknown,GSCH,46641,85.9775360,G,H,SC,B.Tech,2025,4
'01101,"Shri Sant Gajanan Maharaj College of Engineering,Shegaon",'0110137210,Electronics and Telecommunication Engg,Un-Aided,Unknown,GSTH,141661,47.8015007,G,H,ST,B.Tech,2025,4
'01101,"Shri Sant Gajanan Maharaj College of Engineering,Shegaon",'0110137210,Electronics and Telecommunication Engg,Un-Aided,Unknown,GOBCH,34451,89.8617670,G,H,OBC,B.Tech,2025,4
'01101,"Shri Sant Gajanan Maharaj College of Engineering,Shegaon",'0110137210,Electronics and Telecommunication Engg,Un-Aided,Unknown,LOPENH,30480,91.0675835,L,H,OPEN,B.Tech,2025,4
'01101,"Shri Sant Gajanan Maharaj College of Engineering,Shegaon",'0110161210,Mechanical Engineering,Un-Aided,Unknown,GOPENO,33998,90.0175917,G,O,OPEN,B.Tech,2025,4
'01101,"Shri Sant Gajanan Maharaj College of Engineering,Shegaon",'0110161210,Mechanical Engineering,Un-Aided,Unknown,GOBCO,43907,86.9651776,G,O,OBC,B.Tech,2025,4
'01101,"Shri Sant Gajanan Maharaj College of Engineering,Shegaon",'0110161210,Mechanical Engineering,Un-Aided,Unknown,LNT1O,113763,61.6834321,L,O,NT1,B.Tech,2025,4
'01105,"Prof. Ram Meghe Institute of Technology & Research, Amravati",'0110519110,Civil Engineering,Un-Aided Autonomous,Unknown,GOPENS,67472,79.6033896,G,S,OPEN,B.Tech,2025,4
'01105,"Prof. Ram Meghe Institute of Technology & Research, Amravati",'0110519110,Civil Engineering,Un-Aided Autonomous,Unknown,GSCS,109255,63.4714222,G,S,SC,B.Tech,2025,4
'01105,"Prof. Ram Meghe Institute of Technology & Research, Amravati",'0110519110,Civil Engineering,Un-Aided Autonomous,Unknown,GVJS,91698,70.7504568,G,S,VJ,B.Tech,2025,4
'01105,"Prof. Ram Meghe Institute of Technology & Research, Amravati",'0110519110,Civil Engineering,Un-Aided Autonomous,Unknown,LOPENS,68476,79.0279720,L,S,OPEN,B.Tech,2025,4
'01105,"Prof. Ram Meghe Institute of Technology & Research, Amravati",'0110519110,Civil Engineering,Un-Aided Autonomous,Unknown,LOBCS,84135,73.5570613,L,S,OBC,B.Tech,2025,4
'01105,"Prof. Ram Meghe Institute of Technology & Research, Amravati",'0110519110,Civil Engineering,Un-Aided Autonomous,Unknown,DEFOPENS,80178,75.1716925,D,S,OPEN,B.Tech,2025,4
'01105,"Prof. Ram Meghe Institute of Technology & Research, Amravati",'0110519110,Civil Engineering,Un-Aided Autonomous,Unknown,PWDSEBCS,199637,5.2326584,P,S,PWD,B.Tech,2025,4
'01105,"Prof. Ram Meghe Institute of Technology & Research, Amravati",'0110519110,Civil Engineering,Un-Aided Autonomous,Unknown,LSTS,73143,77.2287062,L,S,ST,B.Tech,2025,4
'01105,"Prof. Ram Meghe Institute of Technology & Research, Amravati",'0110519110,Civil Engineering,Un-Aided Autonomous,Unknown,LSEBCS,84472,73.4722277,L,S,SEBC,B.Tech,2025,4
'01105,"Prof. Ram Meghe Institute of Technology & Research, Amravati",'0110519110,Civil Engineering,Un-Aided Autonomous,Unknown,DEFSEBCS,83503,73.6328536,D,S,SEBC,B.Tech,2025,4
'01105,"Prof. Ram Meghe Institute of Technology & Research, Amravati",'0110524210,Computer Science and Engineering,Un-Aided Autonomous,Unknown,GOPENS,31712,90.6674583,G,S,OPEN,B.Tech,2025,4
'01105,"Prof. Ram Meghe Institute of Technology & Research, Amravati",'0110524210,Computer Science and Engineering,Un-Aided Autonomous,Unknown,GVJS,73837,77.1296846,G,S,VJ,B.Tech,2025,4
'01105,"Prof. Ram Meghe Institute of Technology & Research, Amravati",'0110524210,Computer Science and Engineering,Un-Aided Autonomous,Unknown,GNT2S,53726,83.8802370,G,S,NT2,B.Tech,2025,4
'01105,"Prof. Ram Meghe Institute of Technology & Research, Amravati",'0110524210,Computer Science and Engineering,Un-Aided Autonomous,Unknown,GOBCS,33832,90.0449693,G,S,OBC,B.Tech,2025,4
'01105,"Prof. Ram Meghe Institute of Technology & Research, Amravati",'0110524210,Computer Science and Engineering,Un-Aided Autonomous,Unknown,LOPENS,18162,94.7692308,L,S,OPEN,B.Tech,2025,4
'01105,"Prof. Ram Meghe Institute of Technology & Research, Amravati",'0110524210,Computer Science and Engineering,Un-Aided Autonomous,Unknown,EWS,54993,83.4741816,E,S,EWS,B.Tech,2025,4
'01105,"Prof. Ram Meghe Institute of Technology & Research, Amravati",'0110524210,Computer Science and Engineering,Un-Aided Autonomous,Unknown,DEFSCS,28240,91.7377622,D,S,SC,B.Tech,2025,4
'01105,"Prof. Ram Meghe Institute of Technology & Research, Amravati",'0110524610,Information Technology,Un-Aided Autonomous,Unknown,GOPENS,34966,89.7089209,G,S,OPEN,B.Tech,2025,4
'01105,"Prof. Ram Meghe Institute of Technology & Research, Amravati",'0110524610,Information Technology,Un-Aided Autonomous,Unknown,GVJS,78118,75.6075065,G,S,VJ,B.Tech,2025,4
'01105,"Prof. Ram Meghe Institute of Technology & Research, Amravati",'0110524610,Information Technology,Un-Aided Autonomous,Unknown,GNT2S,49177,85.2215842,G,S,NT2,B.Tech,2025,4
'01105,"Prof. Ram Meghe Institute of Technology & Research, Amravati",'0110524610,Information Technology,Un-Aided Autonomous,Unknown,GOBCS,36969,89.1256809,G,S,OBC,B.Tech,2025,4
'01105,"Prof. Ram Meghe Institute of Technology & Research, Amravati",'0110524610,Information Technology,Un-Aided Autonomous,Unknown,EWS,79823,75.1927485,E,S,EWS,B.Tech,2025,4
'01105,"Prof. Ram Meghe Institute of Technology & Research, Amravati",'0110524610,Information Technology,Un-Aided Autonomous,Unknown,PWDSCS,62361,81.1295102,P,S,PWD,B.Tech,2025,4
'01105,"Prof. Ram Meghe Institute of Technology & Research, Amravati",'0110526310,Artificial Intelligence (AI) and Data Science,Un-Aided Autonomous,Unknown,GOPENS,30574,91.0510720,G,S,OPEN,B.Tech,2025,4
'01105,"Prof. Ram Meghe Institute of Technology & Research, Amravati",'0110526310,Artificial Intelligence (AI) and Data Science,Un-Aided Autonomous,Unknown,GSCS,62903,81.0133535,G,S,SC,B.Tech,2025,4
'01105,"Prof. Ram Meghe Institute of Technology & Research, Amravati",'0110526310,Artificial Intelligence (AI) and Data Science,Un-Aided Autonomous,Unknown,GSEBCS,71765,78.1688442,G,S,SEBC,B.Tech,2025,4
'01105,"Prof. Ram Meghe Institute of Technology & Research, Amravati",'0110526310,Artificial Intelligence (AI) and Data Science,Un-Aided Autonomous,Unknown,LOPENS,32088,90.6221224,L,S,OPEN,B.Tech,2025,4
'01105,"Prof. Ram Meghe Institute of Technology & Research, Amravati",'0110526310,Artificial Intelligence (AI) and Data Science,Un-Aided Autonomous,Unknown,LSCS,76849,76.2716859,L,S,SC,B.Tech,2025,4
'01105,"Prof. Ram Meghe Institute of Technology & Research, Amravati",'0110526310,Artificial Intelligence (AI) and Data Science,Un-Aided Autonomous,Unknown,LSEBCS,61229,81.3270637,L,S,SEBC,B.Tech,2025,4
'01105,"Prof. Ram Meghe Institute of Technology & Research, Amravati",'0110526310,Artificial Intelligence (AI) and Data Science,Un-Aided Autonomous,Unknown,EWS,106898,64.3871019,E,S,EWS,B.Tech,2025,4
'01105,"Prof. Ram Meghe Institute of Technology & Research, Amravati",'0110526710,Computer Science and Engineering (IoT),Un-Aided Autonomous,Unknown,LSEBCS,118409,59.3210117,L,S,SEBC,B.Tech,2025,4
'01105,"Prof. Ram Meghe Institute of Technology & Research, Amravati",'0110526710,Computer Science and Engineering (IoT),Un-Aided Autonomous,Unknown,TFWS,31206,90.8739909,T,S,TFWS,B.Tech,2025,4
'01105,"Prof. Ram Meghe Institute of Technology & Research, Amravati",'0110526710,Computer Science and Engineering (IoT),Un-Aided Autonomous,Unknown,EWS,96471,68.9620341,E,S,EWS,B.Tech,2025,4
'01105,"Prof. Ram Meghe Institute of Technology & Research, Amravati",'0110526710,Computer Science and Engineering (IoT),Un-Aided Autonomous,Unknown,LSTS,27738,91.8528438,L,S,ST,B.Tech,2025,4
'01105,"Prof. Ram Meghe Institute of Technology & Research, Amravati",'0110537210,Electronics and Telecommunication Engg,Un-Aided Autonomous,Unknown,GOPENS,49976,85.0571556,G,S,OPEN,B.Tech,2025,4
'01105,"Prof. Ram Meghe Institute of Technology & Research, Amravati",'0110537210,Electronics and Telecommunication Engg,Un-Aided Autonomous,Unknown,GNT2S,78509,75.4880541,G,S,NT2,B.Tech,2025,4
'01105,"Prof. Ram Meghe Institute of Technology & Research, Amravati",'0110537210,Electronics and Telecommunication Engg,Un-Aided Autonomous,Unknown,GSEBCS,101638,66.4263323,G,S,SEBC,B.Tech,2025,4
'01105,"Prof. Ram Meghe Institute of Technology & Research, Amravati",'0110537210,Electronics and Telecommunication Engg,Un-Aided Autonomous,Unknown,LSCS,75881,76.7635852,L,S,SC,B.Tech,2025,4
'01105,"Prof. Ram Meghe Institute of Technology & Research, Amravati",'0110537210,Electronics and Telecommunication Engg,Un-Aided Autonomous,Unknown,EWS,116659,60.4221150,E,S,EWS,B.Tech,2025,4
'01105,"Prof. Ram Meghe Institute of Technology & Research, Amravati",'0110537210,Electronics and Telecommunication Engg,Un-Aided Autonomous,Unknown,DEFOPENS,52935,84.1131441,D,S,OPEN,B.Tech,2025,4
'01105,"Prof. Ram Meghe Institute of Technology & Research, Amravati",'0110537210,Electronics and Telecommunication Engg,Un-Aided Autonomous,Unknown,PWDOPENS,44161,86.9194446,P,S,PWD,B.Tech,2025,4
'01105,"Prof. Ram Meghe Institute of Technology & Research, Amravati",'0110537210,Electronics and Telecommunication Engg,Un-Aided Autonomous,Unknown,GSTS,53790,83.8802370,G,S,ST,B.Tech,2025,4
'01105,"Prof. Ram Meghe Institute of Technology & Research, Amravati",'0110561210,Mechanical Engineering,Un-Aided Autonomous,Unknown,GOPENS,83852,73.6159498,G,S,OPEN,B.Tech,2025,4
'01105,"Prof. Ram Meghe Institute of Technology & Research, Amravati",'0110561210,Mechanical Engineering,Un-Aided Autonomous,Unknown,GSCS,100920,66.9498069,G,S,SC,B.Tech,2025,4
'01105,"Prof. Ram Meghe Institute of Technology & Research, Amravati",'0110561210,Mechanical Engineering,Un-Aided Autonomous,Unknown,GOBCS,85905,72.8948543,G,S,OBC,B.Tech,2025,4
'01105,"Prof. Ram Meghe Institute of Technology & Research, Amravati",'0110561210,Mechanical Engineering,Un-Aided Autonomous,Unknown,LOPENS,81975,74.0630785,L,S,OPEN,B.Tech,2025,4
'01105,"Prof. Ram Meghe Institute of Technology & Research, Amravati",'0110561210,Mechanical Engineering,Un-Aided Autonomous,Unknown,LSCS,89770,71.4842352,L,S,SC,B.Tech,2025,4
'01105,"Prof. Ram Meghe Institute of Technology & Research, Amravati",'0110561210,Mechanical Engineering,Un-Aided Autonomous,Unknown,PWDSCS,98043,68.3753318,P,S,PWD,B.Tech,2025,4
'01105,"Prof. Ram Meghe Institute of Technology & Research, Amravati",'0110561210,Mechanical Engineering,Un-Aided Autonomous,Unknown,LSEBCS,83176,73.6345056,L,S,SEBC,B.Tech,2025,4
'01107,"P. R. Pote Patil College of Engineering & Management, Amravati",'0110719110,Civil Engineering,Un-Aided Autonomous,Unknown,GOPENS,86964,72.3760958,G,S,OPEN,B.Tech,2025,4
'01107,"P. R. Pote Patil College of Engineering & Management, Amravati",'0110719110,Civil Engineering,Un-Aided Autonomous,Unknown,GSEBCS,151220,42.9247346,G,S,SEBC,B.Tech,2025,4
'01107,"P. R. Pote Patil College of Engineering & Management, Amravati",'0110719110,Civil Engineering,Un-Aided Autonomous,Unknown,LOPENS,72969,77.2287062,L,S,OPEN,B.Tech,2025,4
'01107,"P. R. Pote Patil College of Engineering & Management, Amravati",'0110724210,Computer Science and Engineering,Un-Aided Autonomous,Unknown,GOPENS,26529,92.2439918,G,S,OPEN,B.Tech,2025,4
'01107,"P. R. Pote Patil College of Engineering & Management, Amravati",'0110724210,Computer Science and Engineering,Un-Aided Autonomous,Unknown,GVJS,66829,79.6986029,G,S,VJ,B.Tech,2025,4
'01107,"P. R. Pote Patil College of Engineering & Management, Amravati",'0110724210,Computer Science and Engineering,Un-Aided Autonomous,Unknown,GOBCS,45273,86.6223776,G,S,OBC,B.Tech,2025,4
'01107,"P. R. Pote Patil College of Engineering & Management, Amravati",'0110724210,Computer Science and Engineering,Un-Aided Autonomous,Unknown,GSEBCS,87942,71.8498844,G,S,SEBC,B.Tech,2025,4
'01107,"P. R. Pote Patil College of Engineering & Management, Amravati",'0110724210,Computer Science and Engineering,Un-Aided Autonomous,Unknown,EWS,72737,77.5384615,E,S,EWS,B.Tech,2025,4
'01107,"P. R. Pote Patil College of Engineering & Management, Amravati",'0110724210,Computer Science and Engineering,Un-Aided Autonomous,Unknown,DEFOPENS,46141,86.2351996,D,S,OPEN,B.Tech,2025,4
'01107,"P. R. Pote Patil College of Engineering & Management, Amravati",'0110724210,Computer Science and Engineering,Un-Aided Autonomous,Unknown,PWDOPENS,37110,89.0680212,P,S,PWD,B.Tech,2025,4
'01107,"P. R. Pote Patil College of Engineering & Management, Amravati",'0110729310,Electrical Engineering,Un-Aided Autonomous,Unknown,LSEBCS,161823,35.9909439,L,S,SEBC,B.Tech,2025,4
'01107,"P. R. Pote Patil College of Engineering & Management, Amravati",'0110737210,Electronics and Telecommunication Engg,Un-Aided Autonomous,Unknown,GOPENS,58590,82.3322294,G,S,OPEN,B.Tech,2025,4
'01107,"P. R. Pote Patil College of Engineering & Management, Amravati",'0110737210,Electronics and Telecommunication Engg,Un-Aided Autonomous,Unknown,GSCS,68105,79.3004726,G,S,SC,B.Tech,2025,4
'01107,"P. R. Pote Patil College of Engineering & Management, Amravati",'0110737210,Electronics and Telecommunication Engg,Un-Aided Autonomous,Unknown,GSEBCS,137671,50.3223138,G,S,SEBC,B.Tech,2025,4
'01107,"P. R. Pote Patil College of Engineering & Management, Amravati",'0110737210,Electronics and Telecommunication Engg,Un-Aided Autonomous,Unknown,DEFOPENS,59161,82.1319232,D,S,OPEN,B.Tech,2025,4
'01107,"P. R. Pote Patil College of Engineering & Management, Amravati",'0110761210,Mechanical Engineering,Un-Aided Autonomous,Unknown,LOBCS,80136,75.1716925,L,S,OBC,B.Tech,2025,4
'01107,"P. R. Pote Patil College of Engineering & Management, Amravati",'0110761210,Mechanical Engineering,Un-Aided Autonomous,Unknown,EWS,146339,45.8266058,E,S,EWS,B.Tech,2025,4
'01107,"P. R. Pote Patil College of Engineering & Management, Amravati",'0110791110,Computer Science and Engineering(Artificial Intelligence and Machine Learning),Un-Aided Autonomous,Unknown,GOPENS,32397,90.5015276,G,S,OPEN,B.Tech,2025,4
'01107,"P. R. Pote Patil College of Engineering & Management, Amravati",'0110791110,Computer Science and Engineering(Artificial Intelligence and Machine Learning),Un-Aided Autonomous,Unknown,GVJS,85782,73.1347962,G,S,VJ,B.Tech,2025,4
'01107,"P. R. Pote Patil College of Engineering & Management, Amravati",'0110799510,Artificial Intelligence and Data Science,Un-Aided Autonomous,Unknown,GOPENS,49963,85.0571556,G,S,OPEN,B.Tech,2025,4
'01107,"P. R. Pote Patil College of Engineering & Management, Amravati",'0110799510,Artificial Intelligence and Data Science,Un-Aided Autonomous,Unknown,GSEBCS,97281,68.4887011,G,S,SEBC,B.Tech,2025,4
'01107,"P. R. Pote Patil College of Engineering & Management, Amravati",'0110799510,Artificial Intelligence and Data Science,Un-Aided Autonomous,Unknown,LSCS,71094,78.3357644,L,S,SC,B.Tech,2025,4
'01107,"P. R. Pote Patil College of Engineering & Management, Amravati",'0110799510,Artificial Intelligence and Data Science,Un-Aided Autonomous,Unknown,EWS,81920,74.0630785,E,S,EWS,B.Tech,2025,4
'01107,"P. R. Pote Patil College of Engineering & Management, Amravati",'0110799510,Artificial Intelligence and Data Science,Un-Aided Autonomous,Unknown,GSTS,51191,84.6429815,G,S,ST,B.Tech,2025,4
'01114,"Sipna Shikshan Prasarak Mandal College of Engineering & Technology, Amravati",'0111419110,Civil Engineering,Un-Aided Autonomous,Unknown,GOPENS,83663,73.6328536,G,S,OPEN,B.Tech,2025,4
'01114,"Sipna Shikshan Prasarak Mandal College of Engineering & Technology, Amravati",'0111419110,Civil Engineering,Un-Aided Autonomous,Unknown,LOPENS,82828,73.7482517,L,S,OPEN,B.Tech,2025,4
'01114,"Sipna Shikshan Prasarak Mandal College of Engineering & Technology, Amravati",'0111419110,Civil Engineering,Un-Aided Autonomous,Unknown,TFWS,82030,74.0630785,T,S,TFWS,B.Tech,2025,4
'01114,"Sipna Shikshan Prasarak Mandal College of Engineering & Technology, Amravati",'0111419110,Civil Engineering,Un-Aided Autonomous,Unknown,EWS,95093,69.3295893,E,S,EWS,B.Tech,2025,4
'01114,"Sipna Shikshan Prasarak Mandal College of Engineering & Technology, Amravati",'0111419110,Civil Engineering,Un-Aided Autonomous,Unknown,PWDOPENS,86873,72.6730266,P,S,PWD,B.Tech,2025,4
'01114,"Sipna Shikshan Prasarak Mandal College of Engineering & Technology, Amravati",'0111424210,Computer Science and Engineering,Un-Aided Autonomous,Unknown,GOPENS,36832,89.1476381,G,S,OPEN,B.Tech,2025,4
'01114,"Sipna Shikshan Prasarak Mandal College of Engineering & Technology, Amravati",'0111424210,Computer Science and Engineering,Un-Aided Autonomous,Unknown,GSCS,70649,78.4242636,G,S,SC,B.Tech,2025,4
'01114,"Sipna Shikshan Prasarak Mandal College of Engineering & Technology, Amravati",'0111424210,Computer Science and Engineering,Un-Aided Autonomous,Unknown,EWS,62875,81.0133535,E,S,EWS,B.Tech,2025,4
'01114,"Sipna Shikshan Prasarak Mandal College of Engineering & Technology, Amravati",'0111424210,Computer Science and Engineering,Un-Aided Autonomous,Unknown,PWDSEBCS,86978,72.3760958,P,S,PWD,B.Tech,2025,4
'01114,"Sipna Shikshan Prasarak Mandal College of Engineering & Technology, Amravati",'0111424610,Information Technology,Un-Aided Autonomous,Unknown,LOPENS,41723,87.6322867,L,S,OPEN,B.Tech,2025,4
'01114,"Sipna Shikshan Prasarak Mandal College of Engineering & Technology, Amravati",'0111424610,Information Technology,Un-Aided Autonomous,Unknown,LSEBCS,144941,46.3957696,L,S,SEBC,B.Tech,2025,4
'01114,"Sipna Shikshan Prasarak Mandal College of Engineering & Technology, Amravati",'0111437210,Electronics and Telecommunication Engg,Un-Aided Autonomous,Unknown,GOPENS,69385,78.6167398,G,S,OPEN,B.Tech,2025,4
'01114,"Sipna Shikshan Prasarak Mandal College of Engineering & Technology, Amravati",'0111437210,Electronics and Telecommunication Engg,Un-Aided Autonomous,Unknown,GNT1S,102235,66.3866132,G,S,NT1,B.Tech,2025,4
'01114,"Sipna Shikshan Prasarak Mandal College of Engineering & Technology, Amravati",'0111437210,Electronics and Telecommunication Engg,Un-Aided Autonomous,Unknown,LOBCS,57409,82.7776620,L,S,OBC,B.Tech,2025,4
'01114,"Sipna Shikshan Prasarak Mandal College of Engineering & Technology, Amravati",'0111437210,Electronics and Telecommunication Engg,Un-Aided Autonomous,Unknown,LSEBCS,148133,43.9154166,L,S,SEBC,B.Tech,2025,4
'01114,"Sipna Shikshan Prasarak Mandal College of Engineering & Technology, Amravati",'0111437210,Electronics and Telecommunication Engg,Un-Aided Autonomous,Unknown,PWDSCS,82728,73.7482517,P,S,PWD,B.Tech,2025,4
'01114,"Sipna Shikshan Prasarak Mandal College of Engineering & Technology, Amravati",'0111461210,Mechanical Engineering,Un-Aided Autonomous,Unknown,GOPENS,92363,70.5072010,G,S,OPEN,B.Tech,2025,4
'01114,"Sipna Shikshan Prasarak Mandal College of Engineering & Technology, Amravati",'0111461210,Mechanical Engineering,Un-Aided Autonomous,Unknown,LOPENS,89912,71.4842352,L,S,OPEN,B.Tech,2025,4
'01114,"Sipna Shikshan Prasarak Mandal College of Engineering & Technology, Amravati",'0111461210,Mechanical Engineering,Un-Aided Autonomous,Unknown,TFWS,104304,65.8462319,T,S,TFWS,B.Tech,2025,4
'01114,"Sipna Shikshan Prasarak Mandal College of Engineering & Technology, Amravati",'0111461210,Mechanical Engineering,Un-Aided Autonomous,Unknown,DEFOPENS,94427,69.4936445,D,S,OPEN,B.Tech,2025,4
'01114,"Sipna Shikshan Prasarak Mandal College of Engineering & Technology, Amravati",'0111461210,Mechanical Engineering,Un-Aided Autonomous,Unknown,GSEBCS,95046,69.3295893,G,S,SEBC,B.Tech,2025,4
'01116,"Shri Shivaji Education Society's College of Engineering and Technology, Akola",'0111619110,Civil Engineering,Un-Aided,Unknown,GOPENH,126408,55.6405756,G,H,OPEN,B.Tech,2025,4
'01116,"Shri Shivaji Education Society's College of Engineering and Technology, Akola",'0111619110,Civil Engineering,Un-Aided,Unknown,GOBCH,128218,54.5872518,G,H,OBC,B.Tech,2025,4
'01116,"Shri Shivaji Education Society's College of Engineering and Technology, Akola",'0111619110,Civil Engineering,Un-Aided,Unknown,GNT2H,137020,50.5909012,G,H,NT2,B.Tech,2025,4
'01116,"Shri Shivaji Education Society's College of Engineering and Technology, Akola",'0111619110,Civil Engineering,Un-Aided,Unknown,GSEBCH,135207,51.1762787,G,H,SEBC,B.Tech,2025,4
'01116,"Shri Shivaji Education Society's College of Engineering and Technology, Akola",'0111619110,Civil Engineering,Un-Aided,Unknown,LSTH,139462,49.3416227,L,H,ST,B.Tech,2025,4
'01116,"Shri Shivaji Education Society's College of Engineering and Technology, Akola",'0111624210,Computer Science and Engineering,Un-Aided,Unknown,GOPENH,89762,71.4842352,G,H,OPEN,B.Tech,2025,4
'01116,"Shri Shivaji Education Society's College of Engineering and Technology, Akola",'0111624210,Computer Science and Engineering,Un-Aided,Unknown,GSCH,104278,65.8462319,G,H,SC,B.Tech,2025,4
'01116,"Shri Shivaji Education Society's College of Engineering and Technology, Akola",'0111624210,Computer Science and Engineering,Un-Aided,Unknown,GOBCH,93488,70.2033567,G,H,OBC,B.Tech,2025,4
'01116,"Shri Shivaji Education Society's College of Engineering and Technology, Akola",'0111624210,Computer Science and Engineering,Un-Aided,Unknown,GSTH,93826,69.8941051,G,H,ST,B.Tech,2025,4
'01116,"Shri Shivaji Education Society's College of Engineering and Technology, Akola",'0111624210,Computer Science and Engineering,Un-Aided,Unknown,GSEBCH,96628,68.8687467,G,H,SEBC,B.Tech,2025,4
'01116,"Shri Shivaji Education Society's College of Engineering and Technology, Akola",'0111624610,Information Technology,Un-Aided,Unknown,GOPENH,112521,62.1365556,G,H,OPEN,B.Tech,2025,4
'01116,"Shri Shivaji Education Society's College of Engineering and Technology, Akola",'0111624610,Information Technology,Un-Aided,Unknown,GOBCH,112817,62.0615406,G,H,OBC,B.Tech,2025,4
'01116,"Shri Shivaji Education Society's College of Engineering and Technology, Akola",'0111624610,Information Technology,Un-Aided,Unknown,LOPENH,110812,63.2000580,L,H,OPEN,B.Tech,2025,4
'01116,"Shri Shivaji Education Society's College of Engineering and Technology, Akola",'0111624610,Information Technology,Un-Aided,Unknown,LOBCH,111797,62.1412608,L,H,OBC,B.Tech,2025,4
'01116,"Shri Shivaji Education Society's College of Engineering and Technology, Akola",'0111650710,Chemical Engineering,Un-Aided,Unknown,GOPENH,152045,42.6339209,G,H,OPEN,B.Tech,2025,4
'01116,"Shri Shivaji Education Society's College of Engineering and Technology, Akola",'0111650710,Chemical Engineering,Un-Aided,Unknown,LOPENH,106398,64.7131860,L,H,OPEN,B.Tech,2025,4
'01116,"Shri Shivaji Education Society's College of Engineering and Technology, Akola",'0111661210,Mechanical Engineering,Un-Aided,Unknown,GOPENH,128437,54.5739657,G,H,OPEN,B.Tech,2025,4
'01116,"Shri Shivaji Education Society's College of Engineering and Technology, Akola",'0111661210,Mechanical Engineering,Un-Aided,Unknown,GOBCH,132270,53.2228937,G,H,OBC,B.Tech,2025,4
'01116,"Shri Shivaji Education Society's College of Engineering and Technology, Akola",'0111661210,Mechanical Engineering,Un-Aided,Unknown,LOPENH,129858,54.0903901,L,H,OPEN,B.Tech,2025,4
'01116,"Shri Shivaji Education Society's College of Engineering and Technology, Akola",'0111661210,Mechanical Engineering,Un-Aided,Unknown,LSCH,150578,43.1964993,L,H,SC,B.Tech,2025,4
'01117,"Janata Shikshan Prasarak Mandal’s Babasaheb Naik College Of Engineering, Pusad",'0111719110,Civil Engineering,Un-Aided,Unknown,GOBCH,166342,32.5451434,G,H,OBC,B.Tech,2025,4
'01117,"Janata Shikshan Prasarak Mandal’s Babasaheb Naik College Of Engineering, Pusad",'0111719110,Civil Engineering,Un-Aided,Unknown,LOBCH,138001,49.7291102,L,H,OBC,B.Tech,2025,4
'01117,"Janata Shikshan Prasarak Mandal’s Babasaheb Naik College Of Engineering, Pusad",'0111724210,Computer Science and Engineering,Un-Aided,Unknown,GOPENH,80025,75.1927485,G,H,OPEN,B.Tech,2025,4
'01117,"Janata Shikshan Prasarak Mandal’s Babasaheb Naik College Of Engineering, Pusad",'0111724210,Computer Science and Engineering,Un-Aided,Unknown,LOPENH,71367,78.2396759,L,H,OPEN,B.Tech,2025,4
'01117,"Janata Shikshan Prasarak Mandal’s Babasaheb Naik College Of Engineering, Pusad",'0111724210,Computer Science and Engineering,Un-Aided,Unknown,GSTH,102749,66.2972028,G,H,ST,B.Tech,2025,4
'01117,"Janata Shikshan Prasarak Mandal’s Babasaheb Naik College Of Engineering, Pusad",'0111724210,Computer Science and Engineering,Un-Aided,Unknown,GNT3H,100623,67.1459332,G,H,NT3,B.Tech,2025,4
'01117,"Janata Shikshan Prasarak Mandal’s Babasaheb Naik College Of Engineering, Pusad",'0111735610,Electrical Engg[Electronics and Power],Un-Aided,Unknown,GOBCH,178852,23.4701479,G,H,OBC,B.Tech,2025,4
'01117,"Janata Shikshan Prasarak Mandal’s Babasaheb Naik College Of Engineering, Pusad",'0111761210,Mechanical Engineering,Un-Aided,Unknown,GOPENH,136763,50.5909012,G,H,OPEN,B.Tech,2025,4
'01117,"Janata Shikshan Prasarak Mandal’s Babasaheb Naik College Of Engineering, Pusad",'0111761210,Mechanical Engineering,Un-Aided,Unknown,LOBCH,180977,22.1118881,L,H,OBC,B.Tech,2025,4
'01117,"Janata Shikshan Prasarak Mandal’s Babasaheb Naik College Of Engineering, Pusad",'0111761210,Mechanical Engineering,Un-Aided,Unknown,LSTH,153719,41.4020979,L,H,ST,B.Tech,2025,4
'01117,"Janata Shikshan Prasarak Mandal’s Babasaheb Naik College Of Engineering, Pusad",'0111799510,Artificial Intelligence and Data Science,Un-Aided,Unknown,GOPENO,174349,28.1994074,G,O,OPEN,B.Tech,2025,4
'01117,"Janata Shikshan Prasarak Mandal’s Babasaheb Naik College Of Engineering, Pusad",'0111799510,Artificial Intelligence and Data Science,Un-Aided,Unknown,GSTO,179475,22.9939635,G,O,ST,B.Tech,2025,4
'01119,ANURADHA COLLEGE OF ENGINEERING & TECHNOLOGY,'0111924210,Computer Science and Engineering,Un-Aided,Unknown,GSCH,155946,39.6653303,G,H,SC,B.Tech,2025,4
'01119,ANURADHA COLLEGE OF ENGINEERING & TECHNOLOGY,'0111924210,Computer Science and Engineering,Un-Aided,Unknown,LOPENH,96299,68.9620341,L,H,OPEN,B.Tech,2025,4
'01119,ANURADHA COLLEGE OF ENGINEERING & TECHNOLOGY,'0111924210,Computer Science and Engineering,Un-Aided,Unknown,GSTH,87300,72.1363369,G,H,ST,B.Tech,2025,4
'01119,ANURADHA COLLEGE OF ENGINEERING & TECHNOLOGY,'0111924610,Information Technology,Un-Aided,Unknown,GOPENH,91703,70.7504568,G,H,OPEN,B.Tech,2025,4
'01119,ANURADHA COLLEGE OF ENGINEERING & TECHNOLOGY,'0111924610,Information Technology,Un-Aided,Unknown,GSCH,186851,17.6786167,G,H,SC,B.Tech,2025,4
'01119,ANURADHA COLLEGE OF ENGINEERING & TECHNOLOGY,'0111924610,Information Technology,Un-Aided,Unknown,GOBCH,94986,69.4561708,G,H,OBC,B.Tech,2025,4
'01119,ANURADHA COLLEGE OF ENGINEERING & TECHNOLOGY,'0111924610,Information Technology,Un-Aided,Unknown,LSCH,183961,19.7061157,L,H,SC,B.Tech,2025,4
'01119,ANURADHA COLLEGE OF ENGINEERING & TECHNOLOGY,'0111937210,Electronics and Telecommunication Engg,Un-Aided,Unknown,GSCO,164197,35.1590106,G,O,SC,B.Tech,2025,4
'01119,ANURADHA COLLEGE OF ENGINEERING & TECHNOLOGY,'0111950710,Chemical Engineering,Un-Aided,Unknown,GOPENH,194683,10.4152841,G,H,OPEN,B.Tech,2025,4
'01119,ANURADHA COLLEGE OF ENGINEERING & TECHNOLOGY,'0111950710,Chemical Engineering,Un-Aided,Unknown,LOPENH,170101,29.8059527,L,H,OPEN,B.Tech,2025,4
'01119,ANURADHA COLLEGE OF ENGINEERING & TECHNOLOGY,'0111961210,Mechanical Engineering,Un-Aided,Unknown,GSCH,201776,2.6996938,G,H,SC,B.Tech,2025,4
'01119,ANURADHA COLLEGE OF ENGINEERING & TECHNOLOGY,'0111961210,Mechanical Engineering,Un-Aided,Unknown,GOBCH,152929,41.7471281,G,H,OBC,B.Tech,2025,4
'01119,ANURADHA COLLEGE OF ENGINEERING & TECHNOLOGY,'0111961210,Mechanical Engineering,Un-Aided,Unknown,LOPENH,137425,50.4913264,L,H,OPEN,B.Tech,2025,4
'01120,"Jawaharlal Darda Institute of Engineering and Technology, Yavatmal",'0112019110,Civil Engineering,Un-Aided Autonomous Linguistic Minority - Hindi,Unknown,GOPENS,105835,65.3084343,G,S,OPEN,B.Tech,2025,4
'01120,"Jawaharlal Darda Institute of Engineering and Technology, Yavatmal",'0112019110,Civil Engineering,Un-Aided Autonomous Linguistic Minority - Hindi,Unknown,MI,132723,52.8806012,M,I,MI,B.Tech,2025,4
'01120,"Jawaharlal Darda Institute of Engineering and Technology, Yavatmal",'0112024210,Computer Science and Engineering,Un-Aided Autonomous Linguistic Minority - Hindi,Unknown,GOPENS,69009,78.6729363,G,S,OPEN,B.Tech,2025,4
'01120,"Jawaharlal Darda Institute of Engineering and Technology, Yavatmal",'0112024210,Computer Science and Engineering,Un-Aided Autonomous Linguistic Minority - Hindi,Unknown,MI,193945,11.0553814,M,I,MI,B.Tech,2025,4
'01120,"Jawaharlal Darda Institute of Engineering and Technology, Yavatmal",'0112024210,Computer Science and Engineering,Un-Aided Autonomous Linguistic Minority - Hindi,Unknown,MI,74614,76.9213781,M,I,MI,B.Tech,2025,4
'01120,"Jawaharlal Darda Institute of Engineering and Technology, Yavatmal",'0112029310,Electrical Engineering,Un-Aided Autonomous Linguistic Minority - Hindi,Unknown,GOPENS,118966,59.1762367,G,S,OPEN,B.Tech,2025,4
'01120,"Jawaharlal Darda Institute of Engineering and Technology, Yavatmal",'0112029310,Electrical Engineering,Un-Aided Autonomous Linguistic Minority - Hindi,Unknown,LOPENS,98806,68.1164395,L,S,OPEN,B.Tech,2025,4
'01120,"Jawaharlal Darda Institute of Engineering and Technology, Yavatmal",'0112029310,Electrical Engineering,Un-Aided Autonomous Linguistic Minority - Hindi,Unknown,MI,128502,54.5739657,M,I,MI,B.Tech,2025,4
'01120,"Jawaharlal Darda Institute of Engineering and Technology, Yavatmal",'0112037210,Electronics and Telecommunication Engg,Un-Aided Autonomous Linguistic Minority - Hindi,Unknown,GOPENS,80403,75.1716925,G,S,OPEN,B.Tech,2025,4
'01120,"Jawaharlal Darda Institute of Engineering and Technology, Yavatmal",'0112037210,Electronics and Telecommunication Engg,Un-Aided Autonomous Linguistic Minority - Hindi,Unknown,MI,101039,66.9498069,M,I,MI,B.Tech,2025,4
'01120,"Jawaharlal Darda Institute of Engineering and Technology, Yavatmal",'0112061210,Mechanical Engineering,Un-Aided Autonomous Linguistic Minority - Hindi,Unknown,GOPENS,122657,57.5410529,G,S,OPEN,B.Tech,2025,4
'01120,"Jawaharlal Darda Institute of Engineering and Technology, Yavatmal",'0112061210,Mechanical Engineering,Un-Aided Autonomous Linguistic Minority - Hindi,Unknown,LOPENS,146021,45.8266058,L,S,OPEN,B.Tech,2025,4
'01120,"Jawaharlal Darda Institute of Engineering and Technology, Yavatmal",'0112061210,Mechanical Engineering,Un-Aided Autonomous Linguistic Minority - Hindi,Unknown,MI,123175,57.4376852,M,I,MI,B.Tech,2025,4
'01120,"Jawaharlal Darda Institute of Engineering and Technology, Yavatmal",'0112089310,Textile Engineering / Technology,Un-Aided Autonomous Linguistic Minority - Hindi,Unknown,GOPENS,156718,39.3601986,G,S,OPEN,B.Tech,2025,4
'01120,"Jawaharlal Darda Institute of Engineering and Technology, Yavatmal",'0112089310,Textile Engineering / Technology,Un-Aided Autonomous Linguistic Minority - Hindi,Unknown,MI,157207,39.3344201,M,I,MI,B.Tech,2025,4
'01121,"Shri Hanuman Vyayam Prasarak Mandals College of Engineering & Technology, Amravati",'0112124210,Computer Science and Engineering,Un-Aided,Unknown,GOPENH,73174,77.1631566,G,H,OPEN,B.Tech,2025,4
'01121,"Shri Hanuman Vyayam Prasarak Mandals College of Engineering & Technology, Amravati",'0112124210,Computer Science and Engineering,Un-Aided,Unknown,GNT2H,83250,73.6345056,G,H,NT2,B.Tech,2025,4
'01121,"Shri Hanuman Vyayam Prasarak Mandals College of Engineering & Technology, Amravati",'0112124210,Computer Science and Engineering,Un-Aided,Unknown,GOBCH,75679,76.7694659,G,H,OBC,B.Tech,2025,4
'01121,"Shri Hanuman Vyayam Prasarak Mandals College of Engineering & Technology, Amravati",'0112124610,Information Technology,Un-Aided,Unknown,GNT3H,158215,38.7925588,G,H,NT3,B.Tech,2025,4
'01121,"Shri Hanuman Vyayam Prasarak Mandals College of Engineering & Technology, Amravati",'0112137210,Electronics and Telecommunication Engg,Un-Aided,Unknown,GOPENH,82950,73.7482517,G,H,OPEN,B.Tech,2025,4
'01121,"Shri Hanuman Vyayam Prasarak Mandals College of Engineering & Technology, Amravati",'0112137210,Electronics and Telecommunication Engg,Un-Aided,Unknown,LOPENH,79142,75.3562654,L,H,OPEN,B.Tech,2025,4
'01121,"Shri Hanuman Vyayam Prasarak Mandals College of Engineering & Technology, Amravati",'0112137210,Electronics and Telecommunication Engg,Un-Aided,Unknown,LSCH,91405,70.7504568,L,H,SC,B.Tech,2025,4
'01121,"Shri Hanuman Vyayam Prasarak Mandals College of Engineering & Technology, Amravati",'0112161210,Mechanical Engineering,Un-Aided,Unknown,LOBCO,125008,56.5039753,L,O,OBC,B.Tech,2025,4
'01123,"Dr.Rajendra Gode Institute of Technology & Research, Amravati",'0112319110,Civil Engineering,Un-Aided,Unknown,GOBCH,105458,65.3084343,G,H,OBC,B.Tech,2025,4
'01123,"Dr.Rajendra Gode Institute of Technology & Research, Amravati",'0112319110,Civil Engineering,Un-Aided,Unknown,LOPENH,106297,64.7148712,L,H,OPEN,B.Tech,2025,4
'01123,"Dr.Rajendra Gode Institute of Technology & Research, Amravati",'0112324210,Computer Science and Engineering,Un-Aided,Unknown,GOPENH,86790,72.6730266,G,H,OPEN,B.Tech,2025,4
'01123,"Dr.Rajendra Gode Institute of Technology & Research, Amravati",'0112324210,Computer Science and Engineering,Un-Aided,Unknown,GVJH,139921,49.2256217,G,H,VJ,B.Tech,2025,4
'01123,"Dr.Rajendra Gode Institute of Technology & Research, Amravati",'0112324210,Computer Science and Engineering,Un-Aided,Unknown,GOBCH,90200,71.4755245,G,H,OBC,B.Tech,2025,4
'01123,"Dr.Rajendra Gode Institute of Technology & Research, Amravati",'0112324210,Computer Science and Engineering,Un-Aided,Unknown,LNT1H,122857,57.4376852,L,H,NT1,B.Tech,2025,4
'01123,"Dr.Rajendra Gode Institute of Technology & Research, Amravati",'0112324210,Computer Science and Engineering,Un-Aided,Unknown,LSTH,88541,71.8197195,L,H,ST,B.Tech,2025,4
'01123,"Dr.Rajendra Gode Institute of Technology & Research, Amravati",'0112337210,Electronics and Telecommunication Engg,Un-Aided,Unknown,GOPENH,94293,69.4936445,G,H,OPEN,B.Tech,2025,4
'01123,"Dr.Rajendra Gode Institute of Technology & Research, Amravati",'0112337210,Electronics and Telecommunication Engg,Un-Aided,Unknown,GSCH,109600,63.3986014,G,H,SC,B.Tech,2025,4
'01123,"Dr.Rajendra Gode Institute of Technology & Research, Amravati",'0112337210,Electronics and Telecommunication Engg,Un-Aided,Unknown,GNT2H,122040,57.6249683,G,H,NT2,B.Tech,2025,4
'01123,"Dr.Rajendra Gode Institute of Technology & Research, Amravati",'0112337210,Electronics and Telecommunication Engg,Un-Aided,Unknown,GOBCH,99506,67.8236662,G,H,OBC,B.Tech,2025,4
'01123,"Dr.Rajendra Gode Institute of Technology & Research, Amravati",'0112337210,Electronics and Telecommunication Engg,Un-Aided,Unknown,LOPENH,94322,69.4936445,L,H,OPEN,B.Tech,2025,4
'01123,"Dr.Rajendra Gode Institute of Technology & Research, Amravati",'0112337210,Electronics and Telecommunication Engg,Un-Aided,Unknown,GSEBCH,101010,66.9498069,G,H,SEBC,B.Tech,2025,4
'01123,"Dr.Rajendra Gode Institute of Technology & Research, Amravati",'0112356810,Computer Science and Information Technology,Un-Aided,Unknown,GOPENO,123278,57.4017459,G,O,OPEN,B.Tech,2025,4
'01123,"Dr.Rajendra Gode Institute of Technology & Research, Amravati",'0112356810,Computer Science and Information Technology,Un-Aided,Unknown,GSEBCO,148538,43.7443400,G,O,SEBC,B.Tech,2025,4
'01123,"Dr.Rajendra Gode Institute of Technology & Research, Amravati",'0112361210,Mechanical Engineering,Un-Aided,Unknown,GOPENH,112322,62.1365556,G,H,OPEN,B.Tech,2025,4
'01123,"Dr.Rajendra Gode Institute of Technology & Research, Amravati",'0112361210,Mechanical Engineering,Un-Aided,Unknown,GSCH,121013,58.2180677,G,H,SC,B.Tech,2025,4
'01123,"Dr.Rajendra Gode Institute of Technology & Research, Amravati",'0112361210,Mechanical Engineering,Un-Aided,Unknown,LOPENH,115146,60.8775137,L,H,OPEN,B.Tech,2025,4
'01123,"Dr.Rajendra Gode Institute of Technology & Research, Amravati",'0112361210,Mechanical Engineering,Un-Aided,Unknown,PWDOPENH,117936,59.9607019,P,H,PWD,B.Tech,2025,4
'01123,"Dr.Rajendra Gode Institute of Technology & Research, Amravati",'0112361210,Mechanical Engineering,Un-Aided,Unknown,GSTH,113359,61.7969670,G,H,ST,B.Tech,2025,4
'01123,"Dr.Rajendra Gode Institute of Technology & Research, Amravati",'0112399510,Artificial Intelligence and Data Science,Un-Aided,Unknown,GOPENH,89283,71.5830116,G,H,OPEN,B.Tech,2025,4
'01123,"Dr.Rajendra Gode Institute of Technology & Research, Amravati",'0112399510,Artificial Intelligence and Data Science,Un-Aided,Unknown,GSCH,116050,60.4378874,G,H,SC,B.Tech,2025,4
'01123,"Dr.Rajendra Gode Institute of Technology & Research, Amravati",'0112399510,Artificial Intelligence and Data Science,Un-Aided,Unknown,LOPENH,76201,76.6755200,L,H,OPEN,B.Tech,2025,4
'01123,"Dr.Rajendra Gode Institute of Technology & Research, Amravati",'0112399510,Artificial Intelligence and Data Science,Un-Aided,Unknown,PWDOBCH,92052,70.6189283,P,H,PWD,B.Tech,2025,4
'01125,"Dwarka Bahu Uddeshiya Gramin Vikas Foundation, Rajarshi Shahu College of Engineering, Buldhana",'0112519110,Civil Engineering,Un-Aided,Unknown,GOPENH,180274,22.4248107,G,H,OPEN,B.Tech,2025,4
'01125,"Dwarka Bahu Uddeshiya Gramin Vikas Foundation, Rajarshi Shahu College of Engineering, Buldhana",'0112519110,Civil Engineering,Un-Aided,Unknown,GOBCH,193522,11.4786688,G,H,OBC,B.Tech,2025,4
'01125,"Dwarka Bahu Uddeshiya Gramin Vikas Foundation, Rajarshi Shahu College of Engineering, Buldhana",'0112519110,Civil Engineering,Un-Aided,Unknown,GSEBCH,201943,2.5131625,G,H,SEBC,B.Tech,2025,4
'01125,"Dwarka Bahu Uddeshiya Gramin Vikas Foundation, Rajarshi Shahu College of Engineering, Buldhana",'0112519110,Civil Engineering,Un-Aided,Unknown,LOPENH,140327,49.1540892,L,H,OPEN,B.Tech,2025,4
'01125,"Dwarka Bahu Uddeshiya Gramin Vikas Foundation, Rajarshi Shahu College of Engineering, Buldhana",'0112519110,Civil Engineering,Un-Aided,Unknown,LOBCH,198143,6.9235509,L,H,OBC,B.Tech,2025,4
'01125,"Dwarka Bahu Uddeshiya Gramin Vikas Foundation, Rajarshi Shahu College of Engineering, Buldhana",'0112519110,Civil Engineering,Un-Aided,Unknown,PWDOBCH,183852,19.7061157,P,H,PWD,B.Tech,2025,4
'01125,"Dwarka Bahu Uddeshiya Gramin Vikas Foundation, Rajarshi Shahu College of Engineering, Buldhana",'0112524210,Computer Science and Engineering,Un-Aided,Unknown,GOPENH,131505,53.2657343,G,H,OPEN,B.Tech,2025,4
'01125,"Dwarka Bahu Uddeshiya Gramin Vikas Foundation, Rajarshi Shahu College of Engineering, Buldhana",'0112524210,Computer Science and Engineering,Un-Aided,Unknown,LOPENH,145941,45.9245973,L,H,OPEN,B.Tech,2025,4
'01125,"Dwarka Bahu Uddeshiya Gramin Vikas Foundation, Rajarshi Shahu College of Engineering, Buldhana",'0112524210,Computer Science and Engineering,Un-Aided,Unknown,LOBCH,151198,42.9247346,L,H,OBC,B.Tech,2025,4
'01125,"Dwarka Bahu Uddeshiya Gramin Vikas Foundation, Rajarshi Shahu College of Engineering, Buldhana",'0112524210,Computer Science and Engineering,Un-Aided,Unknown,GSEBCH,149469,43.5338318,G,H,SEBC,B.Tech,2025,4
'01125,"Dwarka Bahu Uddeshiya Gramin Vikas Foundation, Rajarshi Shahu College of Engineering, Buldhana",'0112524210,Computer Science and Engineering,Un-Aided,Unknown,LSEBCH,114755,60.9090909,L,H,SEBC,B.Tech,2025,4
'01125,"Dwarka Bahu Uddeshiya Gramin Vikas Foundation, Rajarshi Shahu College of Engineering, Buldhana",'0112526310,Artificial Intelligence (AI) and Data Science,Un-Aided,Unknown,GOPENH,134088,51.7009371,G,H,OPEN,B.Tech,2025,4
'01125,"Dwarka Bahu Uddeshiya Gramin Vikas Foundation, Rajarshi Shahu College of Engineering, Buldhana",'0112526310,Artificial Intelligence (AI) and Data Science,Un-Aided,Unknown,PWDOBCH,142204,47.7841578,P,H,PWD,B.Tech,2025,4
'01125,"Dwarka Bahu Uddeshiya Gramin Vikas Foundation, Rajarshi Shahu College of Engineering, Buldhana",'0112526310,Artificial Intelligence (AI) and Data Science,Un-Aided,Unknown,LSEBCH,152532,42.2674623,L,H,SEBC,B.Tech,2025,4
'01125,"Dwarka Bahu Uddeshiya Gramin Vikas Foundation, Rajarshi Shahu College of Engineering, Buldhana",'0112529310,Electrical Engineering,Un-Aided,Unknown,GOPENO,181949,21.6174291,G,O,OPEN,B.Tech,2025,4
'01125,"Dwarka Bahu Uddeshiya Gramin Vikas Foundation, Rajarshi Shahu College of Engineering, Buldhana",'0112529310,Electrical Engineering,Un-Aided,Unknown,GOBCO,188772,15.8201150,G,O,OBC,B.Tech,2025,4
'01125,"Dwarka Bahu Uddeshiya Gramin Vikas Foundation, Rajarshi Shahu College of Engineering, Buldhana",'0112529310,Electrical Engineering,Un-Aided,Unknown,LOPENO,151138,42.9247346,L,O,OPEN,B.Tech,2025,4
'01125,"Dwarka Bahu Uddeshiya Gramin Vikas Foundation, Rajarshi Shahu College of Engineering, Buldhana",'0112561210,Mechanical Engineering,Un-Aided,Unknown,GOPENH,192132,12.9554081,G,H,OPEN,B.Tech,2025,4
'01125,"Dwarka Bahu Uddeshiya Gramin Vikas Foundation, Rajarshi Shahu College of Engineering, Buldhana",'0112561210,Mechanical Engineering,Un-Aided,Unknown,LOPENH,197366,7.7370436,L,H,OPEN,B.Tech,2025,4
'01126,"Takshashila Institute of Engineering & Technology, Darapur, Amravati",'0112619110,Civil Engineering,Un-Aided,Unknown,GSCH,169651,31.5596589,G,H,SC,B.Tech,2025,4
'01126,"Takshashila Institute of Engineering & Technology, Darapur, Amravati",'0112619110,Civil Engineering,Un-Aided,Unknown,LOPENH,159386,37.6293706,L,H,OPEN,B.Tech,2025,4
'01126,"Takshashila Institute of Engineering & Technology, Darapur, Amravati",'0112619110,Civil Engineering,Un-Aided,Unknown,PWDOPENH,139884,49.2256217,P,H,PWD,B.Tech,2025,4
'01126,"Takshashila Institute of Engineering & Technology, Darapur, Amravati",'0112619110,Civil Engineering,Un-Aided,Unknown,PWDOBCH,153423,41.4020979,P,H,PWD,B.Tech,2025,4
'01126,"Takshashila Institute of Engineering & Technology, Darapur, Amravati",'0112619110,Civil Engineering,Un-Aided,Unknown,GSTH,161563,36.0836122,G,H,ST,B.Tech,2025,4
'01126,"Takshashila Institute of Engineering & Technology, Darapur, Amravati",'0112619110,Civil Engineering,Un-Aided,Unknown,GNT3H,176242,25.5643537,G,H,NT3,B.Tech,2025,4
'01126,"Takshashila Institute of Engineering & Technology, Darapur, Amravati",'0112619110,Civil Engineering,Un-Aided,Unknown,GSEBCH,173176,28.4151863,G,H,SEBC,B.Tech,2025,4
'01126,"Takshashila Institute of Engineering & Technology, Darapur, Amravati",'0112619110,Civil Engineering,Un-Aided,Unknown,LVJH,172940,28.4151863,L,H,VJ,B.Tech,2025,4
'01126,"Takshashila Institute of Engineering & Technology, Darapur, Amravati",'0112619110,Civil Engineering,Un-Aided,Unknown,LSEBCH,181847,21.6174291,L,H,SEBC,B.Tech,2025,4
'01126,"Takshashila Institute of Engineering & Technology, Darapur, Amravati",'0112624210,Computer Science and Engineering,Un-Aided,Unknown,GOPENH,134968,51.1762787,G,H,OPEN,B.Tech,2025,4
'01126,"Takshashila Institute of Engineering & Technology, Darapur, Amravati",'0112624210,Computer Science and Engineering,Un-Aided,Unknown,GVJH,175965,25.7272727,G,H,VJ,B.Tech,2025,4
'01126,"Takshashila Institute of Engineering & Technology, Darapur, Amravati",'0112624210,Computer Science and Engineering,Un-Aided,Unknown,LOPENH,94675,69.4561708,L,H,OPEN,B.Tech,2025,4
'01126,"Takshashila Institute of Engineering & Technology, Darapur, Amravati",'0112624210,Computer Science and Engineering,Un-Aided,Unknown,LVJH,160566,36.1811489,L,H,VJ,B.Tech,2025,4
'01126,"Takshashila Institute of Engineering & Technology, Darapur, Amravati",'0112624210,Computer Science and Engineering,Un-Aided,Unknown,LOBCH,116059,60.4378874,L,H,OBC,B.Tech,2025,4
'01126,"Takshashila Institute of Engineering & Technology, Darapur, Amravati",'0112624210,Computer Science and Engineering,Un-Aided,Unknown,GNT3H,137541,50.3223138,G,H,NT3,B.Tech,2025,4
'01126,"Takshashila Institute of Engineering & Technology, Darapur, Amravati",'0112624210,Computer Science and Engineering,Un-Aided,Unknown,LSTH,127511,55.2744499,L,H,ST,B.Tech,2025,4
'01126,"Takshashila Institute of Engineering & Technology, Darapur, Amravati",'0112624210,Computer Science and Engineering,Un-Aided,Unknown,LSEBCH,128450,54.5739657,L,H,SEBC,B.Tech,2025,4
'01126,"Takshashila Institute of Engineering & Technology, Darapur, Amravati",'0112624210,Computer Science and Engineering,Un-Aided,Unknown,PWDSEBCH,128189,54.5872518,P,H,PWD,B.Tech,2025,4
'01126,"Takshashila Institute of Engineering & Technology, Darapur, Amravati",'0112629310,Electrical Engineering,Un-Aided,Unknown,GOPENH,144021,46.7613499,G,H,OPEN,B.Tech,2025,4
'01126,"Takshashila Institute of Engineering & Technology, Darapur, Amravati",'0112629310,Electrical Engineering,Un-Aided,Unknown,GOBCH,147847,44.2599775,G,H,OBC,B.Tech,2025,4
'01126,"Takshashila Institute of Engineering & Technology, Darapur, Amravati",'0112629310,Electrical Engineering,Un-Aided,Unknown,LOPENH,166694,32.4837011,L,H,OPEN,B.Tech,2025,4
'01126,"Takshashila Institute of Engineering & Technology, Darapur, Amravati",'0112629310,Electrical Engineering,Un-Aided,Unknown,LOBCH,175033,26.6274079,L,H,OBC,B.Tech,2025,4
'01126,"Takshashila Institute of Engineering & Technology, Darapur, Amravati",'0112629310,Electrical Engineering,Un-Aided,Unknown,PWDOPENH,165662,32.6791073,P,H,PWD,B.Tech,2025,4
'01126,"Takshashila Institute of Engineering & Technology, Darapur, Amravati",'0112629310,Electrical Engineering,Un-Aided,Unknown,PWDOBCH,138367,49.7291102,P,H,PWD,B.Tech,2025,4
'01126,"Takshashila Institute of Engineering & Technology, Darapur, Amravati",'0112629310,Electrical Engineering,Un-Aided,Unknown,GSEBCH,151888,42.6339209,G,H,SEBC,B.Tech,2025,4
'01126,"Takshashila Institute of Engineering & Technology, Darapur, Amravati",'0112629310,Electrical Engineering,Un-Aided,Unknown,LSTH,168500,32.0008834,L,H,ST,B.Tech,2025,4
'01126,"Takshashila Institute of Engineering & Technology, Darapur, Amravati",'0112661210,Mechanical Engineering,Un-Aided,Unknown,GOPENH,150680,43.0314730,G,H,OPEN,B.Tech,2025,4
'01126,"Takshashila Institute of Engineering & Technology, Darapur, Amravati",'0112661210,Mechanical Engineering,Un-Aided,Unknown,GSCH,191588,13.2717448,G,H,SC,B.Tech,2025,4
'01126,"Takshashila Institute of Engineering & Technology, Darapur, Amravati",'0112661210,Mechanical Engineering,Un-Aided,Unknown,LSCH,198250,6.6801689,L,H,SC,B.Tech,2025,4
'01126,"Takshashila Institute of Engineering & Technology, Darapur, Amravati",'0112661210,Mechanical Engineering,Un-Aided,Unknown,LOBCH,150112,43.4652257,L,H,OBC,B.Tech,2025,4
'01126,"Takshashila Institute of Engineering & Technology, Darapur, Amravati",'0112661210,Mechanical Engineering,Un-Aided,Unknown,PWDOBCH,200833,3.7828281,P,H,PWD,B.Tech,2025,4
'01126,"Takshashila Institute of Engineering & Technology, Darapur, Amravati",'0112661210,Mechanical Engineering,Un-Aided,Unknown,GSTH,193135,11.7097752,G,H,ST,B.Tech,2025,4
'01126,"Takshashila Institute of Engineering & Technology, Darapur, Amravati",'0112661210,Mechanical Engineering,Un-Aided,Unknown,GSEBCH,185604,18.6473767,G,H,SEBC,B.Tech,2025,4
'01126,"Takshashila Institute of Engineering & Technology, Darapur, Amravati",'0112661210,Mechanical Engineering,Un-Aided,Unknown,LSEBCH,169988,30.2606300,L,H,SEBC,B.Tech,2025,4
'01126,"Takshashila Institute of Engineering & Technology, Darapur, Amravati",'0112684410,Electronics and Computer Engineering,Un-Aided,Unknown,LOPENH,149686,43.5338318,L,H,OPEN,B.Tech,2025,4
'01126,"Takshashila Institute of Engineering & Technology, Darapur, Amravati",'0112684410,Electronics and Computer Engineering,Un-Aided,Unknown,GVJH,147554,44.5303298,G,H,VJ,B.Tech,2025,4
'01126,"Takshashila Institute of Engineering & Technology, Darapur, Amravati",'0112684410,Electronics and Computer Engineering,Un-Aided,Unknown,GNT2H,162673,35.7798895,G,H,NT2,B.Tech,2025,4
'01126,"Takshashila Institute of Engineering & Technology, Darapur, Amravati",'0112684410,Electronics and Computer Engineering,Un-Aided,Unknown,GSEBCH,140085,49.2256217,G,H,SEBC,B.Tech,2025,4
'01127,"Jagadambha Bahuuddeshiya Gramin Vikas Sanstha's Jagdambha College of Engineering and Technology, Yavatmal",'0112719110,Civil Engineering,Un-Aided Autonomous,Unknown,LOBCS,159265,37.6293706,L,S,OBC,B.Tech,2025,4
'01127,"Jagadambha Bahuuddeshiya Gramin Vikas Sanstha's Jagdambha College of Engineering and Technology, Yavatmal",'0112724210,Computer Science and Engineering,Un-Aided Autonomous,Unknown,GOPENS,100856,66.9498069,G,S,OPEN,B.Tech,2025,4
'01127,"Jagadambha Bahuuddeshiya Gramin Vikas Sanstha's Jagdambha College of Engineering and Technology, Yavatmal",'0112724210,Computer Science and Engineering,Un-Aided Autonomous,Unknown,GOBCS,102535,66.3795642,G,S,OBC,B.Tech,2025,4
'01127,"Jagadambha Bahuuddeshiya Gramin Vikas Sanstha's Jagdambha College of Engineering and Technology, Yavatmal",'0112724210,Computer Science and Engineering,Un-Aided Autonomous,Unknown,GSEBCS,193211,11.6988417,G,S,SEBC,B.Tech,2025,4
'01127,"Jagadambha Bahuuddeshiya Gramin Vikas Sanstha's Jagdambha College of Engineering and Technology, Yavatmal",'0112724210,Computer Science and Engineering,Un-Aided Autonomous,Unknown,LSCS,96962,68.8687467,L,S,SC,B.Tech,2025,4
'01127,"Jagadambha Bahuuddeshiya Gramin Vikas Sanstha's Jagdambha College of Engineering and Technology, Yavatmal",'0112724210,Computer Science and Engineering,Un-Aided Autonomous,Unknown,EWS,116754,60.4221150,E,S,EWS,B.Tech,2025,4
'01127,"Jagadambha Bahuuddeshiya Gramin Vikas Sanstha's Jagdambha College of Engineering and Technology, Yavatmal",'0112724210,Computer Science and Engineering,Un-Aided Autonomous,Unknown,PWDSCS,121837,57.8195751,P,S,PWD,B.Tech,2025,4
'01127,"Jagadambha Bahuuddeshiya Gramin Vikas Sanstha's Jagdambha College of Engineering and Technology, Yavatmal",'0112724210,Computer Science and Engineering,Un-Aided Autonomous,Unknown,ORPHAN,102752,66.2972028,O,N,ORPHAN,B.Tech,2025,4
'01127,"Jagadambha Bahuuddeshiya Gramin Vikas Sanstha's Jagdambha College of Engineering and Technology, Yavatmal",'0112724510,Computer Engineering,Un-Aided Autonomous,Unknown,GOPENS,121435,58.2180677,G,S,OPEN,B.Tech,2025,4
'01127,"Jagadambha Bahuuddeshiya Gramin Vikas Sanstha's Jagdambha College of Engineering and Technology, Yavatmal",'0112724510,Computer Engineering,Un-Aided Autonomous,Unknown,GOBCS,127472,55.2744499,G,S,OBC,B.Tech,2025,4
'01127,"Jagadambha Bahuuddeshiya Gramin Vikas Sanstha's Jagdambha College of Engineering and Technology, Yavatmal",'0112724510,Computer Engineering,Un-Aided Autonomous,Unknown,GSEBCS,201420,3.1812183,G,S,SEBC,B.Tech,2025,4
'01127,"Jagadambha Bahuuddeshiya Gramin Vikas Sanstha's Jagdambha College of Engineering and Technology, Yavatmal",'0112724510,Computer Engineering,Un-Aided Autonomous,Unknown,LOPENS,110212,63.2914656,L,S,OPEN,B.Tech,2025,4
'01127,"Jagadambha Bahuuddeshiya Gramin Vikas Sanstha's Jagdambha College of Engineering and Technology, Yavatmal",'0112724510,Computer Engineering,Un-Aided Autonomous,Unknown,TFWS,137095,50.4913264,T,S,TFWS,B.Tech,2025,4
'01127,"Jagadambha Bahuuddeshiya Gramin Vikas Sanstha's Jagdambha College of Engineering and Technology, Yavatmal",'0112724510,Computer Engineering,Un-Aided Autonomous,Unknown,DEFOPENS,119995,58.8525307,D,S,OPEN,B.Tech,2025,4
'01127,"Jagadambha Bahuuddeshiya Gramin Vikas Sanstha's Jagdambha College of Engineering and Technology, Yavatmal",'0112724510,Computer Engineering,Un-Aided Autonomous,Unknown,DEFOBCS,127597,55.1895416,D,S,OBC,B.Tech,2025,4
'01127,"Jagadambha Bahuuddeshiya Gramin Vikas Sanstha's Jagdambha College of Engineering and Technology, Yavatmal",'0112724510,Computer Engineering,Un-Aided Autonomous,Unknown,PWDOPENS,107107,64.3871019,P,S,PWD,B.Tech,2025,4
'01127,"Jagadambha Bahuuddeshiya Gramin Vikas Sanstha's Jagdambha College of Engineering and Technology, Yavatmal",'0112724510,Computer Engineering,Un-Aided Autonomous,Unknown,LSEBCS,118272,59.3210117,L,S,SEBC,B.Tech,2025,4
'01127,"Jagadambha Bahuuddeshiya Gramin Vikas Sanstha's Jagdambha College of Engineering and Technology, Yavatmal",'0112729310,Electrical Engineering,Un-Aided Autonomous,Unknown,GOPENS,138652,49.6043895,G,S,OPEN,B.Tech,2025,4
'01127,"Jagadambha Bahuuddeshiya Gramin Vikas Sanstha's Jagdambha College of Engineering and Technology, Yavatmal",'0112729310,Electrical Engineering,Un-Aided Autonomous,Unknown,GSCS,140674,48.5587427,G,S,SC,B.Tech,2025,4
'01127,"Jagadambha Bahuuddeshiya Gramin Vikas Sanstha's Jagdambha College of Engineering and Technology, Yavatmal",'0112729310,Electrical Engineering,Un-Aided Autonomous,Unknown,GSEBCS,165191,33.4650350,G,S,SEBC,B.Tech,2025,4
'01127,"Jagadambha Bahuuddeshiya Gramin Vikas Sanstha's Jagdambha College of Engineering and Technology, Yavatmal",'0112729310,Electrical Engineering,Un-Aided Autonomous,Unknown,DEFOBCS,144053,46.7613499,D,S,OBC,B.Tech,2025,4
'01127,"Jagadambha Bahuuddeshiya Gramin Vikas Sanstha's Jagdambha College of Engineering and Technology, Yavatmal",'0112737210,Electronics and Telecommunication Engg,Un-Aided Autonomous,Unknown,GOBCS,123249,57.4017459,G,S,OBC,B.Tech,2025,4
'01127,"Jagadambha Bahuuddeshiya Gramin Vikas Sanstha's Jagdambha College of Engineering and Technology, Yavatmal",'0112737210,Electronics and Telecommunication Engg,Un-Aided Autonomous,Unknown,LOPENS,108903,63.5767823,L,S,OPEN,B.Tech,2025,4
'01127,"Jagadambha Bahuuddeshiya Gramin Vikas Sanstha's Jagdambha College of Engineering and Technology, Yavatmal",'0112737210,Electronics and Telecommunication Engg,Un-Aided Autonomous,Unknown,TFWS,69456,78.6137148,T,S,TFWS,B.Tech,2025,4
'01127,"Jagadambha Bahuuddeshiya Gramin Vikas Sanstha's Jagdambha College of Engineering and Technology, Yavatmal",'0112737210,Electronics and Telecommunication Engg,Un-Aided Autonomous,Unknown,EWS,184850,19.1697794,E,S,EWS,B.Tech,2025,4
'01127,"Jagadambha Bahuuddeshiya Gramin Vikas Sanstha's Jagdambha College of Engineering and Technology, Yavatmal",'0112761210,Mechanical Engineering,Un-Aided Autonomous,Unknown,TFWS,155101,39.9024730,T,S,TFWS,B.Tech,2025,4
'01127,"Jagadambha Bahuuddeshiya Gramin Vikas Sanstha's Jagdambha College of Engineering and Technology, Yavatmal",'0112761210,Mechanical Engineering,Un-Aided Autonomous,Unknown,LNT1S,197666,7.2413793,L,S,NT1,B.Tech,2025,4
'01127,"Jagadambha Bahuuddeshiya Gramin Vikas Sanstha's Jagdambha College of Engineering and Technology, Yavatmal",'0112761210,Mechanical Engineering,Un-Aided Autonomous,Unknown,GSTS,141755,47.8015007,G,S,ST,B.Tech,2025,4
'01127,"Jagadambha Bahuuddeshiya Gramin Vikas Sanstha's Jagdambha College of Engineering and Technology, Yavatmal",'0112799510,Artificial Intelligence and Data Science,Un-Aided Autonomous,Unknown,GSCS,91100,71.0971787,G,S,SC,B.Tech,2025,4
'01128,"Prof Ram Meghe College of Engineering and Management, Badnera",'0112819110,Civil Engineering,Un-Aided,Unknown,GOPENH,93004,70.2628092,G,H,OPEN,B.Tech,2025,4
'01128,"Prof Ram Meghe College of Engineering and Management, Badnera",'0112819110,Civil Engineering,Un-Aided,Unknown,GSCH,94289,69.4936445,G,H,SC,B.Tech,2025,4
'01128,"Prof Ram Meghe College of Engineering and Management, Badnera",'0112819110,Civil Engineering,Un-Aided,Unknown,GSTH,181368,22.0358020,G,H,ST,B.Tech,2025,4
'01128,"Prof Ram Meghe College of Engineering and Management, Badnera",'0112819110,Civil Engineering,Un-Aided,Unknown,GOBCH,93524,69.8941051,G,H,OBC,B.Tech,2025,4
'01128,"Prof Ram Meghe College of Engineering and Management, Badnera",'0112824210,Computer Science and Engineering,Un-Aided,Unknown,GOPENH,56819,82.8437868,G,H,OPEN,B.Tech,2025,4
'01128,"Prof Ram Meghe College of Engineering and Management, Badnera",'0112824210,Computer Science and Engineering,Un-Aided,Unknown,GSCH,75324,76.8955509,G,H,SC,B.Tech,2025,4
'01128,"Prof Ram Meghe College of Engineering and Management, Badnera",'0112824210,Computer Science and Engineering,Un-Aided,Unknown,GOBCH,58191,82.3938224,G,H,OBC,B.Tech,2025,4
'01128,"Prof Ram Meghe College of Engineering and Management, Badnera",'0112824210,Computer Science and Engineering,Un-Aided,Unknown,GSEBCH,143519,47.1396200,G,H,SEBC,B.Tech,2025,4
'01128,"Prof Ram Meghe College of Engineering and Management, Badnera",'0112824210,Computer Science and Engineering,Un-Aided,Unknown,LOPENH,55965,83.1060395,L,H,OPEN,B.Tech,2025,4
'01128,"Prof Ram Meghe College of Engineering and Management, Badnera",'0112824610,Information Technology,Un-Aided,Unknown,GOPENH,69973,78.5819586,G,H,OPEN,B.Tech,2025,4
'01128,"Prof Ram Meghe College of Engineering and Management, Badnera",'0112824610,Information Technology,Un-Aided,Unknown,GVJH,93275,70.2033567,G,H,VJ,B.Tech,2025,4
'01128,"Prof Ram Meghe College of Engineering and Management, Badnera",'0112824610,Information Technology,Un-Aided,Unknown,GOBCH,72033,78.0104170,G,H,OBC,B.Tech,2025,4
'01128,"Prof Ram Meghe College of Engineering and Management, Badnera",'0112824610,Information Technology,Un-Aided,Unknown,GSEBCH,163080,35.6771832,G,H,SEBC,B.Tech,2025,4
'01128,"Prof Ram Meghe College of Engineering and Management, Badnera",'0112824610,Information Technology,Un-Aided,Unknown,LOPENH,63435,80.7807182,L,H,OPEN,B.Tech,2025,4
'01128,"Prof Ram Meghe College of Engineering and Management, Badnera",'0112824610,Information Technology,Un-Aided,Unknown,LOBCH,67183,79.6925092,L,H,OBC,B.Tech,2025,4
'01128,"Prof Ram Meghe College of Engineering and Management, Badnera",'0112824610,Information Technology,Un-Aided,Unknown,PWDSCH,81312,74.6802716,P,H,PWD,B.Tech,2025,4
'01128,"Prof Ram Meghe College of Engineering and Management, Badnera",'0112824610,Information Technology,Un-Aided,Unknown,PWDOBCH,72100,78.0104170,P,H,PWD,B.Tech,2025,4
'01128,"Prof Ram Meghe College of Engineering and Management, Badnera",'0112829310,Electrical Engineering,Un-Aided,Unknown,GOPENH,66675,79.7185003,G,H,OPEN,B.Tech,2025,4
'01128,"Prof Ram Meghe College of Engineering and Management, Badnera",'0112829310,Electrical Engineering,Un-Aided,Unknown,GSCH,108006,63.8244514,G,H,SC,B.Tech,2025,4
'01128,"Prof Ram Meghe College of Engineering and Management, Badnera",'0112829310,Electrical Engineering,Un-Aided,Unknown,LOPENH,82344,74.0094972,L,H,OPEN,B.Tech,2025,4
'01128,"Prof Ram Meghe College of Engineering and Management, Badnera",'0112837210,Electronics and Telecommunication Engg,Un-Aided,Unknown,GOPENO,95114,69.3295893,G,O,OPEN,B.Tech,2025,4
'01128,"Prof Ram Meghe College of Engineering and Management, Badnera",'0112837210,Electronics and Telecommunication Engg,Un-Aided,Unknown,LOPENO,85236,73.2612864,L,O,OPEN,B.Tech,2025,4
'01128,"Prof Ram Meghe College of Engineering and Management, Badnera",'0112891210,Computer Science and Engineering(Data Science),Un-Aided,Unknown,GOPENH,56683,82.8811189,G,H,OPEN,B.Tech,2025,4
'01128,"Prof Ram Meghe College of Engineering and Management, Badnera",'0112891210,Computer Science and Engineering(Data Science),Un-Aided,Unknown,GSEBCH,181872,21.6174291,G,H,SEBC,B.Tech,2025,4
'01128,"Prof Ram Meghe College of Engineering and Management, Badnera",'0112891210,Computer Science and Engineering(Data Science),Un-Aided,Unknown,LOPENH,70868,78.3357644,L,H,OPEN,B.Tech,2025,4
'01128,"Prof Ram Meghe College of Engineering and Management, Badnera",'0112891210,Computer Science and Engineering(Data Science),Un-Aided,Unknown,LSCH,106931,64.3871019,L,H,SC,B.Tech,2025,4
'01130,"Vision Buldhana Educational & Welfare Society's Pankaj Laddhad Institute of Technology & Management Studies, Yelgaon",'0113019110,Civil Engineering,Un-Aided,Unknown,LOPENH,185012,19.0847282,L,H,OPEN,B.Tech,2025,4
'01130,"Vision Buldhana Educational & Welfare Society's Pankaj Laddhad Institute of Technology & Management Studies, Yelgaon",'0113024210,Computer Science and Engineering,Un-Aided,Unknown,GOPENH,152479,42.2674623,G,H,OPEN,B.Tech,2025,4
'01130,"Vision Buldhana Educational & Welfare Society's Pankaj Laddhad Institute of Technology & Management Studies, Yelgaon",'0113024210,Computer Science and Engineering,Un-Aided,Unknown,GSCH,198113,6.9235509,G,H,SC,B.Tech,2025,4
'01130,"Vision Buldhana Educational & Welfare Society's Pankaj Laddhad Institute of Technology & Management Studies, Yelgaon",'0113024210,Computer Science and Engineering,Un-Aided,Unknown,GVJH,173053,28.4151863,G,H,VJ,B.Tech,2025,4
'01130,"Vision Buldhana Educational & Welfare Society's Pankaj Laddhad Institute of Technology & Management Studies, Yelgaon",'0113024210,Computer Science and Engineering,Un-Aided,Unknown,LSCH,188000,16.4425946,L,H,SC,B.Tech,2025,4
'01130,"Vision Buldhana Educational & Welfare Society's Pankaj Laddhad Institute of Technology & Management Studies, Yelgaon",'0113024210,Computer Science and Engineering,Un-Aided,Unknown,GVJH,165997,32.5553935,G,H,VJ,B.Tech,2025,4
'01130,"Vision Buldhana Educational & Welfare Society's Pankaj Laddhad Institute of Technology & Management Studies, Yelgaon",'0113024210,Computer Science and Engineering,Un-Aided,Unknown,GSEBCH,152949,41.7471281,G,H,SEBC,B.Tech,2025,4
'01130,"Vision Buldhana Educational & Welfare Society's Pankaj Laddhad Institute of Technology & Management Studies, Yelgaon",'0113024210,Computer Science and Engineering,Un-Aided,Unknown,LSEBCH,166741,32.4837011,L,H,SEBC,B.Tech,2025,4
'01130,"Vision Buldhana Educational & Welfare Society's Pankaj Laddhad Institute of Technology & Management Studies, Yelgaon",'0113035610,Electrical Engg[Electronics and Power],Un-Aided,Unknown,GNT2O,151620,42.7403863,G,O,NT2,B.Tech,2025,4
'01130,"Vision Buldhana Educational & Welfare Society's Pankaj Laddhad Institute of Technology & Management Studies, Yelgaon",'0113037210,Electronics and Telecommunication Engg,Un-Aided,Unknown,GOPENH,195996,9.0142807,G,H,OPEN,B.Tech,2025,4
'01130,"Vision Buldhana Educational & Welfare Society's Pankaj Laddhad Institute of Technology & Management Studies, Yelgaon",'0113037210,Electronics and Telecommunication Engg,Un-Aided,Unknown,LOPENH,141967,47.7841578,L,H,OPEN,B.Tech,2025,4
'01130,"Vision Buldhana Educational & Welfare Society's Pankaj Laddhad Institute of Technology & Management Studies, Yelgaon",'0113037210,Electronics and Telecommunication Engg,Un-Aided,Unknown,LOBCH,194343,10.8523619,L,H,OBC,B.Tech,2025,4
'01130,"Vision Buldhana Educational & Welfare Society's Pankaj Laddhad Institute of Technology & Management Studies, Yelgaon",'0113037210,Electronics and Telecommunication Engg,Un-Aided,Unknown,LNT2H,179641,22.8933117,L,H,NT2,B.Tech,2025,4
'01130,"Vision Buldhana Educational & Welfare Society's Pankaj Laddhad Institute of Technology & Management Studies, Yelgaon",'0113061210,Mechanical Engineering,Un-Aided,Unknown,GOPENO,194040,11.0553814,G,O,OPEN,B.Tech,2025,4
'01130,"Vision Buldhana Educational & Welfare Society's Pankaj Laddhad Institute of Technology & Management Studies, Yelgaon",'0113061210,Mechanical Engineering,Un-Aided,Unknown,LOPENO,189237,15.4365886,L,O,OPEN,B.Tech,2025,4
'01180,"Sanmati Engineering College, Sawargaon Barde, Washim",'0118019110,Civil Engineering,Un-Aided,Unknown,GOBCH,90254,71.4755245,G,H,OBC,B.Tech,2025,4
'01180,"Sanmati Engineering College, Sawargaon Barde, Washim",'0118024210,Computer Science and Engineering,Un-Aided,Unknown,GOPENH,159109,37.6293706,G,H,OPEN,B.Tech,2025,4
'01180,"Sanmati Engineering College, Sawargaon Barde, Washim",'0118024210,Computer Science and Engineering,Un-Aided,Unknown,GSCH,188769,15.8201150,G,H,SC,B.Tech,2025,4
'01180,"Sanmati Engineering College, Sawargaon Barde, Washim",'0118024210,Computer Science and Engineering,Un-Aided,Unknown,GOBCH,193701,11.1969965,G,H,OBC,B.Tech,2025,4
'01180,"Sanmati Engineering College, Sawargaon Barde, Washim",'0118024210,Computer Science and Engineering,Un-Aided,Unknown,LOPENH,128402,54.5872518,L,H,OPEN,B.Tech,2025,4
'01180,"Sanmati Engineering College, Sawargaon Barde, Washim",'0118024210,Computer Science and Engineering,Un-Aided,Unknown,LOBCH,164649,33.6209084,L,H,OBC,B.Tech,2025,4
'01180,"Sanmati Engineering College, Sawargaon Barde, Washim",'0118024210,Computer Science and Engineering,Un-Aided,Unknown,PWDOBCH,182630,21.3037657,P,H,PWD,B.Tech,2025,4
'01180,"Sanmati Engineering College, Sawargaon Barde, Washim",'0118024210,Computer Science and Engineering,Un-Aided,Unknown,GSTH,159822,37.1950556,G,H,ST,B.Tech,2025,4
'01180,"Sanmati Engineering College, Sawargaon Barde, Washim",'0118024210,Computer Science and Engineering,Un-Aided,Unknown,GVJH,197097,7.8969624,G,H,VJ,B.Tech,2025,4
'01180,"Sanmati Engineering College, Sawargaon Barde, Washim",'0118024210,Computer Science and Engineering,Un-Aided,Unknown,GNT1H,195470,9.6906054,G,H,NT1,B.Tech,2025,4
'01180,"Sanmati Engineering College, Sawargaon Barde, Washim",'0118026310,Artificial Intelligence (AI) and Data Science,Un-Aided,Unknown,GOPENH,199151,5.7167832,G,H,OPEN,B.Tech,2025,4
'01180,"Sanmati Engineering College, Sawargaon Barde, Washim",'0118026310,Artificial Intelligence (AI) and Data Science,Un-Aided,Unknown,PWDOPENH,191799,13.2656066,P,H,PWD,B.Tech,2025,4
'01180,"Sanmati Engineering College, Sawargaon Barde, Washim",'0118026310,Artificial Intelligence (AI) and Data Science,Un-Aided,Unknown,PWDOBCH,187991,16.5215865,P,H,PWD,B.Tech,2025,4
'01180,"Sanmati Engineering College, Sawargaon Barde, Washim",'0118029310,Electrical Engineering,Un-Aided,Unknown,GOPENO,150418,43.1964993,G,O,OPEN,B.Tech,2025,4
'01182,"Padmashri Dr. V.B. Kolte College of Engineering, Malkapur, Buldhana",'0118219110,Civil Engineering,Un-Aided,Unknown,GSCH,175612,25.9683560,G,H,SC,B.Tech,2025,4
'01182,"Padmashri Dr. V.B. Kolte College of Engineering, Malkapur, Buldhana",'0118224210,Computer Science and Engineering,Un-Aided,Unknown,DEFOBCS,165123,33.4650350,D,S,OBC,B.Tech,2025,4
'01182,"Padmashri Dr. V.B. Kolte College of Engineering, Malkapur, Buldhana",'0118229310,Electrical Engineering,Un-Aided,Unknown,GVJH,168837,31.9280223,G,H,VJ,B.Tech,2025,4
'01182,"Padmashri Dr. V.B. Kolte College of Engineering, Malkapur, Buldhana",'0118229310,Electrical Engineering,Un-Aided,Unknown,GOBCH,165806,32.6791073,G,H,OBC,B.Tech,2025,4
'01182,"Padmashri Dr. V.B. Kolte College of Engineering, Malkapur, Buldhana",'0118229310,Electrical Engineering,Un-Aided,Unknown,PWDOPENH,54504,83.5597353,P,H,PWD,B.Tech,2025,4
'01182,"Padmashri Dr. V.B. Kolte College of Engineering, Malkapur, Buldhana",'0118261210,Mechanical Engineering,Un-Aided,Unknown,LOPENH,177301,25.0722391,L,H,OPEN,B.Tech,2025,4
'01182,"Padmashri Dr. V.B. Kolte College of Engineering, Malkapur, Buldhana",'0118261210,Mechanical Engineering,Un-Aided,Unknown,PWDOBCH,171732,28.9849310,P,H,PWD,B.Tech,2025,4
'01182,"Padmashri Dr. V.B. Kolte College of Engineering, Malkapur, Buldhana",'0118261210,Mechanical Engineering,Un-Aided,Unknown,GSEBCH,176289,25.5643537,G,H,SEBC,B.Tech,2025,4
'01182,"Padmashri Dr. V.B. Kolte College of Engineering, Malkapur, Buldhana",'0118261210,Mechanical Engineering,Un-Aided,Unknown,LVJH,183856,19.7061157,L,H,VJ,B.Tech,2025,4
'01265,"Mauli Group of Institutions, College of Engineering and Technology, Shegaon.",'0126519110,Civil Engineering,Un-Aided,Unknown,GSCH,134140,51.7009371,G,H,SC,B.Tech,2025,4
'01265,"Mauli Group of Institutions, College of Engineering and Technology, Shegaon.",'0126519110,Civil Engineering,Un-Aided,Unknown,PWDOBCH,80030,75.1927485,P,H,PWD,B.Tech,2025,4
'01265,"Mauli Group of Institutions, College of Engineering and Technology, Shegaon.",'0126524210,Computer Science and Engineering,Un-Aided,Unknown,GOPENO,155824,39.6653303,G,O,OPEN,B.Tech,2025,4
'01265,"Mauli Group of Institutions, College of Engineering and Technology, Shegaon.",'0126524210,Computer Science and Engineering,Un-Aided,Unknown,LOPENO,133231,52.3622324,L,O,OPEN,B.Tech,2025,4
'01265,"Mauli Group of Institutions, College of Engineering and Technology, Shegaon.",'0126524610,Information Technology,Un-Aided,Unknown,LSEBCH,86782,72.6730266,L,H,SEBC,B.Tech,2025,4
'01265,"Mauli Group of Institutions, College of Engineering and Technology, Shegaon.",'0126535610,Electrical Engg[Electronics and Power],Un-Aided,Unknown,GSCO,163242,35.5422955,G,O,SC,B.Tech,2025,4
'01265,"Mauli Group of Institutions, College of Engineering and Technology, Shegaon.",'0126535610,Electrical Engg[Electronics and Power],Un-Aided,Unknown,GOBCO,102191,66.3866132,G,O,OBC,B.Tech,2025,4
'01265,"Mauli Group of Institutions, College of Engineering and Technology, Shegaon.",'0126537210,Electronics and Telecommunication Engg,Un-Aided,Unknown,GSCH,88757,71.6607627,G,H,SC,B.Tech,2025,4
'01265,"Mauli Group of Institutions, College of Engineering and Technology, Shegaon.",'0126561210,Mechanical Engineering,Un-Aided,Unknown,GOBCH,84994,73.4354379,G,H,OBC,B.Tech,2025,4
'01265,"Mauli Group of Institutions, College of Engineering and Technology, Shegaon.",'0126561210,Mechanical Engineering,Un-Aided,Unknown,GSTH,91621,70.7504568,G,H,ST,B.Tech,2025,4
'01265,"Mauli Group of Institutions, College of Engineering and Technology, Shegaon.",'0126561210,Mechanical Engineering,Un-Aided,Unknown,GNT3H,64183,80.4732503,G,H,NT3,B.Tech,2025,4
'01268,"Siddhivinayak Technical Campus, School of Engineering & Research Technology, Shirasgon, Nile",'0126819110,Civil Engineering,Un-Aided,Unknown,LOBCH,164390,34.8967510,L,H,OBC,B.Tech,2025,4
'01268,"Siddhivinayak Technical Campus, School of Engineering & Research Technology, Shirasgon, Nile",'0126819110,Civil Engineering,Un-Aided,Unknown,GSCH,168360,32.0884521,G,H,SC,B.Tech,2025,4
'01268,"Siddhivinayak Technical Campus, School of Engineering & Research Technology, Shirasgon, Nile",'0126819110,Civil Engineering,Un-Aided,Unknown,GSEBCH,172997,28.4151863,G,H,SEBC,B.Tech,2025,4
'01268,"Siddhivinayak Technical Campus, School of Engineering & Research Technology, Shirasgon, Nile",'0126824210,Computer Science and Engineering,Un-Aided,Unknown,GOPENO,164001,35.1590106,G,O,OPEN,B.Tech,2025,4
'01268,"Siddhivinayak Technical Campus, School of Engineering & Research Technology, Shirasgon, Nile",'0126824210,Computer Science and Engineering,Un-Aided,Unknown,LOPENO,157569,39.2328654,L,O,OPEN,B.Tech,2025,4
'01268,"Siddhivinayak Technical Campus, School of Engineering & Research Technology, Shirasgon, Nile",'0126835610,Electrical Engg[Electronics and Power],Un-Aided,Unknown,GOPENH,104810,65.6307130,G,H,OPEN,B.Tech,2025,4
'01268,"Siddhivinayak Technical Campus, School of Engineering & Research Technology, Shirasgon, Nile",'0126835610,Electrical Engg[Electronics and Power],Un-Aided,Unknown,GSEBCH,121188,58.2180677,G,H,SEBC,B.Tech,2025,4
'01268,"Siddhivinayak Technical Campus, School of Engineering & Research Technology, Shirasgon, Nile",'0126837210,Electronics and Telecommunication Engg,Un-Aided,Unknown,GOPENH,109521,63.4714222,G,H,OPEN,B.Tech,2025,4
'01268,"Siddhivinayak Technical Campus, School of Engineering & Research Technology, Shirasgon, Nile",'0126837210,Electronics and Telecommunication Engg,Un-Aided,Unknown,LOPENH,124676,56.6213771,L,H,OPEN,B.Tech,2025,4
'01268,"Siddhivinayak Technical Campus, School of Engineering & Research Technology, Shirasgon, Nile",'0126837210,Electronics and Telecommunication Engg,Un-Aided,Unknown,LSCH,119008,59.1762367,L,H,SC,B.Tech,2025,4
'01268,"Siddhivinayak Technical Campus, School of Engineering & Research Technology, Shirasgon, Nile",'0126861210,Mechanical Engineering,Un-Aided,Unknown,GOPENH,139482,49.3416227,G,H,OPEN,B.Tech,2025,4
'01268,"Siddhivinayak Technical Campus, School of Engineering & Research Technology, Shirasgon, Nile",'0126861210,Mechanical Engineering,Un-Aided,Unknown,LSCH,190556,14.0584844,L,H,SC,B.Tech,2025,4
'01268,"Siddhivinayak Technical Campus, School of Engineering & Research Technology, Shirasgon, Nile",'0126899510,Artificial Intelligence and Data Science,Un-Aided,Unknown,GSEBCO,158104,38.7925588,G,O,SEBC,B.Tech,2025,4
'01276,"Manav School of Engineering & Technology, Gut No. 1035 Nagpur Surat Highway, NH No. 6 Tal.Vyala, Balapur, Akola, 444302",'0127619110,Civil Engineering,Un-Aided,Unknown,GOPENH,192946,11.8670556,G,H,OPEN,B.Tech,2025,4
'01276,"Manav School of Engineering & Technology, Gut No. 1035 Nagpur Surat Highway, NH No. 6 Tal.Vyala, Balapur, Akola, 444302",'0127619110,Civil Engineering,Un-Aided,Unknown,GSCH,200975,3.5736677,G,H,SC,B.Tech,2025,4
'01276,"Manav School of Engineering & Technology, Gut No. 1035 Nagpur Surat Highway, NH No. 6 Tal.Vyala, Balapur, Akola, 444302",'0127619110,Civil Engineering,Un-Aided,Unknown,LOPENH,192663,12.3781915,L,H,OPEN,B.Tech,2025,4
'01276,"Manav School of Engineering & Technology, Gut No. 1035 Nagpur Surat Highway, NH No. 6 Tal.Vyala, Balapur, Akola, 444302",'0127624510,Computer Engineering,Un-Aided,Unknown,GOPENO,185239,18.9335664,G,O,OPEN,B.Tech,2025,4
'01276,"Manav School of Engineering & Technology, Gut No. 1035 Nagpur Surat Highway, NH No. 6 Tal.Vyala, Balapur, Akola, 444302",'0127629310,Electrical Engineering,Un-Aided,Unknown,GOPENH,195742,9.3356129,G,H,OPEN,B.Tech,2025,4
'01276,"Manav School of Engineering & Technology, Gut No. 1035 Nagpur Surat Highway, NH No. 6 Tal.Vyala, Balapur, Akola, 444302",'0127629310,Electrical Engineering,Un-Aided,Unknown,LOPENH,142051,47.7841578,L,H,OPEN,B.Tech,2025,4
'01276,"Manav School of Engineering & Technology, Gut No. 1035 Nagpur Surat Highway, NH No. 6 Tal.Vyala, Balapur, Akola, 444302",'0127661210,Mechanical Engineering,Un-Aided,Unknown,GOPENH,134300,51.7009371,G,H,OPEN,B.Tech,2025,4
'01276,"Manav School of Engineering & Technology, Gut No. 1035 Nagpur Surat Highway, NH No. 6 Tal.Vyala, Balapur, Akola, 444302",'0127661210,Mechanical Engineering,Un-Aided,Unknown,GOBCH,176766,25.4595013,G,H,OBC,B.Tech,2025,4
'02008,"Government College of Engineering, Chhatrapati Sambhajinagar",'0200819110,Civil Engineering,Government Autonomous,Unknown,GSCS,34716,89.8231024,G,S,SC,B.Tech,2025,4
'02008,"Government College of Engineering, Chhatrapati Sambhajinagar",'0200819110,Civil Engineering,Government Autonomous,Unknown,GSEBCS,24968,92.7190965,G,S,SEBC,B.Tech,2025,4
'02008,"Government College of Engineering, Chhatrapati Sambhajinagar",'0200819110,Civil Engineering,Government Autonomous,Unknown,EWS,58876,82.2162613,E,S,EWS,B.Tech,2025,4
'02008,"Government College of Engineering, Chhatrapati Sambhajinagar",'0200824210,Computer Science and Engineering,Government Autonomous,Unknown,GOPENS,12085,96.5290013,G,S,OPEN,B.Tech,2025,4
'02008,"Government College of Engineering, Chhatrapati Sambhajinagar",'0200824210,Computer Science and Engineering,Government Autonomous,Unknown,GSTS,112750,62.0615406,G,S,ST,B.Tech,2025,4
'02008,"Government College of Engineering, Chhatrapati Sambhajinagar",'0200824210,Computer Science and Engineering,Government Autonomous,Unknown,GVJS,27043,92.0769231,G,S,VJ,B.Tech,2025,4
'02008,"Government College of Engineering, Chhatrapati Sambhajinagar",'0200824210,Computer Science and Engineering,Government Autonomous,Unknown,LOPENS,14435,95.8450956,L,S,OPEN,B.Tech,2025,4
'02008,"Government College of Engineering, Chhatrapati Sambhajinagar",'0200824210,Computer Science and Engineering,Government Autonomous,Unknown,TFWS,12182,96.5201084,T,S,TFWS,B.Tech,2025,4
'02008,"Government College of Engineering, Chhatrapati Sambhajinagar",'0200824610,Information Technology,Government Autonomous,Unknown,GOPENS,15161,95.6356670,G,S,OPEN,B.Tech,2025,4
'02008,"Government College of Engineering, Chhatrapati Sambhajinagar",'0200824610,Information Technology,Government Autonomous,Unknown,GVJS,27956,91.7968608,G,S,VJ,B.Tech,2025,4
'02008,"Government College of Engineering, Chhatrapati Sambhajinagar",'0200824610,Information Technology,Government Autonomous,Unknown,GOBCS,15244,95.6211259,G,S,OBC,B.Tech,2025,4
'02008,"Government College of Engineering, Chhatrapati Sambhajinagar",'0200824610,Information Technology,Government Autonomous,Unknown,GSEBCS,20065,94.1814562,G,S,SEBC,B.Tech,2025,4
'02008,"Government College of Engineering, Chhatrapati Sambhajinagar",'0200824610,Information Technology,Government Autonomous,Unknown,DEFOBCS,58385,82.3736697,D,S,OBC,B.Tech,2025,4
'02008,"Government College of Engineering, Chhatrapati Sambhajinagar",'0200824610,Information Technology,Government Autonomous,Unknown,TFWS,15805,95.4261304,T,S,TFWS,B.Tech,2025,4
'02008,"Government College of Engineering, Chhatrapati Sambhajinagar",'0200829310,Electrical Engineering,Government Autonomous,Unknown,GOPENS,20838,93.9467062,G,S,OPEN,B.Tech,2025,4
'02008,"Government College of Engineering, Chhatrapati Sambhajinagar",'0200829310,Electrical Engineering,Government Autonomous,Unknown,GNT1S,56885,82.8437868,G,S,NT1,B.Tech,2025,4
'02008,"Government College of Engineering, Chhatrapati Sambhajinagar",'0200829310,Electrical Engineering,Government Autonomous,Unknown,EWS,28323,91.7146701,E,S,EWS,B.Tech,2025,4
'02008,"Government College of Engineering, Chhatrapati Sambhajinagar",'0200837210,Electronics and Telecommunication Engg,Government Autonomous,Unknown,GOPENS,17632,94.9067632,G,S,OPEN,B.Tech,2025,4
'02008,"Government College of Engineering, Chhatrapati Sambhajinagar",'0200837210,Electronics and Telecommunication Engg,Government Autonomous,Unknown,GOBCS,20217,94.1618476,G,S,OBC,B.Tech,2025,4
'02008,"Government College of Engineering, Chhatrapati Sambhajinagar",'0200837210,Electronics and Telecommunication Engg,Government Autonomous,Unknown,GSEBCS,21994,93.5907336,G,S,SEBC,B.Tech,2025,4
'02008,"Government College of Engineering, Chhatrapati Sambhajinagar",'0200837210,Electronics and Telecommunication Engg,Government Autonomous,Unknown,LNT2S,44012,86.9322507,L,S,NT2,B.Tech,2025,4
'02008,"Government College of Engineering, Chhatrapati Sambhajinagar",'0200861210,Mechanical Engineering,Government Autonomous,Unknown,GOPENS,26029,92.3881037,G,S,OPEN,B.Tech,2025,4
'02008,"Government College of Engineering, Chhatrapati Sambhajinagar",'0200861210,Mechanical Engineering,Government Autonomous,Unknown,GSCS,46983,85.9124978,G,S,SC,B.Tech,2025,4
'02008,"Government College of Engineering, Chhatrapati Sambhajinagar",'0200861210,Mechanical Engineering,Government Autonomous,Unknown,GOBCS,30527,91.0510720,G,S,OBC,B.Tech,2025,4
'02008,"Government College of Engineering, Chhatrapati Sambhajinagar",'0200861210,Mechanical Engineering,Government Autonomous,Unknown,LOPENS,33090,90.2494890,L,S,OPEN,B.Tech,2025,4
'02008,"Government College of Engineering, Chhatrapati Sambhajinagar",'0200861210,Mechanical Engineering,Government Autonomous,Unknown,LSTS,182380,21.5408750,L,S,ST,B.Tech,2025,4
'02008,"Government College of Engineering, Chhatrapati Sambhajinagar",'0200861210,Mechanical Engineering,Government Autonomous,Unknown,PWDOBCS,24510,92.8465713,P,S,PWD,B.Tech,2025,4
'02008,"Government College of Engineering, Chhatrapati Sambhajinagar",'0200861210,Mechanical Engineering,Government Autonomous,Unknown,ORPHAN,30663,91.0465074,O,N,ORPHAN,B.Tech,2025,4
'02015,"PURANMAL LAHOTI GOVERNMENT INSTITUTE OF ENGINEERING AND TECHNOLOGY, LATUR",'0201524510,Computer Engineering,"Government Home University : Swami Ramanand Teerth Marathwada University, Nanded","Swami Ramanand Teerth Marathwada University, Nanded",GSCH,83407,73.6328536,G,H,SC,B.Tech,2025,4
'02015,"PURANMAL LAHOTI GOVERNMENT INSTITUTE OF ENGINEERING AND TECHNOLOGY, LATUR",'0201524510,Computer Engineering,"Government Home University : Swami Ramanand Teerth Marathwada University, Nanded","Swami Ramanand Teerth Marathwada University, Nanded",GSTH,8242,97.6503399,G,H,ST,B.Tech,2025,4
'02015,"PURANMAL LAHOTI GOVERNMENT INSTITUTE OF ENGINEERING AND TECHNOLOGY, LATUR",'0201537210,Electronics and Telecommunication Engg,"Government Home University : Swami Ramanand Teerth Marathwada University, Nanded","Swami Ramanand Teerth Marathwada University, Nanded",GOPENO,40511,87.9825175,G,O,OPEN,B.Tech,2025,4
'02015,"PURANMAL LAHOTI GOVERNMENT INSTITUTE OF ENGINEERING AND TECHNOLOGY, LATUR",'0201537210,Electronics and Telecommunication Engg,"Government Home University : Swami Ramanand Teerth Marathwada University, Nanded","Swami Ramanand Teerth Marathwada University, Nanded",GSCO,84639,73.4722277,G,O,SC,B.Tech,2025,4
'02015,"PURANMAL LAHOTI GOVERNMENT INSTITUTE OF ENGINEERING AND TECHNOLOGY, LATUR",'0201537210,Electronics and Telecommunication Engg,"Government Home University : Swami Ramanand Teerth Marathwada University, Nanded","Swami Ramanand Teerth Marathwada University, Nanded",GNT1O,118057,59.9607019,G,O,NT1,B.Tech,2025,4
'02015,"PURANMAL LAHOTI GOVERNMENT INSTITUTE OF ENGINEERING AND TECHNOLOGY, LATUR",'0201537210,Electronics and Telecommunication Engg,"Government Home University : Swami Ramanand Teerth Marathwada University, Nanded","Swami Ramanand Teerth Marathwada University, Nanded",LOPENO,68934,78.6729363,L,O,OPEN,B.Tech,2025,4
'02015,"PURANMAL LAHOTI GOVERNMENT INSTITUTE OF ENGINEERING AND TECHNOLOGY, LATUR",'0201537210,Electronics and Telecommunication Engg,"Government Home University : Swami Ramanand Teerth Marathwada University, Nanded","Swami Ramanand Teerth Marathwada University, Nanded",LOBCO,80772,75.1620214,L,O,OBC,B.Tech,2025,4
'02015,"PURANMAL LAHOTI GOVERNMENT INSTITUTE OF ENGINEERING AND TECHNOLOGY, LATUR",'0201537210,Electronics and Telecommunication Engg,"Government Home University : Swami Ramanand Teerth Marathwada University, Nanded","Swami Ramanand Teerth Marathwada University, Nanded",LSEBCO,92684,70.5005064,L,O,SEBC,B.Tech,2025,4
'02015,"PURANMAL LAHOTI GOVERNMENT INSTITUTE OF ENGINEERING AND TECHNOLOGY, LATUR",'0201537210,Electronics and Telecommunication Engg,"Government Home University : Swami Ramanand Teerth Marathwada University, Nanded","Swami Ramanand Teerth Marathwada University, Nanded",LSTO,48283,85.6182564,L,O,ST,B.Tech,2025,4
'02015,"PURANMAL LAHOTI GOVERNMENT INSTITUTE OF ENGINEERING AND TECHNOLOGY, LATUR",'0201599510,Artificial Intelligence and Data Science,"Government Home University : Swami Ramanand Teerth Marathwada University, Nanded","Swami Ramanand Teerth Marathwada University, Nanded",GOPENO,62219,81.1295102,G,O,OPEN,B.Tech,2025,4
'02015,"PURANMAL LAHOTI GOVERNMENT INSTITUTE OF ENGINEERING AND TECHNOLOGY, LATUR",'0201599510,Artificial Intelligence and Data Science,"Government Home University : Swami Ramanand Teerth Marathwada University, Nanded","Swami Ramanand Teerth Marathwada University, Nanded",GOBCO,69841,78.5819586,G,O,OBC,B.Tech,2025,4
'02015,"PURANMAL LAHOTI GOVERNMENT INSTITUTE OF ENGINEERING AND TECHNOLOGY, LATUR",'0201599510,Artificial Intelligence and Data Science,"Government Home University : Swami Ramanand Teerth Marathwada University, Nanded","Swami Ramanand Teerth Marathwada University, Nanded",LOPENO,79860,75.1927485,L,O,OPEN,B.Tech,2025,4
'02020,"Shri Guru Gobind Singhji Institute of Engineering and Technology, Nanded",'0202019110,Civil Engineering,Government-Aided Autonomous,Unknown,GOBCS,49716,85.1139120,G,S,OBC,B.Tech,2025,4
'02020,"Shri Guru Gobind Singhji Institute of Engineering and Technology, Nanded",'0202019110,Civil Engineering,Government-Aided Autonomous,Unknown,TFWS,32134,90.5881920,T,S,TFWS,B.Tech,2025,4
'02020,"Shri Guru Gobind Singhji Institute of Engineering and Technology, Nanded",'0202019110,Civil Engineering,Government-Aided Autonomous,Unknown,EWS,66903,79.6986029,E,S,EWS,B.Tech,2025,4
'02020,"Shri Guru Gobind Singhji Institute of Engineering and Technology, Nanded",'0202024210,Computer Science and Engineering,Government-Aided Autonomous,Unknown,GOPENS,7609,97.8211602,G,S,OPEN,B.Tech,2025,4
'02020,"Shri Guru Gobind Singhji Institute of Engineering and Technology, Nanded",'0202024210,Computer Science and Engineering,Government-Aided Autonomous,Unknown,GSCS,28329,91.7146701,G,S,SC,B.Tech,2025,4
'02020,"Shri Guru Gobind Singhji Institute of Engineering and Technology, Nanded",'0202024210,Computer Science and Engineering,Government-Aided Autonomous,Unknown,GSTS,92212,70.5072010,G,S,ST,B.Tech,2025,4
'02020,"Shri Guru Gobind Singhji Institute of Engineering and Technology, Nanded",'0202024210,Computer Science and Engineering,Government-Aided Autonomous,Unknown,GSEBCS,7807,97.7549689,G,S,SEBC,B.Tech,2025,4
'02020,"Shri Guru Gobind Singhji Institute of Engineering and Technology, Nanded",'0202024210,Computer Science and Engineering,Government-Aided Autonomous,Unknown,LOPENS,10649,96.9557645,L,S,OPEN,B.Tech,2025,4
'02020,"Shri Guru Gobind Singhji Institute of Engineering and Technology, Nanded",'0202024210,Computer Science and Engineering,Government-Aided Autonomous,Unknown,LOBCS,15871,95.4197144,L,S,OBC,B.Tech,2025,4
'02020,"Shri Guru Gobind Singhji Institute of Engineering and Technology, Nanded",'0202024210,Computer Science and Engineering,Government-Aided Autonomous,Unknown,EWS,16109,95.3359302,E,S,EWS,B.Tech,2025,4
'02020,"Shri Guru Gobind Singhji Institute of Engineering and Technology, Nanded",'0202024610,Information Technology,Government-Aided Autonomous,Unknown,GOPENS,12765,96.3424067,G,S,OPEN,B.Tech,2025,4
'02020,"Shri Guru Gobind Singhji Institute of Engineering and Technology, Nanded",'0202024610,Information Technology,Government-Aided Autonomous,Unknown,GSCS,36025,89.3412389,G,S,SC,B.Tech,2025,4
'02020,"Shri Guru Gobind Singhji Institute of Engineering and Technology, Nanded",'0202024610,Information Technology,Government-Aided Autonomous,Unknown,GOBCS,16387,95.2586363,G,S,OBC,B.Tech,2025,4
'02020,"Shri Guru Gobind Singhji Institute of Engineering and Technology, Nanded",'0202024610,Information Technology,Government-Aided Autonomous,Unknown,LVJS,43231,87.1431548,L,S,VJ,B.Tech,2025,4
'02020,"Shri Guru Gobind Singhji Institute of Engineering and Technology, Nanded",'0202024610,Information Technology,Government-Aided Autonomous,Unknown,LOBCS,16258,95.3083376,L,S,OBC,B.Tech,2025,4
'02020,"Shri Guru Gobind Singhji Institute of Engineering and Technology, Nanded",'0202024610,Information Technology,Government-Aided Autonomous,Unknown,DEFOBCS,80652,75.1620214,D,S,OBC,B.Tech,2025,4
'02020,"Shri Guru Gobind Singhji Institute of Engineering and Technology, Nanded",'0202024610,Information Technology,Government-Aided Autonomous,Unknown,TFWS,20147,94.1659305,T,S,TFWS,B.Tech,2025,4
'02020,"Shri Guru Gobind Singhji Institute of Engineering and Technology, Nanded",'0202024610,Information Technology,Government-Aided Autonomous,Unknown,"PWDROBC
S",192081,12.9554081,P,S,PWD,B.Tech,2025,4
'02020,"Shri Guru Gobind Singhji Institute of Engineering and Technology, Nanded",'0202024610,Information Technology,Government-Aided Autonomous,Unknown,DEFROBCS,84144,73.5570613,D,S,OBC,B.Tech,2025,4
'02020,"Shri Guru Gobind Singhji Institute of Engineering and Technology, Nanded",'0202029310,Electrical Engineering,Government-Aided Autonomous,Unknown,GOPENS,24747,92.7867133,G,S,OPEN,B.Tech,2025,4
'02020,"Shri Guru Gobind Singhji Institute of Engineering and Technology, Nanded",'0202029310,Electrical Engineering,Government-Aided Autonomous,Unknown,LOPENS,31855,90.6536517,L,S,OPEN,B.Tech,2025,4
'02020,"Shri Guru Gobind Singhji Institute of Engineering and Technology, Nanded",'0202029310,Electrical Engineering,Government-Aided Autonomous,Unknown,LNT2S,112221,62.1365556,L,S,NT2,B.Tech,2025,4
'02020,"Shri Guru Gobind Singhji Institute of Engineering and Technology, Nanded",'0202029310,Electrical Engineering,Government-Aided Autonomous,Unknown,TFWS,30990,90.8847092,T,S,TFWS,B.Tech,2025,4
'02020,"Shri Guru Gobind Singhji Institute of Engineering and Technology, Nanded",'0202037210,Electronics and Telecommunication Engg,Government-Aided Autonomous,Unknown,GOPENS,20059,94.1814562,G,S,OPEN,B.Tech,2025,4
'02020,"Shri Guru Gobind Singhji Institute of Engineering and Technology, Nanded",'0202037210,Electronics and Telecommunication Engg,Government-Aided Autonomous,Unknown,GNT2S,24533,92.8465713,G,S,NT2,B.Tech,2025,4
'02020,"Shri Guru Gobind Singhji Institute of Engineering and Technology, Nanded",'0202037210,Electronics and Telecommunication Engg,Government-Aided Autonomous,Unknown,GOBCS,23825,93.0581679,G,S,OBC,B.Tech,2025,4
'02020,"Shri Guru Gobind Singhji Institute of Engineering and Technology, Nanded",'0202037210,Electronics and Telecommunication Engg,Government-Aided Autonomous,Unknown,LOPENS,17630,94.9067632,L,S,OPEN,B.Tech,2025,4
'02020,"Shri Guru Gobind Singhji Institute of Engineering and Technology, Nanded",'0202037210,Electronics and Telecommunication Engg,Government-Aided Autonomous,Unknown,LOBCS,20335,94.1112780,L,S,OBC,B.Tech,2025,4
'02020,"Shri Guru Gobind Singhji Institute of Engineering and Technology, Nanded",'0202037210,Electronics and Telecommunication Engg,Government-Aided Autonomous,Unknown,LSEBCS,22285,93.5279941,L,S,SEBC,B.Tech,2025,4
'02020,"Shri Guru Gobind Singhji Institute of Engineering and Technology, Nanded",'0202037210,Electronics and Telecommunication Engg,Government-Aided Autonomous,Unknown,TFWS,20708,93.9899228,T,S,TFWS,B.Tech,2025,4
'02020,"Shri Guru Gobind Singhji Institute of Engineering and Technology, Nanded",'0202046610,Instrumentation Engineering,Government-Aided Autonomous,Unknown,GNT2S,54878,83.4924535,G,S,NT2,B.Tech,2025,4
'02020,"Shri Guru Gobind Singhji Institute of Engineering and Technology, Nanded",'0202046610,Instrumentation Engineering,Government-Aided Autonomous,Unknown,DEFOPENS,104860,65.6307130,D,S,OPEN,B.Tech,2025,4
'02020,"Shri Guru Gobind Singhji Institute of Engineering and Technology, Nanded",'0202050710,Chemical Engineering,Government-Aided Autonomous,Unknown,GOPENS,38261,88.7271830,G,S,OPEN,B.Tech,2025,4
'02020,"Shri Guru Gobind Singhji Institute of Engineering and Technology, Nanded",'0202050710,Chemical Engineering,Government-Aided Autonomous,Unknown,GSTS,190770,13.9509479,G,S,ST,B.Tech,2025,4
'02020,"Shri Guru Gobind Singhji Institute of Engineering and Technology, Nanded",'0202050710,Chemical Engineering,Government-Aided Autonomous,Unknown,GOBCS,46435,86.2041018,G,S,OBC,B.Tech,2025,4
'02020,"Shri Guru Gobind Singhji Institute of Engineering and Technology, Nanded",'0202050710,Chemical Engineering,Government-Aided Autonomous,Unknown,TFWS,32187,90.5881920,T,S,TFWS,B.Tech,2025,4
'02020,"Shri Guru Gobind Singhji Institute of Engineering and Technology, Nanded",'0202050710,Chemical Engineering,Government-Aided Autonomous,Unknown,EWS,109628,63.3986014,E,S,EWS,B.Tech,2025,4
'02020,"Shri Guru Gobind Singhji Institute of Engineering and Technology, Nanded",'0202060610,Production Engineering,Government-Aided Autonomous,Unknown,GOPENS,61921,81.1967017,G,S,OPEN,B.Tech,2025,4
'02020,"Shri Guru Gobind Singhji Institute of Engineering and Technology, Nanded",'0202060610,Production Engineering,Government-Aided Autonomous,Unknown,GSCS,108356,63.6512871,G,S,SC,B.Tech,2025,4
'02020,"Shri Guru Gobind Singhji Institute of Engineering and Technology, Nanded",'0202060610,Production Engineering,Government-Aided Autonomous,Unknown,LOPENS,56395,82.9717485,L,S,OPEN,B.Tech,2025,4
'02020,"Shri Guru Gobind Singhji Institute of Engineering and Technology, Nanded",'0202060610,Production Engineering,Government-Aided Autonomous,Unknown,EWS,49844,85.1002266,E,S,EWS,B.Tech,2025,4
'02020,"Shri Guru Gobind Singhji Institute of Engineering and Technology, Nanded",'0202060610,Production Engineering,Government-Aided Autonomous,Unknown,GSTS,62660,81.0403668,G,S,ST,B.Tech,2025,4
'02020,"Shri Guru Gobind Singhji Institute of Engineering and Technology, Nanded",'0202060610,Production Engineering,Government-Aided Autonomous,Unknown,LSTS,60681,81.6453226,L,S,ST,B.Tech,2025,4
'02020,"Shri Guru Gobind Singhji Institute of Engineering and Technology, Nanded",'0202061210,Mechanical Engineering,Government-Aided Autonomous,Unknown,GOPENS,34360,89.8617670,G,S,OPEN,B.Tech,2025,4
'02020,"Shri Guru Gobind Singhji Institute of Engineering and Technology, Nanded",'0202061210,Mechanical Engineering,Government-Aided Autonomous,Unknown,GSTS,158621,38.3392226,G,S,ST,B.Tech,2025,4
'02020,"Shri Guru Gobind Singhji Institute of Engineering and Technology, Nanded",'0202061210,Mechanical Engineering,Government-Aided Autonomous,Unknown,GNT1S,51204,84.6429815,G,S,NT1,B.Tech,2025,4
'02020,"Shri Guru Gobind Singhji Institute of Engineering and Technology, Nanded",'0202061210,Mechanical Engineering,Government-Aided Autonomous,Unknown,GOBCS,37966,88.7700729,G,S,OBC,B.Tech,2025,4
'02020,"Shri Guru Gobind Singhji Institute of Engineering and Technology, Nanded",'0202061210,Mechanical Engineering,Government-Aided Autonomous,Unknown,LOPENS,40472,87.9825175,L,S,OPEN,B.Tech,2025,4
'02020,"Shri Guru Gobind Singhji Institute of Engineering and Technology, Nanded",'0202061210,Mechanical Engineering,Government-Aided Autonomous,Unknown,TFWS,42506,87.3499473,T,S,TFWS,B.Tech,2025,4
'02020,"Shri Guru Gobind Singhji Institute of Engineering and Technology, Nanded",'0202089610,Textile Technology,Government-Aided Autonomous,Unknown,GOPENS,11614,96.6725559,G,S,OPEN,B.Tech,2025,4
'02020,"Shri Guru Gobind Singhji Institute of Engineering and Technology, Nanded",'0202089610,Textile Technology,Government-Aided Autonomous,Unknown,LOPENS,51304,84.6215640,L,S,OPEN,B.Tech,2025,4
'02021,"University Department of Chemical Technology, Aurangabad",'0202150310,Food Technology,University Department,Unknown,GOPENH,63419,82.1346136,G,H,OPEN,B.Tech,2025,4
'02021,"University Department of Chemical Technology, Aurangabad",'0202181610,Pharmaceutical and Fine Chemical Technology,University Department,Unknown,GOBCH,79715,76.9346803,G,H,OBC,B.Tech,2025,4
'02021,"University Department of Chemical Technology, Aurangabad",'0202181610,Pharmaceutical and Fine Chemical Technology,University Department,Unknown,LOPENH,62917,82.2763176,L,H,OPEN,B.Tech,2025,4
'02032,"Institute of Chemical Technology, Mumbai Marathwada off campus, Jalna",'0203290410,Chemical Engineering,University Managed Autonomous,Unknown,GOPENS,27914,91.8376367,G,S,OPEN,B.Tech,2025,4
'02032,"Institute of Chemical Technology, Mumbai Marathwada off campus, Jalna",'0203290410,Chemical Engineering,University Managed Autonomous,Unknown,GSCS,70247,78.5512207,G,S,SC,B.Tech,2025,4
'02032,"Institute of Chemical Technology, Mumbai Marathwada off campus, Jalna",'0203290410,Chemical Engineering,University Managed Autonomous,Unknown,GOBCS,36944,89.1256809,G,S,OBC,B.Tech,2025,4
'02032,"Institute of Chemical Technology, Mumbai Marathwada off campus, Jalna",'0203290410,Chemical Engineering,University Managed Autonomous,Unknown,LOPENS,26694,92.2398466,L,S,OPEN,B.Tech,2025,4
'02032,"Institute of Chemical Technology, Mumbai Marathwada off campus, Jalna",'0203290410,Chemical Engineering,University Managed Autonomous,Unknown,LSCS,156516,39.5742169,L,S,SC,B.Tech,2025,4
'02032,"Institute of Chemical Technology, Mumbai Marathwada off campus, Jalna",'0203290410,Chemical Engineering,University Managed Autonomous,Unknown,EWS,74769,76.9213781,E,S,EWS,B.Tech,2025,4
'02032,"Institute of Chemical Technology, Mumbai Marathwada off campus, Jalna",'0203290410,Chemical Engineering,University Managed Autonomous,Unknown,PWDOPENS,24936,92.7307558,P,S,PWD,B.Tech,2025,4
'02111,"Everest Education Society, Group of Institutions (Integrated Campus), Ohar",'0211119110,Civil Engineering,Un-Aided Religious Minority - Muslim Home University : Dr. Babasaheb Ambedkar Marathwada University,Dr. Babasaheb Ambedkar Marathwada University,GOPENH,173225,28.3463753,G,H,OPEN,B.Tech,2025,4
'02111,"Everest Education Society, Group of Institutions (Integrated Campus), Ohar",'0211119110,Civil Engineering,Un-Aided Religious Minority - Muslim Home University : Dr. Babasaheb Ambedkar Marathwada University,Dr. Babasaheb Ambedkar Marathwada University,LOPENH,200131,4.5709952,L,H,OPEN,B.Tech,2025,4
'02111,"Everest Education Society, Group of Institutions (Integrated Campus), Ohar",'0211124210,Computer Science and Engineering,Un-Aided Religious Minority - Muslim Home University : Dr. Babasaheb Ambedkar Marathwada University,Dr. Babasaheb Ambedkar Marathwada University,GOPENH,128518,54.5739657,G,H,OPEN,B.Tech,2025,4
'02111,"Everest Education Society, Group of Institutions (Integrated Campus), Ohar",'0211124210,Computer Science and Engineering,Un-Aided Religious Minority - Muslim Home University : Dr. Babasaheb Ambedkar Marathwada University,Dr. Babasaheb Ambedkar Marathwada University,LOPENH,74936,76.8973331,L,H,OPEN,B.Tech,2025,4
'02111,"Everest Education Society, Group of Institutions (Integrated Campus), Ohar",'0211129310,Electrical Engineering,Un-Aided Religious Minority - Muslim Home University : Dr. Babasaheb Ambedkar Marathwada University,Dr. Babasaheb Ambedkar Marathwada University,GOPENH,169354,31.9226076,G,H,OPEN,B.Tech,2025,4
'02111,"Everest Education Society, Group of Institutions (Integrated Campus), Ohar",'0211129310,Electrical Engineering,Un-Aided Religious Minority - Muslim Home University : Dr. Babasaheb Ambedkar Marathwada University,Dr. Babasaheb Ambedkar Marathwada University,LOPENH,191220,13.4300699,L,H,OPEN,B.Tech,2025,4
'02111,"Everest Education Society, Group of Institutions (Integrated Campus), Ohar",'0211161210,Mechanical Engineering,Un-Aided Religious Minority - Muslim Home University : Dr. Babasaheb Ambedkar Marathwada University,Dr. Babasaheb Ambedkar Marathwada University,GOPENO,117466,60.2517483,G,O,OPEN,B.Tech,2025,4
'02111,"Everest Education Society, Group of Institutions (Integrated Campus), Ohar",'0211192110,Artificial Intelligence and Machine Learning,Un-Aided Religious Minority - Muslim Home University : Dr. Babasaheb Ambedkar Marathwada University,Dr. Babasaheb Ambedkar Marathwada University,GOPENH,164092,35.1590106,G,H,OPEN,B.Tech,2025,4
'02111,"Everest Education Society, Group of Institutions (Integrated Campus), Ohar",'0211199510,Artificial Intelligence and Data Science,Un-Aided Religious Minority - Muslim Home University : Dr. Babasaheb Ambedkar Marathwada University,Dr. Babasaheb Ambedkar Marathwada University,GOPENH,155665,39.7546871,G,H,OPEN,B.Tech,2025,4
'02111,"Everest Education Society, Group of Institutions (Integrated Campus), Ohar",'0211199510,Artificial Intelligence and Data Science,Un-Aided Religious Minority - Muslim Home University : Dr. Babasaheb Ambedkar Marathwada University,Dr. Babasaheb Ambedkar Marathwada University,LOPENH,172472,28.8537986,L,H,OPEN,B.Tech,2025,4
'02111,"Everest Education Society, Group of Institutions (Integrated Campus), Ohar",'0211199510,Artificial Intelligence and Data Science,Un-Aided Religious Minority - Muslim Home University : Dr. Babasaheb Ambedkar Marathwada University,Dr. Babasaheb Ambedkar Marathwada University,LOPENH,195084,9.8110718,L,H,OPEN,B.Tech,2025,4
'02112,"Shree Yash Pratishthan, Shreeyash College of Engineering and Technology, Aurangabad",'0211219110,Civil Engineering,Un-Aided Home University : Dr. Babasaheb Ambedkar Marathwada University,Dr. Babasaheb Ambedkar Marathwada University,GNT1H,164744,33.6209084,G,H,NT1,B.Tech,2025,4
'02112,"Shree Yash Pratishthan, Shreeyash College of Engineering and Technology, Aurangabad",'0211219110,Civil Engineering,Un-Aided Home University : Dr. Babasaheb Ambedkar Marathwada University,Dr. Babasaheb Ambedkar Marathwada University,LSEBCH,128074,54.5872518,L,H,SEBC,B.Tech,2025,4
'02112,"Shree Yash Pratishthan, Shreeyash College of Engineering and Technology, Aurangabad",'0211224210,Computer Science and Engineering,Un-Aided Home University : Dr. Babasaheb Ambedkar Marathwada University,Dr. Babasaheb Ambedkar Marathwada University,GOPENH,111530,62.8632493,G,H,OPEN,B.Tech,2025,4
'02112,"Shree Yash Pratishthan, Shreeyash College of Engineering and Technology, Aurangabad",'0211224210,Computer Science and Engineering,Un-Aided Home University : Dr. Babasaheb Ambedkar Marathwada University,Dr. Babasaheb Ambedkar Marathwada University,GSCH,130369,53.7591782,G,H,SC,B.Tech,2025,4
'02112,"Shree Yash Pratishthan, Shreeyash College of Engineering and Technology, Aurangabad",'0211224210,Computer Science and Engineering,Un-Aided Home University : Dr. Babasaheb Ambedkar Marathwada University,Dr. Babasaheb Ambedkar Marathwada University,GNT3H,136664,50.5909012,G,H,NT3,B.Tech,2025,4
'02112,"Shree Yash Pratishthan, Shreeyash College of Engineering and Technology, Aurangabad",'0211224210,Computer Science and Engineering,Un-Aided Home University : Dr. Babasaheb Ambedkar Marathwada University,Dr. Babasaheb Ambedkar Marathwada University,GSEBCH,117424,60.2517483,G,H,SEBC,B.Tech,2025,4
'02112,"Shree Yash Pratishthan, Shreeyash College of Engineering and Technology, Aurangabad",'0211224210,Computer Science and Engineering,Un-Aided Home University : Dr. Babasaheb Ambedkar Marathwada University,Dr. Babasaheb Ambedkar Marathwada University,LOPENH,92549,70.5005064,L,H,OPEN,B.Tech,2025,4
'02112,"Shree Yash Pratishthan, Shreeyash College of Engineering and Technology, Aurangabad",'0211224210,Computer Science and Engineering,Un-Aided Home University : Dr. Babasaheb Ambedkar Marathwada University,Dr. Babasaheb Ambedkar Marathwada University,LSCH,126434,55.6405756,L,H,SC,B.Tech,2025,4
'02112,"Shree Yash Pratishthan, Shreeyash College of Engineering and Technology, Aurangabad",'0211224210,Computer Science and Engineering,Un-Aided Home University : Dr. Babasaheb Ambedkar Marathwada University,Dr. Babasaheb Ambedkar Marathwada University,PWDOPENH,113980,61.5619516,P,H,PWD,B.Tech,2025,4
'02112,"Shree Yash Pratishthan, Shreeyash College of Engineering and Technology, Aurangabad",'0211224210,Computer Science and Engineering,Un-Aided Home University : Dr. Babasaheb Ambedkar Marathwada University,Dr. Babasaheb Ambedkar Marathwada University,PWDSEBCH,104730,65.6692751,P,H,PWD,B.Tech,2025,4
'02112,"Shree Yash Pratishthan, Shreeyash College of Engineering and Technology, Aurangabad",'0211224210,Computer Science and Engineering,Un-Aided Home University : Dr. Babasaheb Ambedkar Marathwada University,Dr. Babasaheb Ambedkar Marathwada University,GSTH,113131,61.7969670,G,H,ST,B.Tech,2025,4
'02112,"Shree Yash Pratishthan, Shreeyash College of Engineering and Technology, Aurangabad",'0211224210,Computer Science and Engineering,Un-Aided Home University : Dr. Babasaheb Ambedkar Marathwada University,Dr. Babasaheb Ambedkar Marathwada University,LSTH,113798,61.5619516,L,H,ST,B.Tech,2025,4
'02112,"Shree Yash Pratishthan, Shreeyash College of Engineering and Technology, Aurangabad",'0211229310,Electrical Engineering,Un-Aided Home University : Dr. Babasaheb Ambedkar Marathwada University,Dr. Babasaheb Ambedkar Marathwada University,GOPENH,134322,51.7009371,G,H,OPEN,B.Tech,2025,4
'02112,"Shree Yash Pratishthan, Shreeyash College of Engineering and Technology, Aurangabad",'0211229310,Electrical Engineering,Un-Aided Home University : Dr. Babasaheb Ambedkar Marathwada University,Dr. Babasaheb Ambedkar Marathwada University,GSCH,139993,49.2256217,G,H,SC,B.Tech,2025,4
'02112,"Shree Yash Pratishthan, Shreeyash College of Engineering and Technology, Aurangabad",'0211229310,Electrical Engineering,Un-Aided Home University : Dr. Babasaheb Ambedkar Marathwada University,Dr. Babasaheb Ambedkar Marathwada University,LOPENH,120003,58.8525307,L,H,OPEN,B.Tech,2025,4
'02112,"Shree Yash Pratishthan, Shreeyash College of Engineering and Technology, Aurangabad",'0211261210,Mechanical Engineering,Un-Aided Home University : Dr. Babasaheb Ambedkar Marathwada University,Dr. Babasaheb Ambedkar Marathwada University,GOPENH,142123,47.7841578,G,H,OPEN,B.Tech,2025,4
'02112,"Shree Yash Pratishthan, Shreeyash College of Engineering and Technology, Aurangabad",'0211261210,Mechanical Engineering,Un-Aided Home University : Dr. Babasaheb Ambedkar Marathwada University,Dr. Babasaheb Ambedkar Marathwada University,GNT3H,174298,28.1994074,G,H,NT3,B.Tech,2025,4
'02112,"Shree Yash Pratishthan, Shreeyash College of Engineering and Technology, Aurangabad",'0211261210,Mechanical Engineering,Un-Aided Home University : Dr. Babasaheb Ambedkar Marathwada University,Dr. Babasaheb Ambedkar Marathwada University,GSEBCH,147407,44.5303298,G,H,SEBC,B.Tech,2025,4
'02112,"Shree Yash Pratishthan, Shreeyash College of Engineering and Technology, Aurangabad",'0211261210,Mechanical Engineering,Un-Aided Home University : Dr. Babasaheb Ambedkar Marathwada University,Dr. Babasaheb Ambedkar Marathwada University,LOPENH,143741,47.0502678,L,H,OPEN,B.Tech,2025,4
'02112,"Shree Yash Pratishthan, Shreeyash College of Engineering and Technology, Aurangabad",'0211261210,Mechanical Engineering,Un-Aided Home University : Dr. Babasaheb Ambedkar Marathwada University,Dr. Babasaheb Ambedkar Marathwada University,LOBCH,155308,39.9024730,L,H,OBC,B.Tech,2025,4
'02112,"Shree Yash Pratishthan, Shreeyash College of Engineering and Technology, Aurangabad",'0211284410,Electronics and Computer Engineering,Un-Aided Home University : Dr. Babasaheb Ambedkar Marathwada University,Dr. Babasaheb Ambedkar Marathwada University,LOPENO,128944,54.4314351,L,O,OPEN,B.Tech,2025,4
'02112,"Shree Yash Pratishthan, Shreeyash College of Engineering and Technology, Aurangabad",'0211291110,Computer Science and Engineering(Artificial Intelligence and Machine Learning),Un-Aided Home University : Dr. Babasaheb Ambedkar Marathwada University,Dr. Babasaheb Ambedkar Marathwada University,GOPENH,111410,62.8632493,G,H,OPEN,B.Tech,2025,4
'02112,"Shree Yash Pratishthan, Shreeyash College of Engineering and Technology, Aurangabad",'0211291210,Computer Science and Engineering(Data Science),Un-Aided Home University : Dr. Babasaheb Ambedkar Marathwada University,Dr. Babasaheb Ambedkar Marathwada University,GOPENO,69129,78.6729363,G,O,OPEN,B.Tech,2025,4
'02112,"Shree Yash Pratishthan, Shreeyash College of Engineering and Technology, Aurangabad",'0211291210,Computer Science and Engineering(Data Science),Un-Aided Home University : Dr. Babasaheb Ambedkar Marathwada University,Dr. Babasaheb Ambedkar Marathwada University,GOBCO,113496,61.6834321,G,O,OBC,B.Tech,2025,4
'02112,"Shree Yash Pratishthan, Shreeyash College of Engineering and Technology, Aurangabad",'0211291210,Computer Science and Engineering(Data Science),Un-Aided Home University : Dr. Babasaheb Ambedkar Marathwada University,Dr. Babasaheb Ambedkar Marathwada University,LSCO,136220,50.7016833,L,O,SC,B.Tech,2025,4
'02112,"Shree Yash Pratishthan, Shreeyash College of Engineering and Technology, Aurangabad",'0211292910,VLSI,Un-Aided Home University : Dr. Babasaheb Ambedkar Marathwada University,Dr. Babasaheb Ambedkar Marathwada University,LSTH,140704,48.5587427,L,H,ST,B.Tech,2025,4
'02112,"Shree Yash Pratishthan, Shreeyash College of Engineering and Technology, Aurangabad",'0211293210,5G,Un-Aided Home University : Dr. Babasaheb Ambedkar Marathwada University,Dr. Babasaheb Ambedkar Marathwada University,GOPENO,159189,37.6293706,G,O,OPEN,B.Tech,2025,4
'02112,"Shree Yash Pratishthan, Shreeyash College of Engineering and Technology, Aurangabad",'0211293210,5G,Un-Aided Home University : Dr. Babasaheb Ambedkar Marathwada University,Dr. Babasaheb Ambedkar Marathwada University,GSTO,184680,19.2051273,G,O,ST,B.Tech,2025,4
'02113,"G. S. Mandal's Maharashtra Institute of Technology, Aurangabad",'0211301110,Agricultural Engineering,Un-Aided Autonomous,Unknown,GOPENS,89113,73.6896707,G,S,OPEN,B.Tech,2025,4
'02113,"G. S. Mandal's Maharashtra Institute of Technology, Aurangabad",'0211301110,Agricultural Engineering,Un-Aided Autonomous,Unknown,GSCS,102687,69.0979021,G,S,SC,B.Tech,2025,4
'02113,"G. S. Mandal's Maharashtra Institute of Technology, Aurangabad",'0211301110,Agricultural Engineering,Un-Aided Autonomous,Unknown,GNT1S,150038,47.7647277,G,S,NT1,B.Tech,2025,4
'02113,"G. S. Mandal's Maharashtra Institute of Technology, Aurangabad",'0211301110,Agricultural Engineering,Un-Aided Autonomous,Unknown,GOBCS,109675,66.3547544,G,S,OBC,B.Tech,2025,4
'02113,"G. S. Mandal's Maharashtra Institute of Technology, Aurangabad",'0211301110,Agricultural Engineering,Un-Aided Autonomous,Unknown,GSEBCS,110035,66.2972028,G,S,SEBC,B.Tech,2025,4
'02113,"G. S. Mandal's Maharashtra Institute of Technology, Aurangabad",'0211301110,Agricultural Engineering,Un-Aided Autonomous,Unknown,LOPENS,82441,76.1597181,L,S,OPEN,B.Tech,2025,4
'02113,"G. S. Mandal's Maharashtra Institute of Technology, Aurangabad",'0211301110,Agricultural Engineering,Un-Aided Autonomous,Unknown,LSCS,113326,64.8344034,L,S,SC,B.Tech,2025,4
'02113,"G. S. Mandal's Maharashtra Institute of Technology, Aurangabad",'0211301110,Agricultural Engineering,Un-Aided Autonomous,Unknown,LOBCS,92716,72.7087944,L,S,OBC,B.Tech,2025,4
'02113,"G. S. Mandal's Maharashtra Institute of Technology, Aurangabad",'0211301110,Agricultural Engineering,Un-Aided Autonomous,Unknown,GSTS,100158,70.0246042,G,S,ST,B.Tech,2025,4
'02113,"G. S. Mandal's Maharashtra Institute of Technology, Aurangabad",'0211319110,Civil Engineering,Un-Aided Autonomous,Unknown,GNT1S,160879,36.1811489,G,S,NT1,B.Tech,2025,4
'02113,"G. S. Mandal's Maharashtra Institute of Technology, Aurangabad",'0211319110,Civil Engineering,Un-Aided Autonomous,Unknown,GNT2S,163762,35.4407253,G,S,NT2,B.Tech,2025,4
'02113,"G. S. Mandal's Maharashtra Institute of Technology, Aurangabad",'0211319110,Civil Engineering,Un-Aided Autonomous,Unknown,GOBCS,100481,67.1459332,G,S,OBC,B.Tech,2025,4
'02113,"G. S. Mandal's Maharashtra Institute of Technology, Aurangabad",'0211319110,Civil Engineering,Un-Aided Autonomous,Unknown,GSEBCS,95757,69.0979021,G,S,SEBC,B.Tech,2025,4
'02113,"G. S. Mandal's Maharashtra Institute of Technology, Aurangabad",'0211319110,Civil Engineering,Un-Aided Autonomous,Unknown,LOPENS,101649,66.4263323,L,S,OPEN,B.Tech,2025,4
'02113,"G. S. Mandal's Maharashtra Institute of Technology, Aurangabad",'0211319110,Civil Engineering,Un-Aided Autonomous,Unknown,LSCS,151280,42.9247346,L,S,SC,B.Tech,2025,4
'02113,"G. S. Mandal's Maharashtra Institute of Technology, Aurangabad",'0211319110,Civil Engineering,Un-Aided Autonomous,Unknown,GSTS,90324,71.4755245,G,S,ST,B.Tech,2025,4
'02113,"G. S. Mandal's Maharashtra Institute of Technology, Aurangabad",'0211324210,Computer Science and Engineering,Un-Aided Autonomous,Unknown,GOPENS,45022,86.6718198,G,S,OPEN,B.Tech,2025,4
'02113,"G. S. Mandal's Maharashtra Institute of Technology, Aurangabad",'0211324210,Computer Science and Engineering,Un-Aided Autonomous,Unknown,GSCS,54945,83.4741816,G,S,SC,B.Tech,2025,4
'02113,"G. S. Mandal's Maharashtra Institute of Technology, Aurangabad",'0211324210,Computer Science and Engineering,Un-Aided Autonomous,Unknown,GSTS,49826,85.1002266,G,S,ST,B.Tech,2025,4
'02113,"G. S. Mandal's Maharashtra Institute of Technology, Aurangabad",'0211324210,Computer Science and Engineering,Un-Aided Autonomous,Unknown,GOBCS,60365,81.7705077,G,S,OBC,B.Tech,2025,4
'02113,"G. S. Mandal's Maharashtra Institute of Technology, Aurangabad",'0211324210,Computer Science and Engineering,Un-Aided Autonomous,Unknown,LOPENS,37266,89.0414266,L,S,OPEN,B.Tech,2025,4
'02113,"G. S. Mandal's Maharashtra Institute of Technology, Aurangabad",'0211324210,Computer Science and Engineering,Un-Aided Autonomous,Unknown,EWS,30322,91.0740715,E,S,EWS,B.Tech,2025,4
'02113,"G. S. Mandal's Maharashtra Institute of Technology, Aurangabad",'0211324210,Computer Science and Engineering,Un-Aided Autonomous,Unknown,DEFOBCS,50656,84.8736599,D,S,OBC,B.Tech,2025,4
'02113,"G. S. Mandal's Maharashtra Institute of Technology, Aurangabad",'0211324210,Computer Science and Engineering,Un-Aided Autonomous,Unknown,PWDSCS,67633,79.4832155,P,S,PWD,B.Tech,2025,4
'02113,"G. S. Mandal's Maharashtra Institute of Technology, Aurangabad",'0211324210,Computer Science and Engineering,Un-Aided Autonomous,Unknown,LSTS,41892,87.5995489,L,S,ST,B.Tech,2025,4
'02113,"G. S. Mandal's Maharashtra Institute of Technology, Aurangabad",'0211324210,Computer Science and Engineering,Un-Aided Autonomous,Unknown,ORPHAN,46275,86.2326458,O,N,ORPHAN,B.Tech,2025,4
'02113,"G. S. Mandal's Maharashtra Institute of Technology, Aurangabad",'0211325710,Computer Science and Design,Un-Aided Autonomous,Unknown,GOPENS,67144,79.6925092,G,S,OPEN,B.Tech,2025,4
'02113,"G. S. Mandal's Maharashtra Institute of Technology, Aurangabad",'0211325710,Computer Science and Design,Un-Aided Autonomous,Unknown,GSCS,88462,71.8197195,G,S,SC,B.Tech,2025,4
'02113,"G. S. Mandal's Maharashtra Institute of Technology, Aurangabad",'0211325710,Computer Science and Design,Un-Aided Autonomous,Unknown,LNT3S,106222,64.7148712,L,S,NT3,B.Tech,2025,4
'02113,"G. S. Mandal's Maharashtra Institute of Technology, Aurangabad",'0211325710,Computer Science and Design,Un-Aided Autonomous,Unknown,LOBCS,80060,75.1927485,L,S,OBC,B.Tech,2025,4
'02113,"G. S. Mandal's Maharashtra Institute of Technology, Aurangabad",'0211325710,Computer Science and Design,Un-Aided Autonomous,Unknown,DEFOBCS,63785,80.7175218,D,S,OBC,B.Tech,2025,4
'02113,"G. S. Mandal's Maharashtra Institute of Technology, Aurangabad",'0211325710,Computer Science and Design,Un-Aided Autonomous,Unknown,PWDOBCS,81430,74.6802716,P,S,PWD,B.Tech,2025,4
'02113,"G. S. Mandal's Maharashtra Institute of Technology, Aurangabad",'0211325710,Computer Science and Design,Un-Aided Autonomous,Unknown,GSTS,72997,77.2287062,G,S,ST,B.Tech,2025,4
'02113,"G. S. Mandal's Maharashtra Institute of Technology, Aurangabad",'0211325710,Computer Science and Design,Un-Aided Autonomous,Unknown,ORPHAN,73769,77.1296846,O,N,ORPHAN,B.Tech,2025,4
'02113,"G. S. Mandal's Maharashtra Institute of Technology, Aurangabad",'0211326310,Artificial Intelligence (AI) and Data Science,Un-Aided Autonomous,Unknown,GOPENS,51417,84.6215640,G,S,OPEN,B.Tech,2025,4
'02113,"G. S. Mandal's Maharashtra Institute of Technology, Aurangabad",'0211326310,Artificial Intelligence (AI) and Data Science,Un-Aided Autonomous,Unknown,GOBCS,51997,84.4752545,G,S,OBC,B.Tech,2025,4
'02113,"G. S. Mandal's Maharashtra Institute of Technology, Aurangabad",'0211326310,Artificial Intelligence (AI) and Data Science,Un-Aided Autonomous,Unknown,LOPENS,41718,87.6322867,L,S,OPEN,B.Tech,2025,4
'02113,"G. S. Mandal's Maharashtra Institute of Technology, Aurangabad",'0211326310,Artificial Intelligence (AI) and Data Science,Un-Aided Autonomous,Unknown,EWS,98025,68.3753318,E,S,EWS,B.Tech,2025,4
'02113,"G. S. Mandal's Maharashtra Institute of Technology, Aurangabad",'0211329310,Electrical Engineering,Un-Aided Autonomous,Unknown,GOPENS,78657,75.4048881,G,S,OPEN,B.Tech,2025,4
'02113,"G. S. Mandal's Maharashtra Institute of Technology, Aurangabad",'0211329310,Electrical Engineering,Un-Aided Autonomous,Unknown,GOBCS,93489,70.2033567,G,S,OBC,B.Tech,2025,4
'02113,"G. S. Mandal's Maharashtra Institute of Technology, Aurangabad",'0211329310,Electrical Engineering,Un-Aided Autonomous,Unknown,LOPENS,75817,76.7635852,L,S,OPEN,B.Tech,2025,4
'02113,"G. S. Mandal's Maharashtra Institute of Technology, Aurangabad",'0211329310,Electrical Engineering,Un-Aided Autonomous,Unknown,EWS,115799,60.6344780,E,S,EWS,B.Tech,2025,4
'02113,"G. S. Mandal's Maharashtra Institute of Technology, Aurangabad",'0211329310,Electrical Engineering,Un-Aided Autonomous,Unknown,DEFOPENS,96538,68.9620341,D,S,OPEN,B.Tech,2025,4
'02113,"G. S. Mandal's Maharashtra Institute of Technology, Aurangabad",'0211329310,Electrical Engineering,Un-Aided Autonomous,Unknown,PWDSEBCS,77008,75.8001957,P,S,PWD,B.Tech,2025,4
'02113,"G. S. Mandal's Maharashtra Institute of Technology, Aurangabad",'0211329310,Electrical Engineering,Un-Aided Autonomous,Unknown,GSTS,97154,68.4887011,G,S,ST,B.Tech,2025,4
'02113,"G. S. Mandal's Maharashtra Institute of Technology, Aurangabad",'0211329310,Electrical Engineering,Un-Aided Autonomous,Unknown,ORPHAN,95576,69.2179237,O,N,ORPHAN,B.Tech,2025,4
'02113,"G. S. Mandal's Maharashtra Institute of Technology, Aurangabad",'0211337210,Electronics and Telecommunication Engg,Un-Aided Autonomous,Unknown,GOPENS,75750,76.7635852,G,S,OPEN,B.Tech,2025,4
'02113,"G. S. Mandal's Maharashtra Institute of Technology, Aurangabad",'0211337210,Electronics and Telecommunication Engg,Un-Aided Autonomous,Unknown,TFWS,41869,87.5995489,T,S,TFWS,B.Tech,2025,4
'02113,"G. S. Mandal's Maharashtra Institute of Technology, Aurangabad",'0211337210,Electronics and Telecommunication Engg,Un-Aided Autonomous,Unknown,EWS,142197,47.7841578,E,S,EWS,B.Tech,2025,4
'02113,"G. S. Mandal's Maharashtra Institute of Technology, Aurangabad",'0211337210,Electronics and Telecommunication Engg,Un-Aided Autonomous,Unknown,PWDOPENS,71574,78.2396759,P,S,PWD,B.Tech,2025,4
'02113,"G. S. Mandal's Maharashtra Institute of Technology, Aurangabad",'0211350110,Plastic and Polymer Engineering,Un-Aided Autonomous,Unknown,GOPENS,119053,59.1762367,G,S,OPEN,B.Tech,2025,4
'02113,"G. S. Mandal's Maharashtra Institute of Technology, Aurangabad",'0211350110,Plastic and Polymer Engineering,Un-Aided Autonomous,Unknown,GOBCS,161521,36.0836122,G,S,OBC,B.Tech,2025,4
'02113,"G. S. Mandal's Maharashtra Institute of Technology, Aurangabad",'0211350110,Plastic and Polymer Engineering,Un-Aided Autonomous,Unknown,LOPENS,117361,60.2517483,L,S,OPEN,B.Tech,2025,4
'02113,"G. S. Mandal's Maharashtra Institute of Technology, Aurangabad",'0211350110,Plastic and Polymer Engineering,Un-Aided Autonomous,Unknown,LOBCS,171926,28.9849310,L,S,OBC,B.Tech,2025,4
'02113,"G. S. Mandal's Maharashtra Institute of Technology, Aurangabad",'0211350110,Plastic and Polymer Engineering,Un-Aided Autonomous,Unknown,GSTS,138503,49.6043895,G,S,ST,B.Tech,2025,4
'02113,"G. S. Mandal's Maharashtra Institute of Technology, Aurangabad",'0211361210,Mechanical Engineering,Un-Aided Autonomous,Unknown,GOPENS,81612,74.5404987,G,S,OPEN,B.Tech,2025,4
'02113,"G. S. Mandal's Maharashtra Institute of Technology, Aurangabad",'0211361210,Mechanical Engineering,Un-Aided Autonomous,Unknown,GSCS,108475,63.6512871,G,S,SC,B.Tech,2025,4
'02113,"G. S. Mandal's Maharashtra Institute of Technology, Aurangabad",'0211361210,Mechanical Engineering,Un-Aided Autonomous,Unknown,GSEBCS,106437,64.7131860,G,S,SEBC,B.Tech,2025,4
'02113,"G. S. Mandal's Maharashtra Institute of Technology, Aurangabad",'0211361210,Mechanical Engineering,Un-Aided Autonomous,Unknown,LOPENS,103944,65.8462319,L,S,OPEN,B.Tech,2025,4
'02113,"G. S. Mandal's Maharashtra Institute of Technology, Aurangabad",'0211361210,Mechanical Engineering,Un-Aided Autonomous,Unknown,LOBCS,116778,60.4221150,L,S,OBC,B.Tech,2025,4
'02113,"G. S. Mandal's Maharashtra Institute of Technology, Aurangabad",'0211361210,Mechanical Engineering,Un-Aided Autonomous,Unknown,EWS,160165,36.5248856,E,S,EWS,B.Tech,2025,4
'02113,"G. S. Mandal's Maharashtra Institute of Technology, Aurangabad",'0211361210,Mechanical Engineering,Un-Aided Autonomous,Unknown,DEFOBCS,76690,76.2716859,D,S,OBC,B.Tech,2025,4
'02113,"G. S. Mandal's Maharashtra Institute of Technology, Aurangabad",'0211362410,Mechatronics Engineering,Un-Aided Autonomous,Unknown,GOBCS,122409,57.5410529,G,S,OBC,B.Tech,2025,4
'02113,"G. S. Mandal's Maharashtra Institute of Technology, Aurangabad",'0211362410,Mechatronics Engineering,Un-Aided Autonomous,Unknown,TFWS,95431,69.2179237,T,S,TFWS,B.Tech,2025,4
'02113,"G. S. Mandal's Maharashtra Institute of Technology, Aurangabad",'0211362410,Mechatronics Engineering,Un-Aided Autonomous,Unknown,PWDOBCS,117915,59.9607019,P,S,PWD,B.Tech,2025,4
'02113,"G. S. Mandal's Maharashtra Institute of Technology, Aurangabad",'0211384410,Electronics and Computer Engineering,Un-Aided Autonomous,Unknown,GOPENS,73454,77.1618860,G,S,OPEN,B.Tech,2025,4
'02113,"G. S. Mandal's Maharashtra Institute of Technology, Aurangabad",'0211384410,Electronics and Computer Engineering,Un-Aided Autonomous,Unknown,GSEBCS,82211,74.0094972,G,S,SEBC,B.Tech,2025,4
'02114,"Deogiri Institute of Engineering and Management Studies, Aurangabad",'0211419110,Civil Engineering,Un-Aided Autonomous Home University : Autonomous Institute,Autonomous Institute,GOPENS,73082,77.2287062,G,S,OPEN,B.Tech,2025,4
'02114,"Deogiri Institute of Engineering and Management Studies, Aurangabad",'0211419110,Civil Engineering,Un-Aided Autonomous Home University : Autonomous Institute,Autonomous Institute,GNT2S,144991,46.3957696,G,S,NT2,B.Tech,2025,4
'02114,"Deogiri Institute of Engineering and Management Studies, Aurangabad",'0211419110,Civil Engineering,Un-Aided Autonomous Home University : Autonomous Institute,Autonomous Institute,GSEBCS,95457,69.2179237,G,S,SEBC,B.Tech,2025,4
'02114,"Deogiri Institute of Engineering and Management Studies, Aurangabad",'0211419110,Civil Engineering,Un-Aided Autonomous Home University : Autonomous Institute,Autonomous Institute,LOPENS,70229,78.5512207,L,S,OPEN,B.Tech,2025,4
'02114,"Deogiri Institute of Engineering and Management Studies, Aurangabad",'0211419110,Civil Engineering,Un-Aided Autonomous Home University : Autonomous Institute,Autonomous Institute,DEFSCS,102767,66.2972028,D,S,SC,B.Tech,2025,4
'02114,"Deogiri Institute of Engineering and Management Studies, Aurangabad",'0211419110,Civil Engineering,Un-Aided Autonomous Home University : Autonomous Institute,Autonomous Institute,PWDOBCS,95098,69.3295893,P,S,PWD,B.Tech,2025,4
'02114,"Deogiri Institute of Engineering and Management Studies, Aurangabad",'0211424210,Computer Science and Engineering,Un-Aided Autonomous Home University : Autonomous Institute,Autonomous Institute,GOPENS,48751,85.4179037,G,S,OPEN,B.Tech,2025,4
'02114,"Deogiri Institute of Engineering and Management Studies, Aurangabad",'0211424210,Computer Science and Engineering,Un-Aided Autonomous Home University : Autonomous Institute,Autonomous Institute,GSEBCS,49555,85.1919561,G,S,SEBC,B.Tech,2025,4
'02114,"Deogiri Institute of Engineering and Management Studies, Aurangabad",'0211424210,Computer Science and Engineering,Un-Aided Autonomous Home University : Autonomous Institute,Autonomous Institute,LOPENS,43906,86.9651776,L,S,OPEN,B.Tech,2025,4
'02114,"Deogiri Institute of Engineering and Management Studies, Aurangabad",'0211424210,Computer Science and Engineering,Un-Aided Autonomous Home University : Autonomous Institute,Autonomous Institute,LOBCS,53084,84.0903324,L,S,OBC,B.Tech,2025,4
'02114,"Deogiri Institute of Engineering and Management Studies, Aurangabad",'0211424210,Computer Science and Engineering,Un-Aided Autonomous Home University : Autonomous Institute,Autonomous Institute,TFWS,34105,89.9884696,T,S,TFWS,B.Tech,2025,4
'02114,"Deogiri Institute of Engineering and Management Studies, Aurangabad",'0211437210,Electronics and Telecommunication Engg,Un-Aided Autonomous Home University : Autonomous Institute,Autonomous Institute,GOPENS,50326,84.9728618,G,S,OPEN,B.Tech,2025,4
'02114,"Deogiri Institute of Engineering and Management Studies, Aurangabad",'0211437210,Electronics and Telecommunication Engg,Un-Aided Autonomous Home University : Autonomous Institute,Autonomous Institute,GNT3S,74119,77.0149774,G,S,NT3,B.Tech,2025,4
'02114,"Deogiri Institute of Engineering and Management Studies, Aurangabad",'0211437210,Electronics and Telecommunication Engg,Un-Aided Autonomous Home University : Autonomous Institute,Autonomous Institute,LOPENS,75580,76.7694659,L,S,OPEN,B.Tech,2025,4
'02114,"Deogiri Institute of Engineering and Management Studies, Aurangabad",'0211437210,Electronics and Telecommunication Engg,Un-Aided Autonomous Home University : Autonomous Institute,Autonomous Institute,LOBCS,77276,75.6538462,L,S,OBC,B.Tech,2025,4
'02114,"Deogiri Institute of Engineering and Management Studies, Aurangabad",'0211437210,Electronics and Telecommunication Engg,Un-Aided Autonomous Home University : Autonomous Institute,Autonomous Institute,EWS,118745,59.2797111,E,S,EWS,B.Tech,2025,4
'02114,"Deogiri Institute of Engineering and Management Studies, Aurangabad",'0211437210,Electronics and Telecommunication Engg,Un-Aided Autonomous Home University : Autonomous Institute,Autonomous Institute,DEFSEBCS,56772,82.8437868,D,S,SEBC,B.Tech,2025,4
'02114,"Deogiri Institute of Engineering and Management Studies, Aurangabad",'0211437210,Electronics and Telecommunication Engg,Un-Aided Autonomous Home University : Autonomous Institute,Autonomous Institute,PWDSCS,78192,75.6075065,P,S,PWD,B.Tech,2025,4
'02114,"Deogiri Institute of Engineering and Management Studies, Aurangabad",'0211437210,Electronics and Telecommunication Engg,Un-Aided Autonomous Home University : Autonomous Institute,Autonomous Institute,GSTS,67805,79.3730892,G,S,ST,B.Tech,2025,4
'02114,"Deogiri Institute of Engineering and Management Studies, Aurangabad",'0211461210,Mechanical Engineering,Un-Aided Autonomous Home University : Autonomous Institute,Autonomous Institute,GOPENS,81510,74.6802716,G,S,OPEN,B.Tech,2025,4
'02114,"Deogiri Institute of Engineering and Management Studies, Aurangabad",'0211461210,Mechanical Engineering,Un-Aided Autonomous Home University : Autonomous Institute,Autonomous Institute,GSCS,126896,55.4922986,G,S,SC,B.Tech,2025,4
'02114,"Deogiri Institute of Engineering and Management Studies, Aurangabad",'0211461210,Mechanical Engineering,Un-Aided Autonomous Home University : Autonomous Institute,Autonomous Institute,LOPENS,97882,68.3753318,L,S,OPEN,B.Tech,2025,4
'02114,"Deogiri Institute of Engineering and Management Studies, Aurangabad",'0211461210,Mechanical Engineering,Un-Aided Autonomous Home University : Autonomous Institute,Autonomous Institute,LSCS,151529,42.7403863,L,S,SC,B.Tech,2025,4
'02114,"Deogiri Institute of Engineering and Management Studies, Aurangabad",'0211461210,Mechanical Engineering,Un-Aided Autonomous Home University : Autonomous Institute,Autonomous Institute,EWS,154486,40.0936536,E,S,EWS,B.Tech,2025,4
'02114,"Deogiri Institute of Engineering and Management Studies, Aurangabad",'0211461210,Mechanical Engineering,Un-Aided Autonomous Home University : Autonomous Institute,Autonomous Institute,PWDOBCS,107220,64.3453843,P,S,PWD,B.Tech,2025,4
'02114,"Deogiri Institute of Engineering and Management Studies, Aurangabad",'0211491110,Computer Science and Engineering(Artificial Intelligence and Machine Learning),Un-Aided Autonomous Home University : Autonomous Institute,Autonomous Institute,GOPENS,33913,90.0175917,G,S,OPEN,B.Tech,2025,4
'02114,"Deogiri Institute of Engineering and Management Studies, Aurangabad",'0211491110,Computer Science and Engineering(Artificial Intelligence and Machine Learning),Un-Aided Autonomous Home University : Autonomous Institute,Autonomous Institute,LOBCS,63663,80.7175218,L,S,OBC,B.Tech,2025,4
'02116,"Matoshri Pratishan's Group of Institutions (Integrated Campus), Kupsarwadi , Nanded",'0211619110,Civil Engineering,"Un-Aided Home University : Swami Ramanand Teerth Marathwada University, Nanded","Swami Ramanand Teerth Marathwada University, Nanded",GOPENH,137800,50.3223138,G,H,OPEN,B.Tech,2025,4
'02116,"Matoshri Pratishan's Group of Institutions (Integrated Campus), Kupsarwadi , Nanded",'0211619110,Civil Engineering,"Un-Aided Home University : Swami Ramanand Teerth Marathwada University, Nanded","Swami Ramanand Teerth Marathwada University, Nanded",GSCH,167701,32.1281783,G,H,SC,B.Tech,2025,4
'02116,"Matoshri Pratishan's Group of Institutions (Integrated Campus), Kupsarwadi , Nanded",'0211619110,Civil Engineering,"Un-Aided Home University : Swami Ramanand Teerth Marathwada University, Nanded","Swami Ramanand Teerth Marathwada University, Nanded",LOPENH,174670,26.7336064,L,H,OPEN,B.Tech,2025,4
'02116,"Matoshri Pratishan's Group of Institutions (Integrated Campus), Kupsarwadi , Nanded",'0211624210,Computer Science and Engineering,"Un-Aided Home University : Swami Ramanand Teerth Marathwada University, Nanded","Swami Ramanand Teerth Marathwada University, Nanded",GOPENH,120384,58.6907687,G,H,OPEN,B.Tech,2025,4
'02116,"Matoshri Pratishan's Group of Institutions (Integrated Campus), Kupsarwadi , Nanded",'0211624210,Computer Science and Engineering,"Un-Aided Home University : Swami Ramanand Teerth Marathwada University, Nanded","Swami Ramanand Teerth Marathwada University, Nanded",GSCH,134751,51.5716400,G,H,SC,B.Tech,2025,4
'02116,"Matoshri Pratishan's Group of Institutions (Integrated Campus), Kupsarwadi , Nanded",'0211624210,Computer Science and Engineering,"Un-Aided Home University : Swami Ramanand Teerth Marathwada University, Nanded","Swami Ramanand Teerth Marathwada University, Nanded",LOPENH,86208,72.7429418,L,H,OPEN,B.Tech,2025,4
'02116,"Matoshri Pratishan's Group of Institutions (Integrated Campus), Kupsarwadi , Nanded",'0211624210,Computer Science and Engineering,"Un-Aided Home University : Swami Ramanand Teerth Marathwada University, Nanded","Swami Ramanand Teerth Marathwada University, Nanded",LSCH,119952,58.8525307,L,H,SC,B.Tech,2025,4
'02116,"Matoshri Pratishan's Group of Institutions (Integrated Campus), Kupsarwadi , Nanded",'0211624210,Computer Science and Engineering,"Un-Aided Home University : Swami Ramanand Teerth Marathwada University, Nanded","Swami Ramanand Teerth Marathwada University, Nanded",LSEBCH,131073,53.6060165,L,H,SEBC,B.Tech,2025,4
'02116,"Matoshri Pratishan's Group of Institutions (Integrated Campus), Kupsarwadi , Nanded",'0211626310,Artificial Intelligence (AI) and Data Science,"Un-Aided Home University : Swami Ramanand Teerth Marathwada University, Nanded","Swami Ramanand Teerth Marathwada University, Nanded",LOPENH,134429,51.7009371,L,H,OPEN,B.Tech,2025,4
'02116,"Matoshri Pratishan's Group of Institutions (Integrated Campus), Kupsarwadi , Nanded",'0211626310,Artificial Intelligence (AI) and Data Science,"Un-Aided Home University : Swami Ramanand Teerth Marathwada University, Nanded","Swami Ramanand Teerth Marathwada University, Nanded",LNT1H,134525,51.5716400,L,H,NT1,B.Tech,2025,4
'02116,"Matoshri Pratishan's Group of Institutions (Integrated Campus), Kupsarwadi , Nanded",'0211626310,Artificial Intelligence (AI) and Data Science,"Un-Aided Home University : Swami Ramanand Teerth Marathwada University, Nanded","Swami Ramanand Teerth Marathwada University, Nanded",GSTH,142683,47.1398578,G,H,ST,B.Tech,2025,4
'02116,"Matoshri Pratishan's Group of Institutions (Integrated Campus), Kupsarwadi , Nanded",'0211629310,Electrical Engineering,"Un-Aided Home University : Swami Ramanand Teerth Marathwada University, Nanded","Swami Ramanand Teerth Marathwada University, Nanded",LSCH,203225,0.7902273,L,H,SC,B.Tech,2025,4
'02116,"Matoshri Pratishan's Group of Institutions (Integrated Campus), Kupsarwadi , Nanded",'0211629310,Electrical Engineering,"Un-Aided Home University : Swami Ramanand Teerth Marathwada University, Nanded","Swami Ramanand Teerth Marathwada University, Nanded",PWDOBCH,191203,13.4300699,P,H,PWD,B.Tech,2025,4
'02116,"Matoshri Pratishan's Group of Institutions (Integrated Campus), Kupsarwadi , Nanded",'0211637210,Electronics and Telecommunication Engg,"Un-Aided Home University : Swami Ramanand Teerth Marathwada University, Nanded","Swami Ramanand Teerth Marathwada University, Nanded",GOPENH,144450,46.6242967,G,H,OPEN,B.Tech,2025,4
'02116,"Matoshri Pratishan's Group of Institutions (Integrated Campus), Kupsarwadi , Nanded",'0211637210,Electronics and Telecommunication Engg,"Un-Aided Home University : Swami Ramanand Teerth Marathwada University, Nanded","Swami Ramanand Teerth Marathwada University, Nanded",LOPENH,141438,47.8015007,L,H,OPEN,B.Tech,2025,4
'02116,"Matoshri Pratishan's Group of Institutions (Integrated Campus), Kupsarwadi , Nanded",'0211637210,Electronics and Telecommunication Engg,"Un-Aided Home University : Swami Ramanand Teerth Marathwada University, Nanded","Swami Ramanand Teerth Marathwada University, Nanded",GNT2H,165730,32.6791073,G,H,NT2,B.Tech,2025,4
'02116,"Matoshri Pratishan's Group of Institutions (Integrated Campus), Kupsarwadi , Nanded",'0211661510,Mechanical & Automation Engineering,"Un-Aided Home University : Swami Ramanand Teerth Marathwada University, Nanded","Swami Ramanand Teerth Marathwada University, Nanded",GOBCO,160921,36.1161649,G,O,OBC,B.Tech,2025,4
'02116,"Matoshri Pratishan's Group of Institutions (Integrated Campus), Kupsarwadi , Nanded",'0211661510,Mechanical & Automation Engineering,"Un-Aided Home University : Swami Ramanand Teerth Marathwada University, Nanded","Swami Ramanand Teerth Marathwada University, Nanded",GNT3O,172367,28.8537986,G,O,NT3,B.Tech,2025,4
'02116,"Matoshri Pratishan's Group of Institutions (Integrated Campus), Kupsarwadi , Nanded",'0211661510,Mechanical & Automation Engineering,"Un-Aided Home University : Swami Ramanand Teerth Marathwada University, Nanded","Swami Ramanand Teerth Marathwada University, Nanded",LNT1O,158574,38.3392226,L,O,NT1,B.Tech,2025,4
'02116,"Matoshri Pratishan's Group of Institutions (Integrated Campus), Kupsarwadi , Nanded",'0211691110,Computer Science and Engineering(Artificial Intelligence and Machine Learning),"Un-Aided Home University : Swami Ramanand Teerth Marathwada University, Nanded","Swami Ramanand Teerth Marathwada University, Nanded",GSCH,147286,44.5303298,G,H,SC,B.Tech,2025,4
'02127,"Mahatma Gandhi Missions College of Engineering, Hingoli Rd, Nanded.",'0212719110,Civil Engineering,"Un-Aided Home University : Swami Ramanand Teerth Marathwada University, Nanded","Swami Ramanand Teerth Marathwada University, Nanded",GOPENH,50495,84.8811189,G,H,OPEN,B.Tech,2025,4
'02127,"Mahatma Gandhi Missions College of Engineering, Hingoli Rd, Nanded.",'0212719110,Civil Engineering,"Un-Aided Home University : Swami Ramanand Teerth Marathwada University, Nanded","Swami Ramanand Teerth Marathwada University, Nanded",GOBCH,109643,63.3986014,G,H,OBC,B.Tech,2025,4
'02127,"Mahatma Gandhi Missions College of Engineering, Hingoli Rd, Nanded.",'0212719110,Civil Engineering,"Un-Aided Home University : Swami Ramanand Teerth Marathwada University, Nanded","Swami Ramanand Teerth Marathwada University, Nanded",GSEBCH,96578,68.9620341,G,H,SEBC,B.Tech,2025,4
'02127,"Mahatma Gandhi Missions College of Engineering, Hingoli Rd, Nanded.",'0212719110,Civil Engineering,"Un-Aided Home University : Swami Ramanand Teerth Marathwada University, Nanded","Swami Ramanand Teerth Marathwada University, Nanded",LOPENH,96232,68.9620341,L,H,OPEN,B.Tech,2025,4
'02127,"Mahatma Gandhi Missions College of Engineering, Hingoli Rd, Nanded.",'0212719110,Civil Engineering,"Un-Aided Home University : Swami Ramanand Teerth Marathwada University, Nanded","Swami Ramanand Teerth Marathwada University, Nanded",LSCH,156203,39.6653303,L,H,SC,B.Tech,2025,4
'02127,"Mahatma Gandhi Missions College of Engineering, Hingoli Rd, Nanded.",'0212724210,Computer Science and Engineering,"Un-Aided Home University : Swami Ramanand Teerth Marathwada University, Nanded","Swami Ramanand Teerth Marathwada University, Nanded",GOPENH,60523,81.6453226,G,H,OPEN,B.Tech,2025,4
'02127,"Mahatma Gandhi Missions College of Engineering, Hingoli Rd, Nanded.",'0212724210,Computer Science and Engineering,"Un-Aided Home University : Swami Ramanand Teerth Marathwada University, Nanded","Swami Ramanand Teerth Marathwada University, Nanded",GNT2H,89393,71.5562808,G,H,NT2,B.Tech,2025,4
'02127,"Mahatma Gandhi Missions College of Engineering, Hingoli Rd, Nanded.",'0212724210,Computer Science and Engineering,"Un-Aided Home University : Swami Ramanand Teerth Marathwada University, Nanded","Swami Ramanand Teerth Marathwada University, Nanded",GSEBCH,65109,80.0000000,G,H,SEBC,B.Tech,2025,4
'02127,"Mahatma Gandhi Missions College of Engineering, Hingoli Rd, Nanded.",'0212724210,Computer Science and Engineering,"Un-Aided Home University : Swami Ramanand Teerth Marathwada University, Nanded","Swami Ramanand Teerth Marathwada University, Nanded",LOPENH,48888,85.4112341,L,H,OPEN,B.Tech,2025,4
'02127,"Mahatma Gandhi Missions College of Engineering, Hingoli Rd, Nanded.",'0212724210,Computer Science and Engineering,"Un-Aided Home University : Swami Ramanand Teerth Marathwada University, Nanded","Swami Ramanand Teerth Marathwada University, Nanded",GSTH,67037,79.6925092,G,H,ST,B.Tech,2025,4
'02127,"Mahatma Gandhi Missions College of Engineering, Hingoli Rd, Nanded.",'0212724210,Computer Science and Engineering,"Un-Aided Home University : Swami Ramanand Teerth Marathwada University, Nanded","Swami Ramanand Teerth Marathwada University, Nanded",LSTH,67066,79.6925092,L,H,ST,B.Tech,2025,4
'02127,"Mahatma Gandhi Missions College of Engineering, Hingoli Rd, Nanded.",'0212724610,Information Technology,"Un-Aided Home University : Swami Ramanand Teerth Marathwada University, Nanded","Swami Ramanand Teerth Marathwada University, Nanded",GOPENH,67235,79.6925092,G,H,OPEN,B.Tech,2025,4
'02127,"Mahatma Gandhi Missions College of Engineering, Hingoli Rd, Nanded.",'0212724610,Information Technology,"Un-Aided Home University : Swami Ramanand Teerth Marathwada University, Nanded","Swami Ramanand Teerth Marathwada University, Nanded",GNT1H,88702,71.6607627,G,H,NT1,B.Tech,2025,4
'02127,"Mahatma Gandhi Missions College of Engineering, Hingoli Rd, Nanded.",'0212724610,Information Technology,"Un-Aided Home University : Swami Ramanand Teerth Marathwada University, Nanded","Swami Ramanand Teerth Marathwada University, Nanded",LOPENH,60508,81.6453226,L,H,OPEN,B.Tech,2025,4
'02127,"Mahatma Gandhi Missions College of Engineering, Hingoli Rd, Nanded.",'0212737210,Electronics and Telecommunication Engg,"Un-Aided Home University : Swami Ramanand Teerth Marathwada University, Nanded","Swami Ramanand Teerth Marathwada University, Nanded",GOPENH,89989,71.4842352,G,H,OPEN,B.Tech,2025,4
'02127,"Mahatma Gandhi Missions College of Engineering, Hingoli Rd, Nanded.",'0212737210,Electronics and Telecommunication Engg,"Un-Aided Home University : Swami Ramanand Teerth Marathwada University, Nanded","Swami Ramanand Teerth Marathwada University, Nanded",GSEBCH,95302,69.3295893,G,H,SEBC,B.Tech,2025,4
'02127,"Mahatma Gandhi Missions College of Engineering, Hingoli Rd, Nanded.",'0212737210,Electronics and Telecommunication Engg,"Un-Aided Home University : Swami Ramanand Teerth Marathwada University, Nanded","Swami Ramanand Teerth Marathwada University, Nanded",LOPENH,71949,78.1688442,L,H,OPEN,B.Tech,2025,4
'02127,"Mahatma Gandhi Missions College of Engineering, Hingoli Rd, Nanded.",'0212737210,Electronics and Telecommunication Engg,"Un-Aided Home University : Swami Ramanand Teerth Marathwada University, Nanded","Swami Ramanand Teerth Marathwada University, Nanded",LSEBCH,91844,70.6189283,L,H,SEBC,B.Tech,2025,4
'02127,"Mahatma Gandhi Missions College of Engineering, Hingoli Rd, Nanded.",'0212761210,Mechanical Engineering,"Un-Aided Home University : Swami Ramanand Teerth Marathwada University, Nanded","Swami Ramanand Teerth Marathwada University, Nanded",GOPENH,118538,59.2797111,G,H,OPEN,B.Tech,2025,4
'02127,"Mahatma Gandhi Missions College of Engineering, Hingoli Rd, Nanded.",'0212761210,Mechanical Engineering,"Un-Aided Home University : Swami Ramanand Teerth Marathwada University, Nanded","Swami Ramanand Teerth Marathwada University, Nanded",GSCH,123081,57.4376852,G,H,SC,B.Tech,2025,4
'02127,"Mahatma Gandhi Missions College of Engineering, Hingoli Rd, Nanded.",'0212761210,Mechanical Engineering,"Un-Aided Home University : Swami Ramanand Teerth Marathwada University, Nanded","Swami Ramanand Teerth Marathwada University, Nanded",LOPENH,134089,51.7009371,L,H,OPEN,B.Tech,2025,4
'02127,"Mahatma Gandhi Missions College of Engineering, Hingoli Rd, Nanded.",'0212761210,Mechanical Engineering,"Un-Aided Home University : Swami Ramanand Teerth Marathwada University, Nanded","Swami Ramanand Teerth Marathwada University, Nanded",GSTH,122829,57.4376852,G,H,ST,B.Tech,2025,4
'02127,"Mahatma Gandhi Missions College of Engineering, Hingoli Rd, Nanded.",'0212761210,Mechanical Engineering,"Un-Aided Home University : Swami Ramanand Teerth Marathwada University, Nanded","Swami Ramanand Teerth Marathwada University, Nanded",GNT1H,123572,57.4017459,G,H,NT1,B.Tech,2025,4
'02127,"Mahatma Gandhi Missions College of Engineering, Hingoli Rd, Nanded.",'0212791610,Automation and Robotics,"Un-Aided Home University : Swami Ramanand Teerth Marathwada University, Nanded","Swami Ramanand Teerth Marathwada University, Nanded",GOPENH,107052,64.3871019,G,H,OPEN,B.Tech,2025,4
'02127,"Mahatma Gandhi Missions College of Engineering, Hingoli Rd, Nanded.",'0212791610,Automation and Robotics,"Un-Aided Home University : Swami Ramanand Teerth Marathwada University, Nanded","Swami Ramanand Teerth Marathwada University, Nanded",GSEBCH,123113,57.4376852,G,H,SEBC,B.Tech,2025,4
'02127,"Mahatma Gandhi Missions College of Engineering, Hingoli Rd, Nanded.",'0212791610,Automation and Robotics,"Un-Aided Home University : Swami Ramanand Teerth Marathwada University, Nanded","Swami Ramanand Teerth Marathwada University, Nanded",LOPENH,89500,71.5562808,L,H,OPEN,B.Tech,2025,4
'02127,"Mahatma Gandhi Missions College of Engineering, Hingoli Rd, Nanded.",'0212791610,Automation and Robotics,"Un-Aided Home University : Swami Ramanand Teerth Marathwada University, Nanded","Swami Ramanand Teerth Marathwada University, Nanded",LSTH,96462,68.9620341,L,H,ST,B.Tech,2025,4
'02127,"Mahatma Gandhi Missions College of Engineering, Hingoli Rd, Nanded.",'0212792110,Artificial Intelligence and Machine Learning,"Un-Aided Home University : Swami Ramanand Teerth Marathwada University, Nanded","Swami Ramanand Teerth Marathwada University, Nanded",GOBCH,75874,76.7635852,G,H,OBC,B.Tech,2025,4
'02129,"M.S. Bidve Engineering College, Latur",'0212919110,Civil Engineering,"Un-Aided Home University : Swami Ramanand Teerth Marathwada University, Nanded","Swami Ramanand Teerth Marathwada University, Nanded",GOBCH,71676,78.1688442,G,H,OBC,B.Tech,2025,4
'02129,"M.S. Bidve Engineering College, Latur",'0212924210,Computer Science and Engineering,"Un-Aided Home University : Swami Ramanand Teerth Marathwada University, Nanded","Swami Ramanand Teerth Marathwada University, Nanded",LSTO,177178,25.2088452,L,O,ST,B.Tech,2025,4
'02129,"M.S. Bidve Engineering College, Latur",'0212924610,Information Technology,"Un-Aided Home University : Swami Ramanand Teerth Marathwada University, Nanded","Swami Ramanand Teerth Marathwada University, Nanded",GOPENH,76360,76.5279741,G,H,OPEN,B.Tech,2025,4
'02129,"M.S. Bidve Engineering College, Latur",'0212924610,Information Technology,"Un-Aided Home University : Swami Ramanand Teerth Marathwada University, Nanded","Swami Ramanand Teerth Marathwada University, Nanded",LSCH,116421,60.4221150,L,H,SC,B.Tech,2025,4
'02129,"M.S. Bidve Engineering College, Latur",'0212929310,Electrical Engineering,"Un-Aided Home University : Swami Ramanand Teerth Marathwada University, Nanded","Swami Ramanand Teerth Marathwada University, Nanded",GOPENO,101231,66.9039004,G,O,OPEN,B.Tech,2025,4
'02129,"M.S. Bidve Engineering College, Latur",'0212937210,Electronics and Telecommunication Engg,"Un-Aided Home University : Swami Ramanand Teerth Marathwada University, Nanded","Swami Ramanand Teerth Marathwada University, Nanded",GVJH,127433,55.2744499,G,H,VJ,B.Tech,2025,4
'02129,"M.S. Bidve Engineering College, Latur",'0212937210,Electronics and Telecommunication Engg,"Un-Aided Home University : Swami Ramanand Teerth Marathwada University, Nanded","Swami Ramanand Teerth Marathwada University, Nanded",PWDOPENH,89939,71.4842352,P,H,PWD,B.Tech,2025,4
'02129,"M.S. Bidve Engineering College, Latur",'0212961210,Mechanical Engineering,"Un-Aided Home University : Swami Ramanand Teerth Marathwada University, Nanded","Swami Ramanand Teerth Marathwada University, Nanded",GOBCH,135331,50.9683037,G,H,OBC,B.Tech,2025,4
'02129,"M.S. Bidve Engineering College, Latur",'0212961210,Mechanical Engineering,"Un-Aided Home University : Swami Ramanand Teerth Marathwada University, Nanded","Swami Ramanand Teerth Marathwada University, Nanded",LOPENH,136518,50.7016833,L,H,OPEN,B.Tech,2025,4
'02129,"M.S. Bidve Engineering College, Latur",'0212991110,Computer Science and Engineering(Artificial Intelligence and Machine Learning),"Un-Aided Home University : Swami Ramanand Teerth Marathwada University, Nanded","Swami Ramanand Teerth Marathwada University, Nanded",LOPENH,60907,81.6328671,L,H,OPEN,B.Tech,2025,4
'02129,"M.S. Bidve Engineering College, Latur",'0212991110,Computer Science and Engineering(Artificial Intelligence and Machine Learning),"Un-Aided Home University : Swami Ramanand Teerth Marathwada University, Nanded","Swami Ramanand Teerth Marathwada University, Nanded",LSEBCH,92301,70.5072010,L,H,SEBC,B.Tech,2025,4
'02129,"M.S. Bidve Engineering College, Latur",'0212991110,Computer Science and Engineering(Artificial Intelligence and Machine Learning),"Un-Aided Home University : Swami Ramanand Teerth Marathwada University, Nanded","Swami Ramanand Teerth Marathwada University, Nanded",PWDOPENH,61122,81.5804905,P,H,PWD,B.Tech,2025,4
'02130,"Terna Public Charitable Trust's College of Engineering, Osmanabad",'0213019110,Civil Engineering,Un-Aided Home University : Dr. Babasaheb Ambedkar Marathwada University,Dr. Babasaheb Ambedkar Marathwada University,GSEBCH,102118,66.3866132,G,H,SEBC,B.Tech,2025,4
'02130,"Terna Public Charitable Trust's College of Engineering, Osmanabad",'0213019110,Civil Engineering,Un-Aided Home University : Dr. Babasaheb Ambedkar Marathwada University,Dr. Babasaheb Ambedkar Marathwada University,LOBCH,127448,55.2744499,L,H,OBC,B.Tech,2025,4
'02130,"Terna Public Charitable Trust's College of Engineering, Osmanabad",'0213019110,Civil Engineering,Un-Aided Home University : Dr. Babasaheb Ambedkar Marathwada University,Dr. Babasaheb Ambedkar Marathwada University,PWDOBCH,133351,52.3622324,P,H,PWD,B.Tech,2025,4
'02130,"Terna Public Charitable Trust's College of Engineering, Osmanabad",'0213019110,Civil Engineering,Un-Aided Home University : Dr. Babasaheb Ambedkar Marathwada University,Dr. Babasaheb Ambedkar Marathwada University,GVJH,116317,60.4378874,G,H,VJ,B.Tech,2025,4
'02130,"Terna Public Charitable Trust's College of Engineering, Osmanabad",'0213019110,Civil Engineering,Un-Aided Home University : Dr. Babasaheb Ambedkar Marathwada University,Dr. Babasaheb Ambedkar Marathwada University,GNT1H,60112,81.8021201,G,H,NT1,B.Tech,2025,4
'02130,"Terna Public Charitable Trust's College of Engineering, Osmanabad",'0213019110,Civil Engineering,Un-Aided Home University : Dr. Babasaheb Ambedkar Marathwada University,Dr. Babasaheb Ambedkar Marathwada University,LSTH,202731,1.5108743,L,H,ST,B.Tech,2025,4
'02130,"Terna Public Charitable Trust's College of Engineering, Osmanabad",'0213024210,Computer Science and Engineering,Un-Aided Home University : Dr. Babasaheb Ambedkar Marathwada University,Dr. Babasaheb Ambedkar Marathwada University,DEFOBCS,157937,39.2302050,D,S,OBC,B.Tech,2025,4
'02130,"Terna Public Charitable Trust's College of Engineering, Osmanabad",'0213037210,Electronics and Telecommunication Engg,Un-Aided Home University : Dr. Babasaheb Ambedkar Marathwada University,Dr. Babasaheb Ambedkar Marathwada University,GOPENH,189165,15.4365886,G,H,OPEN,B.Tech,2025,4
'02130,"Terna Public Charitable Trust's College of Engineering, Osmanabad",'0213037210,Electronics and Telecommunication Engg,Un-Aided Home University : Dr. Babasaheb Ambedkar Marathwada University,Dr. Babasaheb Ambedkar Marathwada University,PWDOBCH,161941,35.9909439,P,H,PWD,B.Tech,2025,4
'02130,"Terna Public Charitable Trust's College of Engineering, Osmanabad",'0213061210,Mechanical Engineering,Un-Aided Home University : Dr. Babasaheb Ambedkar Marathwada University,Dr. Babasaheb Ambedkar Marathwada University,GOPENH,156120,39.6653303,G,H,OPEN,B.Tech,2025,4
'02130,"Terna Public Charitable Trust's College of Engineering, Osmanabad",'0213061210,Mechanical Engineering,Un-Aided Home University : Dr. Babasaheb Ambedkar Marathwada University,Dr. Babasaheb Ambedkar Marathwada University,LOPENH,146772,45.3566434,L,H,OPEN,B.Tech,2025,4
'02130,"Terna Public Charitable Trust's College of Engineering, Osmanabad",'0213099510,Artificial Intelligence and Data Science,Un-Aided Home University : Dr. Babasaheb Ambedkar Marathwada University,Dr. Babasaheb Ambedkar Marathwada University,GOPENH,138337,49.7291102,G,H,OPEN,B.Tech,2025,4
'02130,"Terna Public Charitable Trust's College of Engineering, Osmanabad",'0213099510,Artificial Intelligence and Data Science,Un-Aided Home University : Dr. Babasaheb Ambedkar Marathwada University,Dr. Babasaheb Ambedkar Marathwada University,GOBCH,147283,44.5303298,G,H,OBC,B.Tech,2025,4
'02131,"Shree Tuljabhavani College of Engineering, Tuljapur",'0213119110,Civil Engineering,Un-Aided Home University : Dr. Babasaheb Ambedkar Marathwada University,Dr. Babasaheb Ambedkar Marathwada University,GSTH,181719,22.0346747,G,H,ST,B.Tech,2025,4
'02131,"Shree Tuljabhavani College of Engineering, Tuljapur",'0213124210,Computer Science and Engineering,Un-Aided Home University : Dr. Babasaheb Ambedkar Marathwada University,Dr. Babasaheb Ambedkar Marathwada University,GOPENH,70815,78.4242636,G,H,OPEN,B.Tech,2025,4
'02131,"Shree Tuljabhavani College of Engineering, Tuljapur",'0213124210,Computer Science and Engineering,Un-Aided Home University : Dr. Babasaheb Ambedkar Marathwada University,Dr. Babasaheb Ambedkar Marathwada University,GOBCH,176256,25.5643537,G,H,OBC,B.Tech,2025,4
'02131,"Shree Tuljabhavani College of Engineering, Tuljapur",'0213124210,Computer Science and Engineering,Un-Aided Home University : Dr. Babasaheb Ambedkar Marathwada University,Dr. Babasaheb Ambedkar Marathwada University,PWDSEBCH,113261,61.7969670,P,H,PWD,B.Tech,2025,4
'02131,"Shree Tuljabhavani College of Engineering, Tuljapur",'0213124210,Computer Science and Engineering,Un-Aided Home University : Dr. Babasaheb Ambedkar Marathwada University,Dr. Babasaheb Ambedkar Marathwada University,GSCH,161625,36.0836122,G,H,SC,B.Tech,2025,4
'02131,"Shree Tuljabhavani College of Engineering, Tuljapur",'0213137210,Electronics and Telecommunication Engg,Un-Aided Home University : Dr. Babasaheb Ambedkar Marathwada University,Dr. Babasaheb Ambedkar Marathwada University,GOPENH,190357,14.0716041,G,H,OPEN,B.Tech,2025,4
'02133,"Mahatma Basaweshwar Education Society's College of Engineering, Ambejogai",'0213319110,Civil Engineering,Un-Aided Home University : Dr. Babasaheb Ambedkar Marathwada University,Dr. Babasaheb Ambedkar Marathwada University,GOPENH,120054,58.8525307,G,H,OPEN,B.Tech,2025,4
'02133,"Mahatma Basaweshwar Education Society's College of Engineering, Ambejogai",'0213319110,Civil Engineering,Un-Aided Home University : Dr. Babasaheb Ambedkar Marathwada University,Dr. Babasaheb Ambedkar Marathwada University,LNT3H,144794,46.6242967,L,H,NT3,B.Tech,2025,4
'02133,"Mahatma Basaweshwar Education Society's College of Engineering, Ambejogai",'0213324210,Computer Science and Engineering,Un-Aided Home University : Dr. Babasaheb Ambedkar Marathwada University,Dr. Babasaheb Ambedkar Marathwada University,GSEBCO,163908,35.1590106,G,O,SEBC,B.Tech,2025,4
'02133,"Mahatma Basaweshwar Education Society's College of Engineering, Ambejogai",'0213324210,Computer Science and Engineering,Un-Aided Home University : Dr. Babasaheb Ambedkar Marathwada University,Dr. Babasaheb Ambedkar Marathwada University,LSCO,143305,47.1396200,L,O,SC,B.Tech,2025,4
'02133,"Mahatma Basaweshwar Education Society's College of Engineering, Ambejogai",'0213329310,Electrical Engineering,Un-Aided Home University : Dr. Babasaheb Ambedkar Marathwada University,Dr. Babasaheb Ambedkar Marathwada University,GOPENH,122586,57.5410529,G,H,OPEN,B.Tech,2025,4
'02133,"Mahatma Basaweshwar Education Society's College of Engineering, Ambejogai",'0213329310,Electrical Engineering,Un-Aided Home University : Dr. Babasaheb Ambedkar Marathwada University,Dr. Babasaheb Ambedkar Marathwada University,PWDOPENH,158335,38.7925588,P,H,PWD,B.Tech,2025,4
'02133,"Mahatma Basaweshwar Education Society's College of Engineering, Ambejogai",'0213361210,Mechanical Engineering,Un-Aided Home University : Dr. Babasaheb Ambedkar Marathwada University,Dr. Babasaheb Ambedkar Marathwada University,LSCO,191101,13.6137728,L,O,SC,B.Tech,2025,4
'02133,"Mahatma Basaweshwar Education Society's College of Engineering, Ambejogai",'0213384410,Electronics and Computer Engineering,Un-Aided Home University : Dr. Babasaheb Ambedkar Marathwada University,Dr. Babasaheb Ambedkar Marathwada University,GOBCH,197960,7.1465923,G,H,OBC,B.Tech,2025,4
'02133,"Mahatma Basaweshwar Education Society's College of Engineering, Ambejogai",'0213384410,Electronics and Computer Engineering,Un-Aided Home University : Dr. Babasaheb Ambedkar Marathwada University,Dr. Babasaheb Ambedkar Marathwada University,GSEBCH,181381,22.0358020,G,H,SEBC,B.Tech,2025,4
'02133,"Mahatma Basaweshwar Education Society's College of Engineering, Ambejogai",'0213384410,Electronics and Computer Engineering,Un-Aided Home University : Dr. Babasaheb Ambedkar Marathwada University,Dr. Babasaheb Ambedkar Marathwada University,GNT1H,163380,35.5422955,G,H,NT1,B.Tech,2025,4
'02133,"Mahatma Basaweshwar Education Society's College of Engineering, Ambejogai",'0213384410,Electronics and Computer Engineering,Un-Aided Home University : Dr. Babasaheb Ambedkar Marathwada University,Dr. Babasaheb Ambedkar Marathwada University,LSCH,192787,11.9485358,L,H,SC,B.Tech,2025,4
'02133,"Mahatma Basaweshwar Education Society's College of Engineering, Ambejogai",'0213391710,Data Science,Un-Aided Home University : Dr. Babasaheb Ambedkar Marathwada University,Dr. Babasaheb Ambedkar Marathwada University,GOBCO,181253,22.1118881,G,O,OBC,B.Tech,2025,4
'02133,"Mahatma Basaweshwar Education Society's College of Engineering, Ambejogai",'0213391710,Data Science,Un-Aided Home University : Dr. Babasaheb Ambedkar Marathwada University,Dr. Babasaheb Ambedkar Marathwada University,LSCO,105329,65.5190641,L,O,SC,B.Tech,2025,4
'02133,"Mahatma Basaweshwar Education Society's College of Engineering, Ambejogai",'0213399710,Artificial Intelligence,Un-Aided Home University : Dr. Babasaheb Ambedkar Marathwada University,Dr. Babasaheb Ambedkar Marathwada University,GOPENO,138978,49.4020979,G,O,OPEN,B.Tech,2025,4
'02134,"Peoples Education Society's College of Engineering, Aurangabad",'0213419110,Civil Engineering,Un-Aided Autonomous Home University : Autonomous Institute,Autonomous Institute,GOPENS,145108,46.3957696,G,S,OPEN,B.Tech,2025,4
'02134,"Peoples Education Society's College of Engineering, Aurangabad",'0213419110,Civil Engineering,Un-Aided Autonomous Home University : Autonomous Institute,Autonomous Institute,GOBCS,157253,39.3344201,G,S,OBC,B.Tech,2025,4
'02134,"Peoples Education Society's College of Engineering, Aurangabad",'0213419110,Civil Engineering,Un-Aided Autonomous Home University : Autonomous Institute,Autonomous Institute,LOPENS,152135,42.6339209,L,S,OPEN,B.Tech,2025,4
'02134,"Peoples Education Society's College of Engineering, Aurangabad",'0213419110,Civil Engineering,Un-Aided Autonomous Home University : Autonomous Institute,Autonomous Institute,LOBCS,186230,18.1456181,L,S,OBC,B.Tech,2025,4
'02134,"Peoples Education Society's College of Engineering, Aurangabad",'0213419110,Civil Engineering,Un-Aided Autonomous Home University : Autonomous Institute,Autonomous Institute,PWDOPENS,130848,53.6771201,P,S,PWD,B.Tech,2025,4
'02134,"Peoples Education Society's College of Engineering, Aurangabad",'0213419110,Civil Engineering,Un-Aided Autonomous Home University : Autonomous Institute,Autonomous Institute,GSTS,145152,46.3957696,G,S,ST,B.Tech,2025,4
'02134,"Peoples Education Society's College of Engineering, Aurangabad",'0213419110,Civil Engineering,Un-Aided Autonomous Home University : Autonomous Institute,Autonomous Institute,GNT1S,145718,45.9245973,G,S,NT1,B.Tech,2025,4
'02134,"Peoples Education Society's College of Engineering, Aurangabad",'0213419110,Civil Engineering,Un-Aided Autonomous Home University : Autonomous Institute,Autonomous Institute,LSTS,147616,44.2599775,L,S,ST,B.Tech,2025,4
'02134,"Peoples Education Society's College of Engineering, Aurangabad",'0213424210,Computer Science and Engineering,Un-Aided Autonomous Home University : Autonomous Institute,Autonomous Institute,GOPENS,77469,75.6538462,G,S,OPEN,B.Tech,2025,4
'02134,"Peoples Education Society's College of Engineering, Aurangabad",'0213424210,Computer Science and Engineering,Un-Aided Autonomous Home University : Autonomous Institute,Autonomous Institute,GOBCS,88446,71.8197195,G,S,OBC,B.Tech,2025,4
'02134,"Peoples Education Society's College of Engineering, Aurangabad",'0213424210,Computer Science and Engineering,Un-Aided Autonomous Home University : Autonomous Institute,Autonomous Institute,GSEBCS,83119,73.6345056,G,S,SEBC,B.Tech,2025,4
'02134,"Peoples Education Society's College of Engineering, Aurangabad",'0213424210,Computer Science and Engineering,Un-Aided Autonomous Home University : Autonomous Institute,Autonomous Institute,LOPENS,75087,76.8973331,L,S,OPEN,B.Tech,2025,4
'02134,"Peoples Education Society's College of Engineering, Aurangabad",'0213424210,Computer Science and Engineering,Un-Aided Autonomous Home University : Autonomous Institute,Autonomous Institute,TFWS,75960,76.7635852,T,S,TFWS,B.Tech,2025,4
'02134,"Peoples Education Society's College of Engineering, Aurangabad",'0213424210,Computer Science and Engineering,Un-Aided Autonomous Home University : Autonomous Institute,Autonomous Institute,EWS,98047,68.3753318,E,S,EWS,B.Tech,2025,4
'02134,"Peoples Education Society's College of Engineering, Aurangabad",'0213424210,Computer Science and Engineering,Un-Aided Autonomous Home University : Autonomous Institute,Autonomous Institute,PWDOBCS,83547,73.6328536,P,S,PWD,B.Tech,2025,4
'02134,"Peoples Education Society's College of Engineering, Aurangabad",'0213424210,Computer Science and Engineering,Un-Aided Autonomous Home University : Autonomous Institute,Autonomous Institute,GSTS,89640,71.5562808,G,S,ST,B.Tech,2025,4
'02134,"Peoples Education Society's College of Engineering, Aurangabad",'0213424210,Computer Science and Engineering,Un-Aided Autonomous Home University : Autonomous Institute,Autonomous Institute,ORPHAN,89528,71.5562808,O,N,ORPHAN,B.Tech,2025,4
'02134,"Peoples Education Society's College of Engineering, Aurangabad",'0213429310,Electrical Engineering,Un-Aided Autonomous Home University : Autonomous Institute,Autonomous Institute,GOPENS,130834,53.6771201,G,S,OPEN,B.Tech,2025,4
'02134,"Peoples Education Society's College of Engineering, Aurangabad",'0213429310,Electrical Engineering,Un-Aided Autonomous Home University : Autonomous Institute,Autonomous Institute,GSCS,132185,53.2228937,G,S,SC,B.Tech,2025,4
'02134,"Peoples Education Society's College of Engineering, Aurangabad",'0213429310,Electrical Engineering,Un-Aided Autonomous Home University : Autonomous Institute,Autonomous Institute,LOPENS,124282,56.8426573,L,S,OPEN,B.Tech,2025,4
'02134,"Peoples Education Society's College of Engineering, Aurangabad",'0213429310,Electrical Engineering,Un-Aided Autonomous Home University : Autonomous Institute,Autonomous Institute,EWS,97801,68.3753318,E,S,EWS,B.Tech,2025,4
'02134,"Peoples Education Society's College of Engineering, Aurangabad",'0213429310,Electrical Engineering,Un-Aided Autonomous Home University : Autonomous Institute,Autonomous Institute,DEFOPENS,103719,65.8992965,D,S,OPEN,B.Tech,2025,4
'02134,"Peoples Education Society's College of Engineering, Aurangabad",'0213429310,Electrical Engineering,Un-Aided Autonomous Home University : Autonomous Institute,Autonomous Institute,DEFOBCS,128092,54.5872518,D,S,OBC,B.Tech,2025,4
'02134,"Peoples Education Society's College of Engineering, Aurangabad",'0213429310,Electrical Engineering,Un-Aided Autonomous Home University : Autonomous Institute,Autonomous Institute,GSTS,137652,50.3223138,G,S,ST,B.Tech,2025,4
'02134,"Peoples Education Society's College of Engineering, Aurangabad",'0213437810,Electronics Engineering ( VLSI Design and Technology),Un-Aided Autonomous Home University : Autonomous Institute,Autonomous Institute,GOPENS,135389,50.9683037,G,S,OPEN,B.Tech,2025,4
'02134,"Peoples Education Society's College of Engineering, Aurangabad",'0213437810,Electronics Engineering ( VLSI Design and Technology),Un-Aided Autonomous Home University : Autonomous Institute,Autonomous Institute,GNT1S,189385,15.3499592,G,S,NT1,B.Tech,2025,4
'02134,"Peoples Education Society's College of Engineering, Aurangabad",'0213437810,Electronics Engineering ( VLSI Design and Technology),Un-Aided Autonomous Home University : Autonomous Institute,Autonomous Institute,GSEBCS,143062,47.1398578,G,S,SEBC,B.Tech,2025,4
'02134,"Peoples Education Society's College of Engineering, Aurangabad",'0213437810,Electronics Engineering ( VLSI Design and Technology),Un-Aided Autonomous Home University : Autonomous Institute,Autonomous Institute,EWS,201866,2.6606735,E,S,EWS,B.Tech,2025,4
'02134,"Peoples Education Society's College of Engineering, Aurangabad",'0213461210,Mechanical Engineering,Un-Aided Autonomous Home University : Autonomous Institute,Autonomous Institute,GOPENS,139465,49.3416227,G,S,OPEN,B.Tech,2025,4
'02134,"Peoples Education Society's College of Engineering, Aurangabad",'0213461210,Mechanical Engineering,Un-Aided Autonomous Home University : Autonomous Institute,Autonomous Institute,GOBCS,168668,32.0008834,G,S,OBC,B.Tech,2025,4
'02134,"Peoples Education Society's College of Engineering, Aurangabad",'0213461210,Mechanical Engineering,Un-Aided Autonomous Home University : Autonomous Institute,Autonomous Institute,LSEBCS,161827,35.9909439,L,S,SEBC,B.Tech,2025,4
'02134,"Peoples Education Society's College of Engineering, Aurangabad",'0213461210,Mechanical Engineering,Un-Aided Autonomous Home University : Autonomous Institute,Autonomous Institute,LOBCS,174980,26.6274079,L,S,OBC,B.Tech,2025,4
'02134,"Peoples Education Society's College of Engineering, Aurangabad",'0213461210,Mechanical Engineering,Un-Aided Autonomous Home University : Autonomous Institute,Autonomous Institute,DEFOPENS,101789,66.4263323,D,S,OPEN,B.Tech,2025,4
'02134,"Peoples Education Society's College of Engineering, Aurangabad",'0213461210,Mechanical Engineering,Un-Aided Autonomous Home University : Autonomous Institute,Autonomous Institute,DEFOBCS,155141,39.9024730,D,S,OBC,B.Tech,2025,4
'02134,"Peoples Education Society's College of Engineering, Aurangabad",'0213461210,Mechanical Engineering,Un-Aided Autonomous Home University : Autonomous Institute,Autonomous Institute,PWDOBCS,153394,41.4020979,P,S,PWD,B.Tech,2025,4
'02134,"Peoples Education Society's College of Engineering, Aurangabad",'0213484410,Electronics and Computer Engineering,Un-Aided Autonomous Home University : Autonomous Institute,Autonomous Institute,GOPENS,90354,71.4755245,G,S,OPEN,B.Tech,2025,4
'02134,"Peoples Education Society's College of Engineering, Aurangabad",'0213484410,Electronics and Computer Engineering,Un-Aided Autonomous Home University : Autonomous Institute,Autonomous Institute,GSCS,114120,61.5619516,G,S,SC,B.Tech,2025,4
'02134,"Peoples Education Society's College of Engineering, Aurangabad",'0213484410,Electronics and Computer Engineering,Un-Aided Autonomous Home University : Autonomous Institute,Autonomous Institute,GNT2S,177398,25.0722391,G,S,NT2,B.Tech,2025,4
'02134,"Peoples Education Society's College of Engineering, Aurangabad",'0213484410,Electronics and Computer Engineering,Un-Aided Autonomous Home University : Autonomous Institute,Autonomous Institute,GOBCS,133060,52.5968356,G,S,OBC,B.Tech,2025,4
'02134,"Peoples Education Society's College of Engineering, Aurangabad",'0213484410,Electronics and Computer Engineering,Un-Aided Autonomous Home University : Autonomous Institute,Autonomous Institute,GSEBCS,104462,65.6692751,G,S,SEBC,B.Tech,2025,4
'02134,"Peoples Education Society's College of Engineering, Aurangabad",'0213484410,Electronics and Computer Engineering,Un-Aided Autonomous Home University : Autonomous Institute,Autonomous Institute,LOBCS,127323,55.2744499,L,S,OBC,B.Tech,2025,4
'02134,"Peoples Education Society's College of Engineering, Aurangabad",'0213484410,Electronics and Computer Engineering,Un-Aided Autonomous Home University : Autonomous Institute,Autonomous Institute,TFWS,114274,61.1295449,T,S,TFWS,B.Tech,2025,4
'02134,"Peoples Education Society's College of Engineering, Aurangabad",'0213484410,Electronics and Computer Engineering,Un-Aided Autonomous Home University : Autonomous Institute,Autonomous Institute,EWS,188109,16.4425946,E,S,EWS,B.Tech,2025,4
'02134,"Peoples Education Society's College of Engineering, Aurangabad",'0213491210,Computer Science and Engineering(Data Science),Un-Aided Autonomous Home University : Autonomous Institute,Autonomous Institute,GOPENS,97820,68.3753318,G,S,OPEN,B.Tech,2025,4
'02134,"Peoples Education Society's College of Engineering, Aurangabad",'0213491210,Computer Science and Engineering(Data Science),Un-Aided Autonomous Home University : Autonomous Institute,Autonomous Institute,GVJS,135053,51.1762787,G,S,VJ,B.Tech,2025,4
'02134,"Peoples Education Society's College of Engineering, Aurangabad",'0213491210,Computer Science and Engineering(Data Science),Un-Aided Autonomous Home University : Autonomous Institute,Autonomous Institute,GNT2S,142647,47.3563218,G,S,NT2,B.Tech,2025,4
'02134,"Peoples Education Society's College of Engineering, Aurangabad",'0213491210,Computer Science and Engineering(Data Science),Un-Aided Autonomous Home University : Autonomous Institute,Autonomous Institute,GOBCS,102936,66.2972028,G,S,OBC,B.Tech,2025,4
'02134,"Peoples Education Society's College of Engineering, Aurangabad",'0213491210,Computer Science and Engineering(Data Science),Un-Aided Autonomous Home University : Autonomous Institute,Autonomous Institute,LOPENS,95473,69.2179237,L,S,OPEN,B.Tech,2025,4
'02134,"Peoples Education Society's College of Engineering, Aurangabad",'0213491210,Computer Science and Engineering(Data Science),Un-Aided Autonomous Home University : Autonomous Institute,Autonomous Institute,EWS,117210,60.2517483,E,S,EWS,B.Tech,2025,4
'02135,"Hi-Tech Institute of Technology, Aurangabad",'0213519110,Civil Engineering,Un-Aided Home University : Dr. Babasaheb Ambedkar Marathwada University,Dr. Babasaheb Ambedkar Marathwada University,GOPENH,150964,43.0314730,G,H,OPEN,B.Tech,2025,4
'02135,"Hi-Tech Institute of Technology, Aurangabad",'0213519110,Civil Engineering,Un-Aided Home University : Dr. Babasaheb Ambedkar Marathwada University,Dr. Babasaheb Ambedkar Marathwada University,GSCH,175657,25.8355418,G,H,SC,B.Tech,2025,4
'02135,"Hi-Tech Institute of Technology, Aurangabad",'0213519110,Civil Engineering,Un-Aided Home University : Dr. Babasaheb Ambedkar Marathwada University,Dr. Babasaheb Ambedkar Marathwada University,GOBCH,176553,25.4741362,G,H,OBC,B.Tech,2025,4
'02135,"Hi-Tech Institute of Technology, Aurangabad",'0213519110,Civil Engineering,Un-Aided Home University : Dr. Babasaheb Ambedkar Marathwada University,Dr. Babasaheb Ambedkar Marathwada University,PWDOBCH,188916,15.8201150,P,H,PWD,B.Tech,2025,4
'02135,"Hi-Tech Institute of Technology, Aurangabad",'0213519110,Civil Engineering,Un-Aided Home University : Dr. Babasaheb Ambedkar Marathwada University,Dr. Babasaheb Ambedkar Marathwada University,LSTH,145515,45.9816283,L,H,ST,B.Tech,2025,4
'02135,"Hi-Tech Institute of Technology, Aurangabad",'0213524210,Computer Science and Engineering,Un-Aided Home University : Dr. Babasaheb Ambedkar Marathwada University,Dr. Babasaheb Ambedkar Marathwada University,GOPENH,124237,56.8426573,G,H,OPEN,B.Tech,2025,4
'02135,"Hi-Tech Institute of Technology, Aurangabad",'0213524210,Computer Science and Engineering,Un-Aided Home University : Dr. Babasaheb Ambedkar Marathwada University,Dr. Babasaheb Ambedkar Marathwada University,GSCH,147855,44.2599775,G,H,SC,B.Tech,2025,4
'02135,"Hi-Tech Institute of Technology, Aurangabad",'0213524210,Computer Science and Engineering,Un-Aided Home University : Dr. Babasaheb Ambedkar Marathwada University,Dr. Babasaheb Ambedkar Marathwada University,GNT1H,161531,36.0836122,G,H,NT1,B.Tech,2025,4
'02135,"Hi-Tech Institute of Technology, Aurangabad",'0213524210,Computer Science and Engineering,Un-Aided Home University : Dr. Babasaheb Ambedkar Marathwada University,Dr. Babasaheb Ambedkar Marathwada University,GNT2H,134138,51.7009371,G,H,NT2,B.Tech,2025,4
'02135,"Hi-Tech Institute of Technology, Aurangabad",'0213524210,Computer Science and Engineering,Un-Aided Home University : Dr. Babasaheb Ambedkar Marathwada University,Dr. Babasaheb Ambedkar Marathwada University,GNT3H,137234,50.4913264,G,H,NT3,B.Tech,2025,4
'02135,"Hi-Tech Institute of Technology, Aurangabad",'0213524210,Computer Science and Engineering,Un-Aided Home University : Dr. Babasaheb Ambedkar Marathwada University,Dr. Babasaheb Ambedkar Marathwada University,GOBCH,129963,54.0903901,G,H,OBC,B.Tech,2025,4
'02135,"Hi-Tech Institute of Technology, Aurangabad",'0213524210,Computer Science and Engineering,Un-Aided Home University : Dr. Babasaheb Ambedkar Marathwada University,Dr. Babasaheb Ambedkar Marathwada University,GSEBCH,135626,50.9683037,G,H,SEBC,B.Tech,2025,4
'02135,"Hi-Tech Institute of Technology, Aurangabad",'0213524210,Computer Science and Engineering,Un-Aided Home University : Dr. Babasaheb Ambedkar Marathwada University,Dr. Babasaheb Ambedkar Marathwada University,LOPENH,84550,73.4722277,L,H,OPEN,B.Tech,2025,4
'02135,"Hi-Tech Institute of Technology, Aurangabad",'0213524210,Computer Science and Engineering,Un-Aided Home University : Dr. Babasaheb Ambedkar Marathwada University,Dr. Babasaheb Ambedkar Marathwada University,LSCH,137796,50.3223138,L,H,SC,B.Tech,2025,4
'02135,"Hi-Tech Institute of Technology, Aurangabad",'0213524210,Computer Science and Engineering,Un-Aided Home University : Dr. Babasaheb Ambedkar Marathwada University,Dr. Babasaheb Ambedkar Marathwada University,LNT3H,201650,2.8004180,L,H,NT3,B.Tech,2025,4
'02135,"Hi-Tech Institute of Technology, Aurangabad",'0213524210,Computer Science and Engineering,Un-Aided Home University : Dr. Babasaheb Ambedkar Marathwada University,Dr. Babasaheb Ambedkar Marathwada University,LOBCH,117051,60.3213757,L,H,OBC,B.Tech,2025,4
'02135,"Hi-Tech Institute of Technology, Aurangabad",'0213524210,Computer Science and Engineering,Un-Aided Home University : Dr. Babasaheb Ambedkar Marathwada University,Dr. Babasaheb Ambedkar Marathwada University,PWDOPENH,120471,58.6907687,P,H,PWD,B.Tech,2025,4
'02135,"Hi-Tech Institute of Technology, Aurangabad",'0213524210,Computer Science and Engineering,Un-Aided Home University : Dr. Babasaheb Ambedkar Marathwada University,Dr. Babasaheb Ambedkar Marathwada University,GSTH,134553,51.5716400,G,H,ST,B.Tech,2025,4
'02135,"Hi-Tech Institute of Technology, Aurangabad",'0213561210,Mechanical Engineering,Un-Aided Home University : Dr. Babasaheb Ambedkar Marathwada University,Dr. Babasaheb Ambedkar Marathwada University,GOPENO,116465,60.4221150,G,O,OPEN,B.Tech,2025,4
'02135,"Hi-Tech Institute of Technology, Aurangabad",'0213561210,Mechanical Engineering,Un-Aided Home University : Dr. Babasaheb Ambedkar Marathwada University,Dr. Babasaheb Ambedkar Marathwada University,GVJO,123709,57.0133407,G,O,VJ,B.Tech,2025,4
'02135,"Hi-Tech Institute of Technology, Aurangabad",'0213561210,Mechanical Engineering,Un-Aided Home University : Dr. Babasaheb Ambedkar Marathwada University,Dr. Babasaheb Ambedkar Marathwada University,GNT1O,162914,35.6771832,G,O,NT1,B.Tech,2025,4
'02135,"Hi-Tech Institute of Technology, Aurangabad",'0213561210,Mechanical Engineering,Un-Aided Home University : Dr. Babasaheb Ambedkar Marathwada University,Dr. Babasaheb Ambedkar Marathwada University,GOBCO,140210,49.1540892,G,O,OBC,B.Tech,2025,4
'02135,"Hi-Tech Institute of Technology, Aurangabad",'0213561210,Mechanical Engineering,Un-Aided Home University : Dr. Babasaheb Ambedkar Marathwada University,Dr. Babasaheb Ambedkar Marathwada University,LOPENO,84484,73.4722277,L,O,OPEN,B.Tech,2025,4
'02135,"Hi-Tech Institute of Technology, Aurangabad",'0213561210,Mechanical Engineering,Un-Aided Home University : Dr. Babasaheb Ambedkar Marathwada University,Dr. Babasaheb Ambedkar Marathwada University,LOBCO,132735,52.8806012,L,O,OBC,B.Tech,2025,4
'02135,"Hi-Tech Institute of Technology, Aurangabad",'0213561210,Mechanical Engineering,Un-Aided Home University : Dr. Babasaheb Ambedkar Marathwada University,Dr. Babasaheb Ambedkar Marathwada University,GSTO,116769,60.4221150,G,O,ST,B.Tech,2025,4
'02135,"Hi-Tech Institute of Technology, Aurangabad",'0213591110,Computer Science and Engineering(Artificial Intelligence and Machine Learning),Un-Aided Home University : Dr. Babasaheb Ambedkar Marathwada University,Dr. Babasaheb Ambedkar Marathwada University,GSCH,148019,43.9154166,G,H,SC,B.Tech,2025,4
'02135,"Hi-Tech Institute of Technology, Aurangabad",'0213591110,Computer Science and Engineering(Artificial Intelligence and Machine Learning),Un-Aided Home University : Dr. Babasaheb Ambedkar Marathwada University,Dr. Babasaheb Ambedkar Marathwada University,GSTH,124156,56.8426573,G,H,ST,B.Tech,2025,4
'02136,"Aditya Engineering College , Beed",'0213619110,Civil Engineering,Un-Aided Home University : Dr. Babasaheb Ambedkar Marathwada University,Dr. Babasaheb Ambedkar Marathwada University,GOPENH,119864,58.8525307,G,H,OPEN,B.Tech,2025,4
'02136,"Aditya Engineering College , Beed",'0213619110,Civil Engineering,Un-Aided Home University : Dr. Babasaheb Ambedkar Marathwada University,Dr. Babasaheb Ambedkar Marathwada University,GSCH,200759,3.9396716,G,H,SC,B.Tech,2025,4
'02136,"Aditya Engineering College , Beed",'0213619110,Civil Engineering,Un-Aided Home University : Dr. Babasaheb Ambedkar Marathwada University,Dr. Babasaheb Ambedkar Marathwada University,GNT3H,163685,35.4407253,G,H,NT3,B.Tech,2025,4
'02136,"Aditya Engineering College , Beed",'0213619110,Civil Engineering,Un-Aided Home University : Dr. Babasaheb Ambedkar Marathwada University,Dr. Babasaheb Ambedkar Marathwada University,LOPENH,166742,32.4837011,L,H,OPEN,B.Tech,2025,4
'02136,"Aditya Engineering College , Beed",'0213619110,Civil Engineering,Un-Aided Home University : Dr. Babasaheb Ambedkar Marathwada University,Dr. Babasaheb Ambedkar Marathwada University,PWDOPENH,194675,10.4152841,P,H,PWD,B.Tech,2025,4
'02136,"Aditya Engineering College , Beed",'0213624210,Computer Science and Engineering,Un-Aided Home University : Dr. Babasaheb Ambedkar Marathwada University,Dr. Babasaheb Ambedkar Marathwada University,GSCH,183377,20.2849168,G,H,SC,B.Tech,2025,4
'02136,"Aditya Engineering College , Beed",'0213624210,Computer Science and Engineering,Un-Aided Home University : Dr. Babasaheb Ambedkar Marathwada University,Dr. Babasaheb Ambedkar Marathwada University,GOBCH,195431,9.6906054,G,H,OBC,B.Tech,2025,4
'02136,"Aditya Engineering College , Beed",'0213624210,Computer Science and Engineering,Un-Aided Home University : Dr. Babasaheb Ambedkar Marathwada University,Dr. Babasaheb Ambedkar Marathwada University,GSEBCH,168832,31.9280223,G,H,SEBC,B.Tech,2025,4
'02136,"Aditya Engineering College , Beed",'0213624210,Computer Science and Engineering,Un-Aided Home University : Dr. Babasaheb Ambedkar Marathwada University,Dr. Babasaheb Ambedkar Marathwada University,LSEBCH,152336,42.2674623,L,H,SEBC,B.Tech,2025,4
'02136,"Aditya Engineering College , Beed",'0213624210,Computer Science and Engineering,Un-Aided Home University : Dr. Babasaheb Ambedkar Marathwada University,Dr. Babasaheb Ambedkar Marathwada University,LSTH,161338,36.1161649,L,H,ST,B.Tech,2025,4
'02136,"Aditya Engineering College , Beed",'0213624210,Computer Science and Engineering,Un-Aided Home University : Dr. Babasaheb Ambedkar Marathwada University,Dr. Babasaheb Ambedkar Marathwada University,LOBCH,92934,70.2628092,L,H,OBC,B.Tech,2025,4
'02136,"Aditya Engineering College , Beed",'0213624610,Information Technology,Un-Aided Home University : Dr. Babasaheb Ambedkar Marathwada University,Dr. Babasaheb Ambedkar Marathwada University,PWDOPENH,189867,14.9055715,P,H,PWD,B.Tech,2025,4
'02136,"Aditya Engineering College , Beed",'0213629310,Electrical Engineering,Un-Aided Home University : Dr. Babasaheb Ambedkar Marathwada University,Dr. Babasaheb Ambedkar Marathwada University,LOPENO,177003,25.2088452,L,O,OPEN,B.Tech,2025,4
'02136,"Aditya Engineering College , Beed",'0213637210,Electronics and Telecommunication Engg,Un-Aided Home University : Dr. Babasaheb Ambedkar Marathwada University,Dr. Babasaheb Ambedkar Marathwada University,GOPENH,189824,14.9055715,G,H,OPEN,B.Tech,2025,4
'02136,"Aditya Engineering College , Beed",'0213661210,Mechanical Engineering,Un-Aided Home University : Dr. Babasaheb Ambedkar Marathwada University,Dr. Babasaheb Ambedkar Marathwada University,GOPENO,172175,28.9513426,G,O,OPEN,B.Tech,2025,4
'02136,"Aditya Engineering College , Beed",'0213691210,Computer Science and Engineering(Data Science),Un-Aided Home University : Dr. Babasaheb Ambedkar Marathwada University,Dr. Babasaheb Ambedkar Marathwada University,GOPENH,163227,35.5422955,G,H,OPEN,B.Tech,2025,4
'02136,"Aditya Engineering College , Beed",'0213692110,Artificial Intelligence and Machine Learning,Un-Aided Home University : Dr. Babasaheb Ambedkar Marathwada University,Dr. Babasaheb Ambedkar Marathwada University,GSCH,195490,9.5951969,G,H,SC,B.Tech,2025,4
'02137,"Nagnathappa Halge Engineering College, Parli, Beed",'0213724210,Computer Science and Engineering,Un-Aided,Unknown,GOPENH,170649,29.5314685,G,H,OPEN,B.Tech,2025,4
'02138,"Matsyodari Shikshan Sansatha's College of Engineering and Technology, Jalna",'0213819110,Civil Engineering,Un-Aided Home University : Dr. Babasaheb Ambedkar Marathwada University,Dr. Babasaheb Ambedkar Marathwada University,GOPENH,183178,20.3327444,G,H,OPEN,B.Tech,2025,4
'02138,"Matsyodari Shikshan Sansatha's College of Engineering and Technology, Jalna",'0213819110,Civil Engineering,Un-Aided Home University : Dr. Babasaheb Ambedkar Marathwada University,Dr. Babasaheb Ambedkar Marathwada University,GSCH,190802,13.9509479,G,H,SC,B.Tech,2025,4
'02138,"Matsyodari Shikshan Sansatha's College of Engineering and Technology, Jalna",'0213819110,Civil Engineering,Un-Aided Home University : Dr. Babasaheb Ambedkar Marathwada University,Dr. Babasaheb Ambedkar Marathwada University,LOBCH,188629,15.8481365,L,H,OBC,B.Tech,2025,4
'02138,"Matsyodari Shikshan Sansatha's College of Engineering and Technology, Jalna",'0213824210,Computer Science and Engineering,Un-Aided Home University : Dr. Babasaheb Ambedkar Marathwada University,Dr. Babasaheb Ambedkar Marathwada University,GOPENO,189089,15.4704064,G,O,OPEN,B.Tech,2025,4
'02138,"Matsyodari Shikshan Sansatha's College of Engineering and Technology, Jalna",'0213824210,Computer Science and Engineering,Un-Aided Home University : Dr. Babasaheb Ambedkar Marathwada University,Dr. Babasaheb Ambedkar Marathwada University,GSTO,190394,14.0716041,G,O,ST,B.Tech,2025,4
'02138,"Matsyodari Shikshan Sansatha's College of Engineering and Technology, Jalna",'0213829310,Electrical Engineering,Un-Aided Home University : Dr. Babasaheb Ambedkar Marathwada University,Dr. Babasaheb Ambedkar Marathwada University,GOPENH,130260,53.7591782,G,H,OPEN,B.Tech,2025,4
'02138,"Matsyodari Shikshan Sansatha's College of Engineering and Technology, Jalna",'0213829310,Electrical Engineering,Un-Aided Home University : Dr. Babasaheb Ambedkar Marathwada University,Dr. Babasaheb Ambedkar Marathwada University,PWDOPENH,131271,53.6060165,P,H,PWD,B.Tech,2025,4
'02138,"Matsyodari Shikshan Sansatha's College of Engineering and Technology, Jalna",'0213861210,Mechanical Engineering,Un-Aided Home University : Dr. Babasaheb Ambedkar Marathwada University,Dr. Babasaheb Ambedkar Marathwada University,LOPENH,153847,40.6822054,L,H,OPEN,B.Tech,2025,4
'02146,"Adarsh Shikshan Prasarak Mandal's K. T. Patil College of Engineering and Technology, Osmanabad",'0214619110,Civil Engineering,Un-Aided,Unknown,GSEBCH,189176,15.4365886,G,H,SEBC,B.Tech,2025,4
'02146,"Adarsh Shikshan Prasarak Mandal's K. T. Patil College of Engineering and Technology, Osmanabad",'0214624210,Computer Science and Engineering,Un-Aided,Unknown,GOPENO,147516,44.5303298,G,O,OPEN,B.Tech,2025,4
'02146,"Adarsh Shikshan Prasarak Mandal's K. T. Patil College of Engineering and Technology, Osmanabad",'0214637210,Electronics and Telecommunication Engg,Un-Aided,Unknown,LOPENH,173636,28.3031822,L,H,OPEN,B.Tech,2025,4
'02189,"Vishweshwarayya Institute Of Engineering And Technology, Almala, Tq. Ausa, Dist. Latur",'0218919110,Civil Engineering,"Un-Aided Home University : Swami Ramanand Teerth Marathwada University, Nanded","Swami Ramanand Teerth Marathwada University, Nanded",GOPENO,164380,34.8967510,G,O,OPEN,B.Tech,2025,4
'02189,"Vishweshwarayya Institute Of Engineering And Technology, Almala, Tq. Ausa, Dist. Latur",'0218937210,Electronics and Telecommunication Engg,"Un-Aided Home University : Swami Ramanand Teerth Marathwada University, Nanded","Swami Ramanand Teerth Marathwada University, Nanded",LOPENO,180918,22.1740686,L,O,OPEN,B.Tech,2025,4
'02189,"Vishweshwarayya Institute Of Engineering And Technology, Almala, Tq. Ausa, Dist. Latur",'0218992510,Computer Science and Engineering (Artificial Intelligence and Data Science),"Un-Aided Home University : Swami Ramanand Teerth Marathwada University, Nanded","Swami Ramanand Teerth Marathwada University, Nanded",GOPENH,184948,19.0847282,G,H,OPEN,B.Tech,2025,4
'02250,"Aurangabad College of Engineering, Naygaon Savangi, Aurangabad",'0225019110,Civil Engineering,Un-Aided Home University : Dr. Babasaheb Ambedkar Marathwada University,Dr. Babasaheb Ambedkar Marathwada University,LOPENH,195718,9.3356129,L,H,OPEN,B.Tech,2025,4
'02250,"Aurangabad College of Engineering, Naygaon Savangi, Aurangabad",'0225019110,Civil Engineering,Un-Aided Home University : Dr. Babasaheb Ambedkar Marathwada University,Dr. Babasaheb Ambedkar Marathwada University,LOPENH,200091,4.5709952,L,H,OPEN,B.Tech,2025,4
'02250,"Aurangabad College of Engineering, Naygaon Savangi, Aurangabad",'0225019110,Civil Engineering,Un-Aided Home University : Dr. Babasaheb Ambedkar Marathwada University,Dr. Babasaheb Ambedkar Marathwada University,PWDOPENH,167159,32.3446384,P,H,PWD,B.Tech,2025,4
'02250,"Aurangabad College of Engineering, Naygaon Savangi, Aurangabad",'0225024210,Computer Science and Engineering,Un-Aided Home University : Dr. Babasaheb Ambedkar Marathwada University,Dr. Babasaheb Ambedkar Marathwada University,GOPENH,152388,42.2674623,G,H,OPEN,B.Tech,2025,4
'02250,"Aurangabad College of Engineering, Naygaon Savangi, Aurangabad",'0225024210,Computer Science and Engineering,Un-Aided Home University : Dr. Babasaheb Ambedkar Marathwada University,Dr. Babasaheb Ambedkar Marathwada University,GSCH,160710,36.1811489,G,H,SC,B.Tech,2025,4
'02250,"Aurangabad College of Engineering, Naygaon Savangi, Aurangabad",'0225024210,Computer Science and Engineering,Un-Aided Home University : Dr. Babasaheb Ambedkar Marathwada University,Dr. Babasaheb Ambedkar Marathwada University,GOBCH,184917,19.1697794,G,H,OBC,B.Tech,2025,4
'02250,"Aurangabad College of Engineering, Naygaon Savangi, Aurangabad",'0225024210,Computer Science and Engineering,Un-Aided Home University : Dr. Babasaheb Ambedkar Marathwada University,Dr. Babasaheb Ambedkar Marathwada University,GSEBCH,188299,16.1743072,G,H,SEBC,B.Tech,2025,4
'02250,"Aurangabad College of Engineering, Naygaon Savangi, Aurangabad",'0225024210,Computer Science and Engineering,Un-Aided Home University : Dr. Babasaheb Ambedkar Marathwada University,Dr. Babasaheb Ambedkar Marathwada University,LOPENH,156768,39.3601986,L,H,OPEN,B.Tech,2025,4
'02250,"Aurangabad College of Engineering, Naygaon Savangi, Aurangabad",'0225024210,Computer Science and Engineering,Un-Aided Home University : Dr. Babasaheb Ambedkar Marathwada University,Dr. Babasaheb Ambedkar Marathwada University,LVJH,190777,13.9509479,L,H,VJ,B.Tech,2025,4
'02250,"Aurangabad College of Engineering, Naygaon Savangi, Aurangabad",'0225024210,Computer Science and Engineering,Un-Aided Home University : Dr. Babasaheb Ambedkar Marathwada University,Dr. Babasaheb Ambedkar Marathwada University,PWDOPENH,148459,43.7443400,P,H,PWD,B.Tech,2025,4
'02250,"Aurangabad College of Engineering, Naygaon Savangi, Aurangabad",'0225024210,Computer Science and Engineering,Un-Aided Home University : Dr. Babasaheb Ambedkar Marathwada University,Dr. Babasaheb Ambedkar Marathwada University,PWDOBCH,184223,19.4484962,P,H,PWD,B.Tech,2025,4
'02250,"Aurangabad College of Engineering, Naygaon Savangi, Aurangabad",'0225029310,Electrical Engineering,Un-Aided Home University : Dr. Babasaheb Ambedkar Marathwada University,Dr. Babasaheb Ambedkar Marathwada University,GOPENH,192945,11.8670556,G,H,OPEN,B.Tech,2025,4
'02250,"Aurangabad College of Engineering, Naygaon Savangi, Aurangabad",'0225029310,Electrical Engineering,Un-Aided Home University : Dr. Babasaheb Ambedkar Marathwada University,Dr. Babasaheb Ambedkar Marathwada University,LOPENH,180946,22.1740686,L,H,OPEN,B.Tech,2025,4
'02250,"Aurangabad College of Engineering, Naygaon Savangi, Aurangabad",'0225029310,Electrical Engineering,Un-Aided Home University : Dr. Babasaheb Ambedkar Marathwada University,Dr. Babasaheb Ambedkar Marathwada University,PWDOPENH,198000,7.1251441,P,H,PWD,B.Tech,2025,4
'02250,"Aurangabad College of Engineering, Naygaon Savangi, Aurangabad",'0225037210,Electronics and Telecommunication Engg,Un-Aided Home University : Dr. Babasaheb Ambedkar Marathwada University,Dr. Babasaheb Ambedkar Marathwada University,GOPENH,176850,25.4595013,G,H,OPEN,B.Tech,2025,4
'02250,"Aurangabad College of Engineering, Naygaon Savangi, Aurangabad",'0225037210,Electronics and Telecommunication Engg,Un-Aided Home University : Dr. Babasaheb Ambedkar Marathwada University,Dr. Babasaheb Ambedkar Marathwada University,GOBCH,190782,13.9509479,G,H,OBC,B.Tech,2025,4
'02250,"Aurangabad College of Engineering, Naygaon Savangi, Aurangabad",'0225037210,Electronics and Telecommunication Engg,Un-Aided Home University : Dr. Babasaheb Ambedkar Marathwada University,Dr. Babasaheb Ambedkar Marathwada University,LOPENH,102823,66.2972028,L,H,OPEN,B.Tech,2025,4
'02250,"Aurangabad College of Engineering, Naygaon Savangi, Aurangabad",'0225037210,Electronics and Telecommunication Engg,Un-Aided Home University : Dr. Babasaheb Ambedkar Marathwada University,Dr. Babasaheb Ambedkar Marathwada University,GSCH,190504,14.0716041,G,H,SC,B.Tech,2025,4
'02250,"Aurangabad College of Engineering, Naygaon Savangi, Aurangabad",'0225061210,Mechanical Engineering,Un-Aided Home University : Dr. Babasaheb Ambedkar Marathwada University,Dr. Babasaheb Ambedkar Marathwada University,GOPENH,201207,3.4408227,G,H,OPEN,B.Tech,2025,4
'02250,"Aurangabad College of Engineering, Naygaon Savangi, Aurangabad",'0225099510,Artificial Intelligence and Data Science,Un-Aided Home University : Dr. Babasaheb Ambedkar Marathwada University,Dr. Babasaheb Ambedkar Marathwada University,GOPENH,160503,36.2260120,G,H,OPEN,B.Tech,2025,4
'02250,"Aurangabad College of Engineering, Naygaon Savangi, Aurangabad",'0225099510,Artificial Intelligence and Data Science,Un-Aided Home University : Dr. Babasaheb Ambedkar Marathwada University,Dr. Babasaheb Ambedkar Marathwada University,GSCH,185323,18.9335664,G,H,SC,B.Tech,2025,4
'02250,"Aurangabad College of Engineering, Naygaon Savangi, Aurangabad",'0225099510,Artificial Intelligence and Data Science,Un-Aided Home University : Dr. Babasaheb Ambedkar Marathwada University,Dr. Babasaheb Ambedkar Marathwada University,GNT3H,179284,23.4132019,G,H,NT3,B.Tech,2025,4
'02250,"Aurangabad College of Engineering, Naygaon Savangi, Aurangabad",'0225099510,Artificial Intelligence and Data Science,Un-Aided Home University : Dr. Babasaheb Ambedkar Marathwada University,Dr. Babasaheb Ambedkar Marathwada University,GSEBCH,185256,18.9335664,G,H,SEBC,B.Tech,2025,4
'02250,"Aurangabad College of Engineering, Naygaon Savangi, Aurangabad",'0225099510,Artificial Intelligence and Data Science,Un-Aided Home University : Dr. Babasaheb Ambedkar Marathwada University,Dr. Babasaheb Ambedkar Marathwada University,LOPENH,176686,25.4741362,L,H,OPEN,B.Tech,2025,4
'02250,"Aurangabad College of Engineering, Naygaon Savangi, Aurangabad",'0225099510,Artificial Intelligence and Data Science,Un-Aided Home University : Dr. Babasaheb Ambedkar Marathwada University,Dr. Babasaheb Ambedkar Marathwada University,LOBCH,196716,8.3381964,L,H,OBC,B.Tech,2025,4
'02250,"Aurangabad College of Engineering, Naygaon Savangi, Aurangabad",'0225099510,Artificial Intelligence and Data Science,Un-Aided Home University : Dr. Babasaheb Ambedkar Marathwada University,Dr. Babasaheb Ambedkar Marathwada University,GSTH,174026,28.2789485,G,H,ST,B.Tech,2025,4
'02250,"Aurangabad College of Engineering, Naygaon Savangi, Aurangabad",'0225099510,Artificial Intelligence and Data Science,Un-Aided Home University : Dr. Babasaheb Ambedkar Marathwada University,Dr. Babasaheb Ambedkar Marathwada University,LSTH,189692,15.1144829,L,H,ST,B.Tech,2025,4
'02250,"Aurangabad College of Engineering, Naygaon Savangi, Aurangabad",'0225099510,Artificial Intelligence and Data Science,Un-Aided Home University : Dr. Babasaheb Ambedkar Marathwada University,Dr. Babasaheb Ambedkar Marathwada University,LSEBCH,186754,17.6786167,L,H,SEBC,B.Tech,2025,4
'02252,"Marathwada Shikshan Prasarak Mandal's Shri Shivaji Institute of Engineering and Management Studies, Parbhani",'0225219110,Civil Engineering,"Un-Aided Home University : Swami Ramanand Teerth Marathwada University, Nanded","Swami Ramanand Teerth Marathwada University, Nanded",GSTH,168985,31.9280223,G,H,ST,B.Tech,2025,4
'02252,"Marathwada Shikshan Prasarak Mandal's Shri Shivaji Institute of Engineering and Management Studies, Parbhani",'0225219110,Civil Engineering,"Un-Aided Home University : Swami Ramanand Teerth Marathwada University, Nanded","Swami Ramanand Teerth Marathwada University, Nanded",GOBCH,153601,41.4020979,G,H,OBC,B.Tech,2025,4
'02252,"Marathwada Shikshan Prasarak Mandal's Shri Shivaji Institute of Engineering and Management Studies, Parbhani",'0225224210,Computer Science and Engineering,"Un-Aided Home University : Swami Ramanand Teerth Marathwada University, Nanded","Swami Ramanand Teerth Marathwada University, Nanded",LVJH,165846,32.6791073,L,H,VJ,B.Tech,2025,4
'02252,"Marathwada Shikshan Prasarak Mandal's Shri Shivaji Institute of Engineering and Management Studies, Parbhani",'0225224210,Computer Science and Engineering,"Un-Aided Home University : Swami Ramanand Teerth Marathwada University, Nanded","Swami Ramanand Teerth Marathwada University, Nanded",GSTH,103726,65.8992965,G,H,ST,B.Tech,2025,4
'02252,"Marathwada Shikshan Prasarak Mandal's Shri Shivaji Institute of Engineering and Management Studies, Parbhani",'0225229710,Electrical and Electronics Engineering,"Un-Aided Home University : Swami Ramanand Teerth Marathwada University, Nanded","Swami Ramanand Teerth Marathwada University, Nanded",GOBCO,108223,63.8244514,G,O,OBC,B.Tech,2025,4
'02252,"Marathwada Shikshan Prasarak Mandal's Shri Shivaji Institute of Engineering and Management Studies, Parbhani",'0225261210,Mechanical Engineering,"Un-Aided Home University : Swami Ramanand Teerth Marathwada University, Nanded","Swami Ramanand Teerth Marathwada University, Nanded",LSEBCH,157004,39.3344201,L,H,SEBC,B.Tech,2025,4
'02254,"Vilasrao Deshmukh Foundation Group of Institutions, Latur",'0225419110,Civil Engineering,"Un-Aided Home University : Swami Ramanand Teerth Marathwada University, Nanded","Swami Ramanand Teerth Marathwada University, Nanded",GOPENO,138603,49.6043895,G,O,OPEN,B.Tech,2025,4
'02254,"Vilasrao Deshmukh Foundation Group of Institutions, Latur",'0225424510,Computer Engineering,"Un-Aided Home University : Swami Ramanand Teerth Marathwada University, Nanded","Swami Ramanand Teerth Marathwada University, Nanded",GOPENH,116448,60.4221150,G,H,OPEN,B.Tech,2025,4
'02254,"Vilasrao Deshmukh Foundation Group of Institutions, Latur",'0225424510,Computer Engineering,"Un-Aided Home University : Swami Ramanand Teerth Marathwada University, Nanded","Swami Ramanand Teerth Marathwada University, Nanded",GOBCH,129760,54.0903901,G,H,OBC,B.Tech,2025,4
'02254,"Vilasrao Deshmukh Foundation Group of Institutions, Latur",'0225424510,Computer Engineering,"Un-Aided Home University : Swami Ramanand Teerth Marathwada University, Nanded","Swami Ramanand Teerth Marathwada University, Nanded",GSTH,129776,54.0903901,G,H,ST,B.Tech,2025,4
'02254,"Vilasrao Deshmukh Foundation Group of Institutions, Latur",'0225424610,Information Technology,"Un-Aided Home University : Swami Ramanand Teerth Marathwada University, Nanded","Swami Ramanand Teerth Marathwada University, Nanded",GOPENH,95333,69.3295893,G,H,OPEN,B.Tech,2025,4
'02254,"Vilasrao Deshmukh Foundation Group of Institutions, Latur",'0225424610,Information Technology,"Un-Aided Home University : Swami Ramanand Teerth Marathwada University, Nanded","Swami Ramanand Teerth Marathwada University, Nanded",GSEBCH,172774,28.6767287,G,H,SEBC,B.Tech,2025,4
'02254,"Vilasrao Deshmukh Foundation Group of Institutions, Latur",'0225424610,Information Technology,"Un-Aided Home University : Swami Ramanand Teerth Marathwada University, Nanded","Swami Ramanand Teerth Marathwada University, Nanded",LOPENH,142896,47.1398578,L,H,OPEN,B.Tech,2025,4
'02254,"Vilasrao Deshmukh Foundation Group of Institutions, Latur",'0225424610,Information Technology,"Un-Aided Home University : Swami Ramanand Teerth Marathwada University, Nanded","Swami Ramanand Teerth Marathwada University, Nanded",LSEBCH,182272,21.5882968,L,H,SEBC,B.Tech,2025,4
'02254,"Vilasrao Deshmukh Foundation Group of Institutions, Latur",'0225424610,Information Technology,"Un-Aided Home University : Swami Ramanand Teerth Marathwada University, Nanded","Swami Ramanand Teerth Marathwada University, Nanded",PWDOPENH,182104,21.5882968,P,H,PWD,B.Tech,2025,4
'02254,"Vilasrao Deshmukh Foundation Group of Institutions, Latur",'0225424610,Information Technology,"Un-Aided Home University : Swami Ramanand Teerth Marathwada University, Nanded","Swami Ramanand Teerth Marathwada University, Nanded",GVJH,170519,29.5314685,G,H,VJ,B.Tech,2025,4
'02254,"Vilasrao Deshmukh Foundation Group of Institutions, Latur",'0225424610,Information Technology,"Un-Aided Home University : Swami Ramanand Teerth Marathwada University, Nanded","Swami Ramanand Teerth Marathwada University, Nanded",LSTH,152691,41.7471281,L,H,ST,B.Tech,2025,4
'02254,"Vilasrao Deshmukh Foundation Group of Institutions, Latur",'0225429310,Electrical Engineering,"Un-Aided Home University : Swami Ramanand Teerth Marathwada University, Nanded","Swami Ramanand Teerth Marathwada University, Nanded",GOPENO,134218,51.7009371,G,O,OPEN,B.Tech,2025,4
'02254,"Vilasrao Deshmukh Foundation Group of Institutions, Latur",'0225429310,Electrical Engineering,"Un-Aided Home University : Swami Ramanand Teerth Marathwada University, Nanded","Swami Ramanand Teerth Marathwada University, Nanded",LOPENO,177924,24.8659004,L,O,OPEN,B.Tech,2025,4
'02254,"Vilasrao Deshmukh Foundation Group of Institutions, Latur",'0225437210,Electronics and Telecommunication Engg,"Un-Aided Home University : Swami Ramanand Teerth Marathwada University, Nanded","Swami Ramanand Teerth Marathwada University, Nanded",LOPENH,142888,47.1398578,L,H,OPEN,B.Tech,2025,4
'02254,"Vilasrao Deshmukh Foundation Group of Institutions, Latur",'0225437210,Electronics and Telecommunication Engg,"Un-Aided Home University : Swami Ramanand Teerth Marathwada University, Nanded","Swami Ramanand Teerth Marathwada University, Nanded",LSEBCH,193479,11.4786688,L,H,SEBC,B.Tech,2025,4
'02254,"Vilasrao Deshmukh Foundation Group of Institutions, Latur",'0225437210,Electronics and Telecommunication Engg,"Un-Aided Home University : Swami Ramanand Teerth Marathwada University, Nanded","Swami Ramanand Teerth Marathwada University, Nanded",PWDOPENH,199141,5.7167832,P,H,PWD,B.Tech,2025,4
'02282,"Mitthulalji Sarada Institute Of Technology, Nalwandi Road, Beed",'0228224510,Computer Engineering,Un-Aided Home University : Dr. Babasaheb Ambedkar Marathwada University,Dr. Babasaheb Ambedkar Marathwada University,LOPENO,161904,35.9909439,L,O,OPEN,B.Tech,2025,4
'02282,"Mitthulalji Sarada Institute Of Technology, Nalwandi Road, Beed",'0228290010,Electronics and Computer Science,Un-Aided Home University : Dr. Babasaheb Ambedkar Marathwada University,Dr. Babasaheb Ambedkar Marathwada University,GOPENH,159211,37.6293706,G,H,OPEN,B.Tech,2025,4
'02282,"Mitthulalji Sarada Institute Of Technology, Nalwandi Road, Beed",'0228290010,Electronics and Computer Science,Un-Aided Home University : Dr. Babasaheb Ambedkar Marathwada University,Dr. Babasaheb Ambedkar Marathwada University,PWDOPENH,199541,5.3139267,P,H,PWD,B.Tech,2025,4
'02508,GRAMIN TECHNICAL AND MANAGEMENT CAMPUS NANDED.,'0250824210,Computer Science and Engineering,"Un-Aided Home University : Swami Ramanand Teerth Marathwada University, Nanded","Swami Ramanand Teerth Marathwada University, Nanded",GOPENH,111435,62.8632493,G,H,OPEN,B.Tech,2025,4
'02508,GRAMIN TECHNICAL AND MANAGEMENT CAMPUS NANDED.,'0250824210,Computer Science and Engineering,"Un-Aided Home University : Swami Ramanand Teerth Marathwada University, Nanded","Swami Ramanand Teerth Marathwada University, Nanded",GSCH,127862,55.1895416,G,H,SC,B.Tech,2025,4
'02508,GRAMIN TECHNICAL AND MANAGEMENT CAMPUS NANDED.,'0250824210,Computer Science and Engineering,"Un-Aided Home University : Swami Ramanand Teerth Marathwada University, Nanded","Swami Ramanand Teerth Marathwada University, Nanded",GSTH,117300,60.2517483,G,H,ST,B.Tech,2025,4
'02508,GRAMIN TECHNICAL AND MANAGEMENT CAMPUS NANDED.,'0250850310,Food Technology,"Un-Aided Home University : Swami Ramanand Teerth Marathwada University, Nanded","Swami Ramanand Teerth Marathwada University, Nanded",GOPENH,160126,41.8191826,G,H,OPEN,B.Tech,2025,4
'02508,GRAMIN TECHNICAL AND MANAGEMENT CAMPUS NANDED.,'0250850310,Food Technology,"Un-Aided Home University : Swami Ramanand Teerth Marathwada University, Nanded","Swami Ramanand Teerth Marathwada University, Nanded",GSCH,171541,33.7278107,G,H,SC,B.Tech,2025,4
'02508,GRAMIN TECHNICAL AND MANAGEMENT CAMPUS NANDED.,'0250850310,Food Technology,"Un-Aided Home University : Swami Ramanand Teerth Marathwada University, Nanded","Swami Ramanand Teerth Marathwada University, Nanded",GSEBCH,190627,18.7948869,G,H,SEBC,B.Tech,2025,4
'02508,GRAMIN TECHNICAL AND MANAGEMENT CAMPUS NANDED.,'0250850310,Food Technology,"Un-Aided Home University : Swami Ramanand Teerth Marathwada University, Nanded","Swami Ramanand Teerth Marathwada University, Nanded",LOPENH,159288,42.7072257,L,H,OPEN,B.Tech,2025,4
'02508,GRAMIN TECHNICAL AND MANAGEMENT CAMPUS NANDED.,'0250890610,Civil Engineering (Structural Engineering),"Un-Aided Home University : Swami Ramanand Teerth Marathwada University, Nanded","Swami Ramanand Teerth Marathwada University, Nanded",GOBCH,87778,74.2314271,G,H,OBC,B.Tech,2025,4
'02508,GRAMIN TECHNICAL AND MANAGEMENT CAMPUS NANDED.,'0250890610,Civil Engineering (Structural Engineering),"Un-Aided Home University : Swami Ramanand Teerth Marathwada University, Nanded","Swami Ramanand Teerth Marathwada University, Nanded",LVJH,131369,57.1946241,L,H,VJ,B.Tech,2025,4
'02508,GRAMIN TECHNICAL AND MANAGEMENT CAMPUS NANDED.,'0250890710,Food Engineering,"Un-Aided Home University : Swami Ramanand Teerth Marathwada University, Nanded","Swami Ramanand Teerth Marathwada University, Nanded",GOPENO,107348,67.2177090,G,O,OPEN,B.Tech,2025,4
'02508,GRAMIN TECHNICAL AND MANAGEMENT CAMPUS NANDED.,'0250890710,Food Engineering,"Un-Aided Home University : Swami Ramanand Teerth Marathwada University, Nanded","Swami Ramanand Teerth Marathwada University, Nanded",GOBCO,112189,65.5945284,G,O,OBC,B.Tech,2025,4
'02508,GRAMIN TECHNICAL AND MANAGEMENT CAMPUS NANDED.,'0250890710,Food Engineering,"Un-Aided Home University : Swami Ramanand Teerth Marathwada University, Nanded","Swami Ramanand Teerth Marathwada University, Nanded",LOBCO,104477,68.4448259,L,O,OBC,B.Tech,2025,4
'02508,GRAMIN TECHNICAL AND MANAGEMENT CAMPUS NANDED.,'0250890710,Food Engineering,"Un-Aided Home University : Swami Ramanand Teerth Marathwada University, Nanded","Swami Ramanand Teerth Marathwada University, Nanded",GSTO,112203,65.5945284,G,O,ST,B.Tech,2025,4
'02508,GRAMIN TECHNICAL AND MANAGEMENT CAMPUS NANDED.,'0250890810,Mechanical and Automation Engineering,Un-Aided Home University : Autonomous Institute,Autonomous Institute,GOPENS,185455,18.6473767,G,S,OPEN,B.Tech,2025,4
'02508,GRAMIN TECHNICAL AND MANAGEMENT CAMPUS NANDED.,'0250890810,Mechanical and Automation Engineering,Un-Aided Home University : Autonomous Institute,Autonomous Institute,LOPENS,127294,55.2744499,L,S,OPEN,B.Tech,2025,4
'02508,GRAMIN TECHNICAL AND MANAGEMENT CAMPUS NANDED.,'0250890810,Mechanical and Automation Engineering,Un-Aided Home University : Autonomous Institute,Autonomous Institute,LSCS,139261,49.3416227,L,S,SC,B.Tech,2025,4
'02508,GRAMIN TECHNICAL AND MANAGEMENT CAMPUS NANDED.,'0250890910,Electronics & Telecommunication Engineering,Un-Aided Home University : Autonomous Institute,Autonomous Institute,GOPENS,167882,32.1281783,G,S,OPEN,B.Tech,2025,4
'02508,GRAMIN TECHNICAL AND MANAGEMENT CAMPUS NANDED.,'0250890910,Electronics & Telecommunication Engineering,Un-Aided Home University : Autonomous Institute,Autonomous Institute,GOBCS,179949,22.8214173,G,S,OBC,B.Tech,2025,4
'02508,GRAMIN TECHNICAL AND MANAGEMENT CAMPUS NANDED.,'0250890910,Electronics & Telecommunication Engineering,Un-Aided Home University : Autonomous Institute,Autonomous Institute,GSEBCS,168437,32.0008834,G,S,SEBC,B.Tech,2025,4
'02508,GRAMIN TECHNICAL AND MANAGEMENT CAMPUS NANDED.,'0250890910,Electronics & Telecommunication Engineering,Un-Aided Home University : Autonomous Institute,Autonomous Institute,LOPENS,131458,53.2657343,L,S,OPEN,B.Tech,2025,4
'02508,GRAMIN TECHNICAL AND MANAGEMENT CAMPUS NANDED.,'0250890910,Electronics & Telecommunication Engineering,Un-Aided Home University : Autonomous Institute,Autonomous Institute,LSCS,162492,35.7798895,L,S,SC,B.Tech,2025,4
'02508,GRAMIN TECHNICAL AND MANAGEMENT CAMPUS NANDED.,'0250890910,Electronics & Telecommunication Engineering,Un-Aided Home University : Autonomous Institute,Autonomous Institute,EWS,186817,17.6786167,E,S,EWS,B.Tech,2025,4
'02508,GRAMIN TECHNICAL AND MANAGEMENT CAMPUS NANDED.,'0250890910,Electronics & Telecommunication Engineering,Un-Aided Home University : Autonomous Institute,Autonomous Institute,DEFOPENS,165019,33.4650350,D,S,OPEN,B.Tech,2025,4
'02508,GRAMIN TECHNICAL AND MANAGEMENT CAMPUS NANDED.,'0250890910,Electronics & Telecommunication Engineering,Un-Aided Home University : Autonomous Institute,Autonomous Institute,GSCS,203313,0.6379641,G,S,SC,B.Tech,2025,4
'02508,GRAMIN TECHNICAL AND MANAGEMENT CAMPUS NANDED.,'0250890910,Electronics & Telecommunication Engineering,Un-Aided Home University : Autonomous Institute,Autonomous Institute,GNT1S,200361,4.3679994,G,S,NT1,B.Tech,2025,4
'02508,GRAMIN TECHNICAL AND MANAGEMENT CAMPUS NANDED.,'0250890910,Electronics & Telecommunication Engineering,Un-Aided Home University : Autonomous Institute,Autonomous Institute,GOBCS,177739,24.9543245,G,S,OBC,B.Tech,2025,4
'02508,GRAMIN TECHNICAL AND MANAGEMENT CAMPUS NANDED.,'0250890910,Electronics & Telecommunication Engineering,Un-Aided Home University : Autonomous Institute,Autonomous Institute,LSTS,198119,6.9235509,L,S,ST,B.Tech,2025,4
'02508,GRAMIN TECHNICAL AND MANAGEMENT CAMPUS NANDED.,'0250891110,Computer Science and Engineering(Artificial Intelligence and Machine Learning),Un-Aided Home University : Autonomous Institute,Autonomous Institute,GSCH,126757,55.4922986,G,H,SC,B.Tech,2025,4
'02508,GRAMIN TECHNICAL AND MANAGEMENT CAMPUS NANDED.,'0250891410,Safety and Fire Engineering,"Un-Aided Home University : Swami Ramanand Teerth Marathwada University, Nanded","Swami Ramanand Teerth Marathwada University, Nanded",GOPENH,199444,5.3482038,G,H,OPEN,B.Tech,2025,4
'02508,GRAMIN TECHNICAL AND MANAGEMENT CAMPUS NANDED.,'0250891410,Safety and Fire Engineering,"Un-Aided Home University : Swami Ramanand Teerth Marathwada University, Nanded","Swami Ramanand Teerth Marathwada University, Nanded",LOPENH,188525,15.9545455,L,H,OPEN,B.Tech,2025,4
'02508,GRAMIN TECHNICAL AND MANAGEMENT CAMPUS NANDED.,'0250893710,Electrical Engineering,"Un-Aided Home University : Swami Ramanand Teerth Marathwada University, Nanded","Swami Ramanand Teerth Marathwada University, Nanded",LOPENO,169854,30.2606300,L,O,OPEN,B.Tech,2025,4
'02516,International Centre Of Excellence In Engineering and Management (ICEEM),'0251624210,Computer Science and Engineering,Un-Aided,Unknown,GOPENH,121058,58.2180677,G,H,OPEN,B.Tech,2025,4
'02516,International Centre Of Excellence In Engineering and Management (ICEEM),'0251624210,Computer Science and Engineering,Un-Aided,Unknown,GOBCH,148536,43.7443400,G,H,OBC,B.Tech,2025,4
'02516,International Centre Of Excellence In Engineering and Management (ICEEM),'0251624210,Computer Science and Engineering,Un-Aided,Unknown,GSEBCH,152698,41.7471281,G,H,SEBC,B.Tech,2025,4
'02516,International Centre Of Excellence In Engineering and Management (ICEEM),'0251624210,Computer Science and Engineering,Un-Aided,Unknown,GSTH,127733,55.1895416,G,H,ST,B.Tech,2025,4
'02516,International Centre Of Excellence In Engineering and Management (ICEEM),'0251624210,Computer Science and Engineering,Un-Aided,Unknown,LNT2H,123976,57.0133407,L,H,NT2,B.Tech,2025,4
'02516,International Centre Of Excellence In Engineering and Management (ICEEM),'0251629710,Electrical and Electronics Engineering,Un-Aided,Unknown,GOPENH,174604,26.7336064,G,H,OPEN,B.Tech,2025,4
'02516,International Centre Of Excellence In Engineering and Management (ICEEM),'0251629710,Electrical and Electronics Engineering,Un-Aided,Unknown,GSTH,177166,25.2088452,G,H,ST,B.Tech,2025,4
'02516,International Centre Of Excellence In Engineering and Management (ICEEM),'0251629710,Electrical and Electronics Engineering,Un-Aided,Unknown,LSTH,162543,35.7798895,L,H,ST,B.Tech,2025,4
'02516,International Centre Of Excellence In Engineering and Management (ICEEM),'0251661210,Mechanical Engineering,Un-Aided,Unknown,LOPENO,165004,33.4650350,L,O,OPEN,B.Tech,2025,4
'02516,International Centre Of Excellence In Engineering and Management (ICEEM),'0251692110,Artificial Intelligence and Machine Learning,Un-Aided,Unknown,GOPENH,151571,42.7403863,G,H,OPEN,B.Tech,2025,4
'02516,International Centre Of Excellence In Engineering and Management (ICEEM),'0251692110,Artificial Intelligence and Machine Learning,Un-Aided,Unknown,GSCH,183467,20.2849168,G,H,SC,B.Tech,2025,4
'02516,International Centre Of Excellence In Engineering and Management (ICEEM),'0251692110,Artificial Intelligence and Machine Learning,Un-Aided,Unknown,LOPENH,140773,48.5587427,L,H,OPEN,B.Tech,2025,4
'02516,International Centre Of Excellence In Engineering and Management (ICEEM),'0251692110,Artificial Intelligence and Machine Learning,Un-Aided,Unknown,LOBCH,155829,39.6653303,L,H,OBC,B.Tech,2025,4
'02516,International Centre Of Excellence In Engineering and Management (ICEEM),'0251692110,Artificial Intelligence and Machine Learning,Un-Aided,Unknown,LSTH,146654,45.3566434,L,H,ST,B.Tech,2025,4
'02522,"STMEI's Sandipani Technical Campus-Faculty of Engineering, Latur.",'0252224510,Computer Engineering,"Un-Aided Home University : Swami Ramanand Teerth Marathwada University, Nanded","Swami Ramanand Teerth Marathwada University, Nanded",GOPENH,180670,22.3617813,G,H,OPEN,B.Tech,2025,4
'02522,"STMEI's Sandipani Technical Campus-Faculty of Engineering, Latur.",'0252224510,Computer Engineering,"Un-Aided Home University : Swami Ramanand Teerth Marathwada University, Nanded","Swami Ramanand Teerth Marathwada University, Nanded",GNT2H,199750,5.1070551,G,H,NT2,B.Tech,2025,4
'02522,"STMEI's Sandipani Technical Campus-Faculty of Engineering, Latur.",'0252224510,Computer Engineering,"Un-Aided Home University : Swami Ramanand Teerth Marathwada University, Nanded","Swami Ramanand Teerth Marathwada University, Nanded",GOBCH,200595,4.1433524,G,H,OBC,B.Tech,2025,4
'02522,"STMEI's Sandipani Technical Campus-Faculty of Engineering, Latur.",'0252224510,Computer Engineering,"Un-Aided Home University : Swami Ramanand Teerth Marathwada University, Nanded","Swami Ramanand Teerth Marathwada University, Nanded",LSCH,155285,39.9024730,L,H,SC,B.Tech,2025,4
'02522,"STMEI's Sandipani Technical Campus-Faculty of Engineering, Latur.",'0252224510,Computer Engineering,"Un-Aided Home University : Swami Ramanand Teerth Marathwada University, Nanded","Swami Ramanand Teerth Marathwada University, Nanded",LOBCH,185717,18.5475444,L,H,OBC,B.Tech,2025,4
'02522,"STMEI's Sandipani Technical Campus-Faculty of Engineering, Latur.",'0252224510,Computer Engineering,"Un-Aided Home University : Swami Ramanand Teerth Marathwada University, Nanded","Swami Ramanand Teerth Marathwada University, Nanded",PWDOPENH,146017,45.8266058,P,H,PWD,B.Tech,2025,4
'02522,"STMEI's Sandipani Technical Campus-Faculty of Engineering, Latur.",'0252224510,Computer Engineering,"Un-Aided Home University : Swami Ramanand Teerth Marathwada University, Nanded","Swami Ramanand Teerth Marathwada University, Nanded",PWDSCH,159593,37.1950556,P,H,PWD,B.Tech,2025,4
'02522,"STMEI's Sandipani Technical Campus-Faculty of Engineering, Latur.",'0252224510,Computer Engineering,"Un-Aided Home University : Swami Ramanand Teerth Marathwada University, Nanded","Swami Ramanand Teerth Marathwada University, Nanded",GOBCH,202405,1.9170661,G,H,OBC,B.Tech,2025,4
'02522,"STMEI's Sandipani Technical Campus-Faculty of Engineering, Latur.",'0252224610,Information Technology,"Un-Aided Home University : Swami Ramanand Teerth Marathwada University, Nanded","Swami Ramanand Teerth Marathwada University, Nanded",GOPENO,147067,45.2322221,G,O,OPEN,B.Tech,2025,4
'02522,"STMEI's Sandipani Technical Campus-Faculty of Engineering, Latur.",'0252224610,Information Technology,"Un-Aided Home University : Swami Ramanand Teerth Marathwada University, Nanded","Swami Ramanand Teerth Marathwada University, Nanded",GOBCO,196195,8.8248475,G,O,OBC,B.Tech,2025,4
'02522,"STMEI's Sandipani Technical Campus-Faculty of Engineering, Latur.",'0252224610,Information Technology,"Un-Aided Home University : Swami Ramanand Teerth Marathwada University, Nanded","Swami Ramanand Teerth Marathwada University, Nanded",LOPENO,142713,47.1398578,L,O,OPEN,B.Tech,2025,4
'02522,"STMEI's Sandipani Technical Campus-Faculty of Engineering, Latur.",'0252224610,Information Technology,"Un-Aided Home University : Swami Ramanand Teerth Marathwada University, Nanded","Swami Ramanand Teerth Marathwada University, Nanded",GSTO,185137,19.0847282,G,O,ST,B.Tech,2025,4
'02522,"STMEI's Sandipani Technical Campus-Faculty of Engineering, Latur.",'0252224610,Information Technology,"Un-Aided Home University : Swami Ramanand Teerth Marathwada University, Nanded","Swami Ramanand Teerth Marathwada University, Nanded",GOBCO,179044,23.4701479,G,O,OBC,B.Tech,2025,4
'02522,"STMEI's Sandipani Technical Campus-Faculty of Engineering, Latur.",'0252299510,Artificial Intelligence and Data Science,"Un-Aided Home University : Swami Ramanand Teerth Marathwada University, Nanded","Swami Ramanand Teerth Marathwada University, Nanded",GOBCH,157124,39.3344201,G,H,OBC,B.Tech,2025,4
'02533,"CSMSS Chh. Shahu College of Engineering, Aurangabad",'0253319110,Civil Engineering,Un-Aided Home University : Dr. Babasaheb Ambedkar Marathwada University,Dr. Babasaheb Ambedkar Marathwada University,GSCH,75793,76.7635852,G,H,SC,B.Tech,2025,4
'02533,"CSMSS Chh. Shahu College of Engineering, Aurangabad",'0253324210,Computer Science and Engineering,Un-Aided Home University : Dr. Babasaheb Ambedkar Marathwada University,Dr. Babasaheb Ambedkar Marathwada University,GSCH,82157,74.0094972,G,H,SC,B.Tech,2025,4
'02533,"CSMSS Chh. Shahu College of Engineering, Aurangabad",'0253324210,Computer Science and Engineering,Un-Aided Home University : Dr. Babasaheb Ambedkar Marathwada University,Dr. Babasaheb Ambedkar Marathwada University,GOBCH,71320,78.2722320,G,H,OBC,B.Tech,2025,4
'02533,"CSMSS Chh. Shahu College of Engineering, Aurangabad",'0253324210,Computer Science and Engineering,Un-Aided Home University : Dr. Babasaheb Ambedkar Marathwada University,Dr. Babasaheb Ambedkar Marathwada University,GSEBCH,44867,86.6751751,G,H,SEBC,B.Tech,2025,4
'02533,"CSMSS Chh. Shahu College of Engineering, Aurangabad",'0253324210,Computer Science and Engineering,Un-Aided Home University : Dr. Babasaheb Ambedkar Marathwada University,Dr. Babasaheb Ambedkar Marathwada University,LOBCH,64798,80.3531469,L,H,OBC,B.Tech,2025,4
'02533,"CSMSS Chh. Shahu College of Engineering, Aurangabad",'0253324210,Computer Science and Engineering,Un-Aided Home University : Dr. Babasaheb Ambedkar Marathwada University,Dr. Babasaheb Ambedkar Marathwada University,GSTH,48628,85.4179037,G,H,ST,B.Tech,2025,4
'02533,"CSMSS Chh. Shahu College of Engineering, Aurangabad",'0253329310,Electrical Engineering,Un-Aided Home University : Dr. Babasaheb Ambedkar Marathwada University,Dr. Babasaheb Ambedkar Marathwada University,LSEBCH,103181,66.1695365,L,H,SEBC,B.Tech,2025,4
'02533,"CSMSS Chh. Shahu College of Engineering, Aurangabad",'0253329310,Electrical Engineering,Un-Aided Home University : Dr. Babasaheb Ambedkar Marathwada University,Dr. Babasaheb Ambedkar Marathwada University,GSTH,83900,73.6159498,G,H,ST,B.Tech,2025,4
'02533,"CSMSS Chh. Shahu College of Engineering, Aurangabad",'0253337810,Electronics Engineering ( VLSI Design and Technology),Un-Aided Home University : Dr. Babasaheb Ambedkar Marathwada University,Dr. Babasaheb Ambedkar Marathwada University,GSEBCO,67227,79.6925092,G,O,SEBC,B.Tech,2025,4
'02533,"CSMSS Chh. Shahu College of Engineering, Aurangabad",'0253361210,Mechanical Engineering,Un-Aided Home University : Dr. Babasaheb Ambedkar Marathwada University,Dr. Babasaheb Ambedkar Marathwada University,GNT1H,159792,37.1950556,G,H,NT1,B.Tech,2025,4
'02533,"CSMSS Chh. Shahu College of Engineering, Aurangabad",'0253361210,Mechanical Engineering,Un-Aided Home University : Dr. Babasaheb Ambedkar Marathwada University,Dr. Babasaheb Ambedkar Marathwada University,GOBCH,113944,61.5619516,G,H,OBC,B.Tech,2025,4
'02533,"CSMSS Chh. Shahu College of Engineering, Aurangabad",'0253361210,Mechanical Engineering,Un-Aided Home University : Dr. Babasaheb Ambedkar Marathwada University,Dr. Babasaheb Ambedkar Marathwada University,LOPENH,115015,60.9090909,L,H,OPEN,B.Tech,2025,4
'02533,"CSMSS Chh. Shahu College of Engineering, Aurangabad",'0253384410,Electronics and Computer Engineering,Un-Aided Home University : Dr. Babasaheb Ambedkar Marathwada University,Dr. Babasaheb Ambedkar Marathwada University,GOPENH,62872,81.0133535,G,H,OPEN,B.Tech,2025,4
'02533,"CSMSS Chh. Shahu College of Engineering, Aurangabad",'0253384410,Electronics and Computer Engineering,Un-Aided Home University : Dr. Babasaheb Ambedkar Marathwada University,Dr. Babasaheb Ambedkar Marathwada University,GVJH,78561,75.4880541,G,H,VJ,B.Tech,2025,4
'02533,"CSMSS Chh. Shahu College of Engineering, Aurangabad",'0253384410,Electronics and Computer Engineering,Un-Aided Home University : Dr. Babasaheb Ambedkar Marathwada University,Dr. Babasaheb Ambedkar Marathwada University,GOBCH,72583,77.5384615,G,H,OBC,B.Tech,2025,4
'02533,"CSMSS Chh. Shahu College of Engineering, Aurangabad",'0253384410,Electronics and Computer Engineering,Un-Aided Home University : Dr. Babasaheb Ambedkar Marathwada University,Dr. Babasaheb Ambedkar Marathwada University,GSTH,68673,78.8357161,G,H,ST,B.Tech,2025,4
'02533,"CSMSS Chh. Shahu College of Engineering, Aurangabad",'0253392810,Electronics and Communication(Advanced Communication Technology),Un-Aided Home University : Dr. Babasaheb Ambedkar Marathwada University,Dr. Babasaheb Ambedkar Marathwada University,GSCH,153616,41.4020979,G,H,SC,B.Tech,2025,4
'02533,"CSMSS Chh. Shahu College of Engineering, Aurangabad",'0253399510,Artificial Intelligence and Data Science,Un-Aided Home University : Dr. Babasaheb Ambedkar Marathwada University,Dr. Babasaheb Ambedkar Marathwada University,GOPENH,45005,86.6751751,G,H,OPEN,B.Tech,2025,4
'02634,"Eaglewood Polytechnic Institute, A.P Phulepimpalgaon",'0263424510,Computer Engineering,Un-Aided Home University : Dr. Babasaheb Ambedkar Marathwada University,Dr. Babasaheb Ambedkar Marathwada University,GOPENH,94745,69.4561708,G,H,OPEN,B.Tech,2025,4
'02634,"Eaglewood Polytechnic Institute, A.P Phulepimpalgaon",'0263424510,Computer Engineering,Un-Aided Home University : Dr. Babasaheb Ambedkar Marathwada University,Dr. Babasaheb Ambedkar Marathwada University,GOBCH,139401,49.3416227,G,H,OBC,B.Tech,2025,4
'02634,"Eaglewood Polytechnic Institute, A.P Phulepimpalgaon",'0263424510,Computer Engineering,Un-Aided Home University : Dr. Babasaheb Ambedkar Marathwada University,Dr. Babasaheb Ambedkar Marathwada University,PWDOPENH,163604,35.4407253,P,H,PWD,B.Tech,2025,4
'02637,"Jijau Institute of Engineering Technology and Management, Khandgaon (Bendri), Taluka Naigaon, District Nanded",'0263724510,Computer Engineering,"Un-Aided Home University : Swami Ramanand Teerth Marathwada University, Nanded","Swami Ramanand Teerth Marathwada University, Nanded",GOPENH,164578,33.6209084,G,H,OPEN,B.Tech,2025,4
'02637,"Jijau Institute of Engineering Technology and Management, Khandgaon (Bendri), Taluka Naigaon, District Nanded",'0263724610,Information Technology,"Un-Aided Home University : Swami Ramanand Teerth Marathwada University, Nanded","Swami Ramanand Teerth Marathwada University, Nanded",LOPENO,199877,4.8178570,L,O,OPEN,B.Tech,2025,4
'02637,"Jijau Institute of Engineering Technology and Management, Khandgaon (Bendri), Taluka Naigaon, District Nanded",'0263799710,Artificial Intelligence,"Un-Aided Home University : Swami Ramanand Teerth Marathwada University, Nanded","Swami Ramanand Teerth Marathwada University, Nanded",GOPENH,189276,15.4365886,G,H,OPEN,B.Tech,2025,4
'02641,Dr. V.K. Patil College of Engineering & Technology,'0264119110,Civil Engineering,Un-Aided Home University : Dr. Babasaheb Ambedkar Marathwada University,Dr. Babasaheb Ambedkar Marathwada University,GOPENO,193414,11.5879038,G,O,OPEN,B.Tech,2025,4
'02641,Dr. V.K. Patil College of Engineering & Technology,'0264124210,Computer Science and Engineering,Un-Aided Home University : Dr. Babasaheb Ambedkar Marathwada University,Dr. Babasaheb Ambedkar Marathwada University,GOPENH,201607,2.8010895,G,H,OPEN,B.Tech,2025,4
'02641,Dr. V.K. Patil College of Engineering & Technology,'0264124210,Computer Science and Engineering,Un-Aided Home University : Dr. Babasaheb Ambedkar Marathwada University,Dr. Babasaheb Ambedkar Marathwada University,LOPENH,162090,35.9909439,L,H,OPEN,B.Tech,2025,4
'02641,Dr. V.K. Patil College of Engineering & Technology,'0264129310,Electrical Engineering,Un-Aided Home University : Dr. Babasaheb Ambedkar Marathwada University,Dr. Babasaheb Ambedkar Marathwada University,GOPENH,184489,19.2944893,G,H,OPEN,B.Tech,2025,4
'02641,Dr. V.K. Patil College of Engineering & Technology,'0264161210,Mechanical Engineering,Un-Aided Home University : Dr. Babasaheb Ambedkar Marathwada University,Dr. Babasaheb Ambedkar Marathwada University,GOPENO,151587,42.7403863,G,O,OPEN,B.Tech,2025,4
'02641,Dr. V.K. Patil College of Engineering & Technology,'0264161210,Mechanical Engineering,Un-Aided Home University : Dr. Babasaheb Ambedkar Marathwada University,Dr. Babasaheb Ambedkar Marathwada University,LOPENO,185101,19.0847282,L,O,OPEN,B.Tech,2025,4
'02641,Dr. V.K. Patil College of Engineering & Technology,'0264199710,Artificial Intelligence,Un-Aided Home University : Dr. Babasaheb Ambedkar Marathwada University,Dr. Babasaheb Ambedkar Marathwada University,GOPENH,117749,59.9607019,G,H,OPEN,B.Tech,2025,4
'02641,Dr. V.K. Patil College of Engineering & Technology,'0264199710,Artificial Intelligence,Un-Aided Home University : Dr. Babasaheb Ambedkar Marathwada University,Dr. Babasaheb Ambedkar Marathwada University,GSEBCH,168707,31.9280223,G,H,SEBC,B.Tech,2025,4
'02666,Mangaldeep College of Engineering,'0266624210,Computer Science and Engineering,Un-Aided,Unknown,GOPENH,196789,8.0990652,G,H,OPEN,B.Tech,2025,4
'02666,Mangaldeep College of Engineering,'0266624210,Computer Science and Engineering,Un-Aided,Unknown,LOPENH,191083,13.6137728,L,H,OPEN,B.Tech,2025,4
'02666,Mangaldeep College of Engineering,'0266624210,Computer Science and Engineering,Un-Aided,Unknown,PWDOPENH,200202,4.5300548,P,H,PWD,B.Tech,2025,4
'02666,Mangaldeep College of Engineering,'0266624610,Information Technology,Un-Aided,Unknown,GOPENH,140835,48.5587427,G,H,OPEN,B.Tech,2025,4
'02666,Mangaldeep College of Engineering,'0266624610,Information Technology,Un-Aided,Unknown,LOPENH,139186,49.4020979,L,H,OPEN,B.Tech,2025,4
'02666,Mangaldeep College of Engineering,'0266656610,Computer Science,Un-Aided,Unknown,GOPENH,203198,0.8531469,G,H,OPEN,B.Tech,2025,4
'02666,Mangaldeep College of Engineering,'0266656610,Computer Science,Un-Aided,Unknown,LOPENH,181262,22.0358020,L,H,OPEN,B.Tech,2025,4
'02666,Mangaldeep College of Engineering,'0266692110,Artificial Intelligence and Machine Learning,Un-Aided,Unknown,GNT2H,107361,64.3453843,G,H,NT2,B.Tech,2025,4
'02758,Sant Eknath College of Engineering,'0275824210,Computer Science and Engineering,Un-Aided Home University : Dr. Babasaheb Ambedkar Marathwada University,Dr. Babasaheb Ambedkar Marathwada University,GOPENH,124958,56.6213771,G,H,OPEN,B.Tech,2025,4
'02758,Sant Eknath College of Engineering,'0275829310,Electrical Engineering,Un-Aided Home University : Dr. Babasaheb Ambedkar Marathwada University,Dr. Babasaheb Ambedkar Marathwada University,GOPENO,182873,21.3037657,G,O,OPEN,B.Tech,2025,4
'02758,Sant Eknath College of Engineering,'0275861210,Mechanical Engineering,Un-Aided Home University : Dr. Babasaheb Ambedkar Marathwada University,Dr. Babasaheb Ambedkar Marathwada University,LOPENO,186798,17.6786167,L,O,OPEN,B.Tech,2025,4
'02758,Sant Eknath College of Engineering,'0275899710,Artificial Intelligence,Un-Aided Home University : Dr. Babasaheb Ambedkar Marathwada University,Dr. Babasaheb Ambedkar Marathwada University,LOPENH,161698,36.0836122,L,H,OPEN,B.Tech,2025,4
'02758,Sant Eknath College of Engineering,'0275899710,Artificial Intelligence,Un-Aided Home University : Dr. Babasaheb Ambedkar Marathwada University,Dr. Babasaheb Ambedkar Marathwada University,LOBCH,168043,32.1281783,L,H,OBC,B.Tech,2025,4
'02770,"Shetkari Shikshan Prasarak Mandal's Mahesh Institute of Engineering and Technology , Ashti",'0277019110,Civil Engineering,Un-Aided Home University : Dr. Babasaheb Ambedkar Marathwada University,Dr. Babasaheb Ambedkar Marathwada University,LOPENO,178393,24.7167509,L,O,OPEN,B.Tech,2025,4
'02770,"Shetkari Shikshan Prasarak Mandal's Mahesh Institute of Engineering and Technology , Ashti",'0277024510,Computer Engineering,Un-Aided Home University : Dr. Babasaheb Ambedkar Marathwada University,Dr. Babasaheb Ambedkar Marathwada University,LOPENH,134323,51.7009371,L,H,OPEN,B.Tech,2025,4
'02770,"Shetkari Shikshan Prasarak Mandal's Mahesh Institute of Engineering and Technology , Ashti",'0277061210,Mechanical Engineering,Un-Aided Home University : Dr. Babasaheb Ambedkar Marathwada University,Dr. Babasaheb Ambedkar Marathwada University,GOPENH,149163,43.6588740,G,H,OPEN,B.Tech,2025,4
'02770,"Shetkari Shikshan Prasarak Mandal's Mahesh Institute of Engineering and Technology , Ashti",'0277099510,Artificial Intelligence and Data Science,Un-Aided Home University : Dr. Babasaheb Ambedkar Marathwada University,Dr. Babasaheb Ambedkar Marathwada University,GOPENO,193413,11.5879038,G,O,OPEN,B.Tech,2025,4
'02771,Amolak College of Engineering Kada,'0277124210,Computer Science and Engineering,Un-Aided Religious Minority - Jain Home University : Dr. Babasaheb Ambedkar Marathwada University,Dr. Babasaheb Ambedkar Marathwada University,MI,198464,6.4009128,M,I,MI,B.Tech,2025,4
'02771,Amolak College of Engineering Kada,'0277137210,Electronics and Telecommunication Engg,Un-Aided Religious Minority - Jain Home University : Dr. Babasaheb Ambedkar Marathwada University,Dr. Babasaheb Ambedkar Marathwada University,MI,171691,28.9849310,M,I,MI,B.Tech,2025,4
'02771,Amolak College of Engineering Kada,'0277199510,Artificial Intelligence and Data Science,Un-Aided Religious Minority - Jain Home University : Dr. Babasaheb Ambedkar Marathwada University,Dr. Babasaheb Ambedkar Marathwada University,LOPENH,201651,2.8004180,L,H,OPEN,B.Tech,2025,4
'02772,"JSPM College of Engineering, Latur",'0277219110,Civil Engineering,"Un-Aided Home University : Swami Ramanand Teerth Marathwada University, Nanded","Swami Ramanand Teerth Marathwada University, Nanded",GOPENH,165192,33.4650350,G,H,OPEN,B.Tech,2025,4
'02772,"JSPM College of Engineering, Latur",'0277224510,Computer Engineering,"Un-Aided Home University : Swami Ramanand Teerth Marathwada University, Nanded","Swami Ramanand Teerth Marathwada University, Nanded",GOPENH,109616,63.3986014,G,H,OPEN,B.Tech,2025,4
'02772,"JSPM College of Engineering, Latur",'0277224510,Computer Engineering,"Un-Aided Home University : Swami Ramanand Teerth Marathwada University, Nanded","Swami Ramanand Teerth Marathwada University, Nanded",GOBCH,160788,36.1811489,G,H,OBC,B.Tech,2025,4
'02772,"JSPM College of Engineering, Latur",'0277224510,Computer Engineering,"Un-Aided Home University : Swami Ramanand Teerth Marathwada University, Nanded","Swami Ramanand Teerth Marathwada University, Nanded",LOPENH,88468,71.8197195,L,H,OPEN,B.Tech,2025,4
'02772,"JSPM College of Engineering, Latur",'0277237210,Electronics and Telecommunication Engg,"Un-Aided Home University : Swami Ramanand Teerth Marathwada University, Nanded","Swami Ramanand Teerth Marathwada University, Nanded",GOPENH,166074,32.5553935,G,H,OPEN,B.Tech,2025,4
'02772,"JSPM College of Engineering, Latur",'0277237210,Electronics and Telecommunication Engg,"Un-Aided Home University : Swami Ramanand Teerth Marathwada University, Nanded","Swami Ramanand Teerth Marathwada University, Nanded",LOBCH,166239,32.5553935,L,H,OBC,B.Tech,2025,4
'02772,"JSPM College of Engineering, Latur",'0277292110,Artificial Intelligence and Machine Learning,"Un-Aided Home University : Swami Ramanand Teerth Marathwada University, Nanded","Swami Ramanand Teerth Marathwada University, Nanded",GOPENH,173038,28.4151863,G,H,OPEN,B.Tech,2025,4
'02772,"JSPM College of Engineering, Latur",'0277292110,Artificial Intelligence and Machine Learning,"Un-Aided Home University : Swami Ramanand Teerth Marathwada University, Nanded","Swami Ramanand Teerth Marathwada University, Nanded",GSCH,186840,17.6786167,G,H,SC,B.Tech,2025,4
'02772,"JSPM College of Engineering, Latur",'0277292110,Artificial Intelligence and Machine Learning,"Un-Aided Home University : Swami Ramanand Teerth Marathwada University, Nanded","Swami Ramanand Teerth Marathwada University, Nanded",LOPENH,144345,46.7613499,L,H,OPEN,B.Tech,2025,4
'02772,"JSPM College of Engineering, Latur",'0277292110,Artificial Intelligence and Machine Learning,"Un-Aided Home University : Swami Ramanand Teerth Marathwada University, Nanded","Swami Ramanand Teerth Marathwada University, Nanded",PWDOPENH,149764,43.4652257,P,H,PWD,B.Tech,2025,4
'02777,CDS College of Engineering,'0277724210,Computer Science and Engineering,Un-Aided,Unknown,GOPENH,111277,62.8632493,G,H,OPEN,B.Tech,2025,4
'02777,CDS College of Engineering,'0277724210,Computer Science and Engineering,Un-Aided,Unknown,GSCH,197623,7.2413793,G,H,SC,B.Tech,2025,4
'02777,CDS College of Engineering,'0277724210,Computer Science and Engineering,Un-Aided,Unknown,GOBCH,200986,3.5713055,G,H,OBC,B.Tech,2025,4
'02777,CDS College of Engineering,'0277724210,Computer Science and Engineering,Un-Aided,Unknown,GSEBCH,197337,7.7370436,G,H,SEBC,B.Tech,2025,4
'02777,CDS College of Engineering,'0277724210,Computer Science and Engineering,Un-Aided,Unknown,LOPENH,183993,19.7061157,L,H,OPEN,B.Tech,2025,4
'02777,CDS College of Engineering,'0277724210,Computer Science and Engineering,Un-Aided,Unknown,LSEBCH,196803,8.0990652,L,H,SEBC,B.Tech,2025,4
'02777,CDS College of Engineering,'0277724210,Computer Science and Engineering,Un-Aided,Unknown,GSTH,186670,17.7120141,G,H,ST,B.Tech,2025,4
'02777,CDS College of Engineering,'0277724210,Computer Science and Engineering,Un-Aided,Unknown,GOBCH,190908,13.9047479,G,H,OBC,B.Tech,2025,4
'02777,CDS College of Engineering,'0277724610,Information Technology,Un-Aided,Unknown,GOPENH,195404,9.6906054,G,H,OPEN,B.Tech,2025,4
'02777,CDS College of Engineering,'0277724610,Information Technology,Un-Aided,Unknown,LOPENH,119928,58.8525307,L,H,OPEN,B.Tech,2025,4
'02777,CDS College of Engineering,'0277737210,Electronics and Telecommunication Engg,Un-Aided,Unknown,GOPENH,195821,9.1134840,G,H,OPEN,B.Tech,2025,4
'02777,CDS College of Engineering,'0277737210,Electronics and Telecommunication Engg,Un-Aided,Unknown,LOPENH,170285,29.8059527,L,H,OPEN,B.Tech,2025,4
'02777,CDS College of Engineering,'0277761210,Mechanical Engineering,Un-Aided,Unknown,GNT2H,195444,9.6906054,G,H,NT2,B.Tech,2025,4
'02777,CDS College of Engineering,'0277799710,Artificial Intelligence,Un-Aided,Unknown,GOPENH,193905,11.0553814,G,H,OPEN,B.Tech,2025,4
'02777,CDS College of Engineering,'0277799710,Artificial Intelligence,Un-Aided,Unknown,LOPENH,197552,7.4355245,L,H,OPEN,B.Tech,2025,4
'02779,NKSPT INSTITUTE OF ENGINEERING AND TECHNOLOGY PATHIKAR CAMPUS,'0277924210,Computer Science and Engineering,Un-Aided Home University : Dr. Babasaheb Ambedkar Marathwada University,Dr. Babasaheb Ambedkar Marathwada University,GOPENH,175356,25.9683560,G,H,OPEN,B.Tech,2025,4
'02779,NKSPT INSTITUTE OF ENGINEERING AND TECHNOLOGY PATHIKAR CAMPUS,'0277924210,Computer Science and Engineering,Un-Aided Home University : Dr. Babasaheb Ambedkar Marathwada University,Dr. Babasaheb Ambedkar Marathwada University,LSCH,138918,49.4020979,L,H,SC,B.Tech,2025,4
'02779,NKSPT INSTITUTE OF ENGINEERING AND TECHNOLOGY PATHIKAR CAMPUS,'0277924210,Computer Science and Engineering,Un-Aided Home University : Dr. Babasaheb Ambedkar Marathwada University,Dr. Babasaheb Ambedkar Marathwada University,LOBCH,178121,24.8659004,L,H,OBC,B.Tech,2025,4
'02779,NKSPT INSTITUTE OF ENGINEERING AND TECHNOLOGY PATHIKAR CAMPUS,'0277924210,Computer Science and Engineering,Un-Aided Home University : Dr. Babasaheb Ambedkar Marathwada University,Dr. Babasaheb Ambedkar Marathwada University,LSEBCH,147009,45.2322221,L,H,SEBC,B.Tech,2025,4
'02779,NKSPT INSTITUTE OF ENGINEERING AND TECHNOLOGY PATHIKAR CAMPUS,'0277999510,Artificial Intelligence and Data Science,Un-Aided Home University : Dr. Babasaheb Ambedkar Marathwada University,Dr. Babasaheb Ambedkar Marathwada University,GOPENH,175813,25.8355418,G,H,OPEN,B.Tech,2025,4
'03012,"Veermata Jijabai Technological Institute(VJTI), Matunga, Mumbai",'0301219110,Civil Engineering,Government-Aided Autonomous,Unknown,LOPENS,9125,97.3888223,L,S,OPEN,B.Tech,2025,4
'03012,"Veermata Jijabai Technological Institute(VJTI), Matunga, Mumbai",'0301219110,Civil Engineering,Government-Aided Autonomous,Unknown,LOBCS,13782,96.0257750,L,S,OBC,B.Tech,2025,4
'03012,"Veermata Jijabai Technological Institute(VJTI), Matunga, Mumbai",'0301219110,Civil Engineering,Government-Aided Autonomous,Unknown,DEFOPENS,17226,95.0406335,D,S,OPEN,B.Tech,2025,4
'03012,"Veermata Jijabai Technological Institute(VJTI), Matunga, Mumbai",'0301219110,Civil Engineering,Government-Aided Autonomous,Unknown,TFWS,5767,98.3181583,T,S,TFWS,B.Tech,2025,4
'03012,"Veermata Jijabai Technological Institute(VJTI), Matunga, Mumbai",'0301224510,Computer Engineering,Government-Aided Autonomous,Unknown,GOBCS,789,99.7116474,G,S,OBC,B.Tech,2025,4
'03012,"Veermata Jijabai Technological Institute(VJTI), Matunga, Mumbai",'0301224610,Information Technology,Government-Aided Autonomous,Unknown,GOPENS,620,99.7631487,G,S,OPEN,B.Tech,2025,4
'03012,"Veermata Jijabai Technological Institute(VJTI), Matunga, Mumbai",'0301224610,Information Technology,Government-Aided Autonomous,Unknown,LOPENS,1312,99.5559441,L,S,OPEN,B.Tech,2025,4
'03012,"Veermata Jijabai Technological Institute(VJTI), Matunga, Mumbai",'0301224610,Information Technology,Government-Aided Autonomous,Unknown,DEFOPENS,3677,98.9025491,D,S,OPEN,B.Tech,2025,4
'03012,"Veermata Jijabai Technological Institute(VJTI), Matunga, Mumbai",'0301224610,Information Technology,Government-Aided Autonomous,Unknown,EWS,1539,99.4965035,E,S,EWS,B.Tech,2025,4
'03012,"Veermata Jijabai Technological Institute(VJTI), Matunga, Mumbai",'0301229310,Electrical Engineering,Government-Aided Autonomous,Unknown,GOPENS,1873,99.3963644,G,S,OPEN,B.Tech,2025,4
'03012,"Veermata Jijabai Technological Institute(VJTI), Matunga, Mumbai",'0301229310,Electrical Engineering,Government-Aided Autonomous,Unknown,GSCS,12566,96.3986014,G,S,SC,B.Tech,2025,4
'03012,"Veermata Jijabai Technological Institute(VJTI), Matunga, Mumbai",'0301229310,Electrical Engineering,Government-Aided Autonomous,Unknown,GVJS,10062,97.1070362,G,S,VJ,B.Tech,2025,4
'03012,"Veermata Jijabai Technological Institute(VJTI), Matunga, Mumbai",'0301229310,Electrical Engineering,Government-Aided Autonomous,Unknown,GNT3S,6564,98.0979021,G,S,NT3,B.Tech,2025,4
'03012,"Veermata Jijabai Technological Institute(VJTI), Matunga, Mumbai",'0301229310,Electrical Engineering,Government-Aided Autonomous,Unknown,GOBCS,3098,99.0556065,G,S,OBC,B.Tech,2025,4
'03012,"Veermata Jijabai Technological Institute(VJTI), Matunga, Mumbai",'0301229310,Electrical Engineering,Government-Aided Autonomous,Unknown,GSEBCS,4191,98.7705634,G,S,SEBC,B.Tech,2025,4
'03012,"Veermata Jijabai Technological Institute(VJTI), Matunga, Mumbai",'0301229310,Electrical Engineering,Government-Aided Autonomous,Unknown,LOPENS,3194,99.0347823,L,S,OPEN,B.Tech,2025,4
'03012,"Veermata Jijabai Technological Institute(VJTI), Matunga, Mumbai",'0301229310,Electrical Engineering,Government-Aided Autonomous,Unknown,LSCS,18419,94.7159159,L,S,SC,B.Tech,2025,4
'03012,"Veermata Jijabai Technological Institute(VJTI), Matunga, Mumbai",'0301229310,Electrical Engineering,Government-Aided Autonomous,Unknown,DEFOBCS,15396,95.5914356,D,S,OBC,B.Tech,2025,4
'03012,"Veermata Jijabai Technological Institute(VJTI), Matunga, Mumbai",'0301229310,Electrical Engineering,Government-Aided Autonomous,Unknown,TFWS,3206,99.0347490,T,S,TFWS,B.Tech,2025,4
'03012,"Veermata Jijabai Technological Institute(VJTI), Matunga, Mumbai",'0301237210,Electronics and Telecommunication Engg,Government-Aided Autonomous,Unknown,GOPENS,1222,99.5851490,G,S,OPEN,B.Tech,2025,4
'03012,"Veermata Jijabai Technological Institute(VJTI), Matunga, Mumbai",'0301237210,Electronics and Telecommunication Engg,Government-Aided Autonomous,Unknown,GNT1S,3424,98.9789539,G,S,NT1,B.Tech,2025,4
'03012,"Veermata Jijabai Technological Institute(VJTI), Matunga, Mumbai",'0301237210,Electronics and Telecommunication Engg,Government-Aided Autonomous,Unknown,GOBCS,1398,99.5313271,G,S,OBC,B.Tech,2025,4
'03012,"Veermata Jijabai Technological Institute(VJTI), Matunga, Mumbai",'0301237210,Electronics and Telecommunication Engg,Government-Aided Autonomous,Unknown,LOPENS,1773,99.4220875,L,S,OPEN,B.Tech,2025,4
'03012,"Veermata Jijabai Technological Institute(VJTI), Matunga, Mumbai",'0301237210,Electronics and Telecommunication Engg,Government-Aided Autonomous,Unknown,LSCS,12741,96.3424067,L,S,SC,B.Tech,2025,4
'03012,"Veermata Jijabai Technological Institute(VJTI), Matunga, Mumbai",'0301237210,Electronics and Telecommunication Engg,Government-Aided Autonomous,Unknown,EWS,2407,99.2494186,E,S,EWS,B.Tech,2025,4
'03012,"Veermata Jijabai Technological Institute(VJTI), Matunga, Mumbai",'0301237610,Electronics Engineering,Government-Aided Autonomous,Unknown,GOPENS,1374,99.5396382,G,S,OPEN,B.Tech,2025,4
'03012,"Veermata Jijabai Technological Institute(VJTI), Matunga, Mumbai",'0301237610,Electronics Engineering,Government-Aided Autonomous,Unknown,GVJS,6560,98.0979021,G,S,VJ,B.Tech,2025,4
'03012,"Veermata Jijabai Technological Institute(VJTI), Matunga, Mumbai",'0301237610,Electronics Engineering,Government-Aided Autonomous,Unknown,LOPENS,2263,99.2880461,L,S,OPEN,B.Tech,2025,4
'03012,"Veermata Jijabai Technological Institute(VJTI), Matunga, Mumbai",'0301237610,Electronics Engineering,Government-Aided Autonomous,Unknown,LSCS,15357,95.6055328,L,S,SC,B.Tech,2025,4
'03012,"Veermata Jijabai Technological Institute(VJTI), Matunga, Mumbai",'0301237610,Electronics Engineering,Government-Aided Autonomous,Unknown,EWS,2973,99.1024868,E,S,EWS,B.Tech,2025,4
'03012,"Veermata Jijabai Technological Institute(VJTI), Matunga, Mumbai",'0301261210,Mechanical Engineering,Government-Aided Autonomous,Unknown,GOPENS,2350,99.2574516,G,S,OPEN,B.Tech,2025,4
'03012,"Veermata Jijabai Technological Institute(VJTI), Matunga, Mumbai",'0301261210,Mechanical Engineering,Government-Aided Autonomous,Unknown,GNT1S,6570,98.0979021,G,S,NT1,B.Tech,2025,4
'03012,"Veermata Jijabai Technological Institute(VJTI), Matunga, Mumbai",'0301261210,Mechanical Engineering,Government-Aided Autonomous,Unknown,GOBCS,3588,98.9251126,G,S,OBC,B.Tech,2025,4
'03012,"Veermata Jijabai Technological Institute(VJTI), Matunga, Mumbai",'0301261210,Mechanical Engineering,Government-Aided Autonomous,Unknown,GSEBCS,5638,98.3654081,G,S,SEBC,B.Tech,2025,4
'03012,"Veermata Jijabai Technological Institute(VJTI), Matunga, Mumbai",'0301261210,Mechanical Engineering,Government-Aided Autonomous,Unknown,LOPENS,3357,98.9927909,L,S,OPEN,B.Tech,2025,4
'03012,"Veermata Jijabai Technological Institute(VJTI), Matunga, Mumbai",'0301261210,Mechanical Engineering,Government-Aided Autonomous,Unknown,TFWS,3064,99.0733591,T,S,TFWS,B.Tech,2025,4
'03012,"Veermata Jijabai Technological Institute(VJTI), Matunga, Mumbai",'0301262610,Production Engineering[Sandwich],Government-Aided Autonomous,Unknown,GOPENS,5890,98.2813317,G,S,OPEN,B.Tech,2025,4
'03012,"Veermata Jijabai Technological Institute(VJTI), Matunga, Mumbai",'0301262610,Production Engineering[Sandwich],Government-Aided Autonomous,Unknown,DEFROBCS,45741,86.3869833,D,S,OBC,B.Tech,2025,4
'03012,"Veermata Jijabai Technological Institute(VJTI), Matunga, Mumbai",'0301262610,Production Engineering[Sandwich],Government-Aided Autonomous,Unknown,EWS,8374,97.6001178,E,S,EWS,B.Tech,2025,4
'03012,"Veermata Jijabai Technological Institute(VJTI), Matunga, Mumbai",'0301262610,Production Engineering[Sandwich],Government-Aided Autonomous,Unknown,ORPHAN,5891,98.2813317,O,N,ORPHAN,B.Tech,2025,4
'03012,"Veermata Jijabai Technological Institute(VJTI), Matunga, Mumbai",'0301289610,Textile Technology,Government-Aided Autonomous,Unknown,GOPENS,9987,97.1468531,G,S,OPEN,B.Tech,2025,4
'03012,"Veermata Jijabai Technological Institute(VJTI), Matunga, Mumbai",'0301289610,Textile Technology,Government-Aided Autonomous,Unknown,GSTS,52868,84.1131441,G,S,ST,B.Tech,2025,4
'03012,"Veermata Jijabai Technological Institute(VJTI), Matunga, Mumbai",'0301289610,Textile Technology,Government-Aided Autonomous,Unknown,GNT3S,22631,93.4570631,G,S,NT3,B.Tech,2025,4
'03012,"Veermata Jijabai Technological Institute(VJTI), Matunga, Mumbai",'0301289610,Textile Technology,Government-Aided Autonomous,Unknown,GOBCS,14873,95.7272828,G,S,OBC,B.Tech,2025,4
'03012,"Veermata Jijabai Technological Institute(VJTI), Matunga, Mumbai",'0301289610,Textile Technology,Government-Aided Autonomous,Unknown,GSEBCS,22810,93.3751306,G,S,SEBC,B.Tech,2025,4
'03012,"Veermata Jijabai Technological Institute(VJTI), Matunga, Mumbai",'0301289610,Textile Technology,Government-Aided Autonomous,Unknown,LOPENS,11810,96.6434983,L,S,OPEN,B.Tech,2025,4
'03012,"Veermata Jijabai Technological Institute(VJTI), Matunga, Mumbai",'0301289610,Textile Technology,Government-Aided Autonomous,Unknown,LVJS,108565,63.6512871,L,S,VJ,B.Tech,2025,4
'03012,"Veermata Jijabai Technological Institute(VJTI), Matunga, Mumbai",'0301289610,Textile Technology,Government-Aided Autonomous,Unknown,ORPHAN,10137,97.0950888,O,N,ORPHAN,B.Tech,2025,4
'03014,"Sardar Patel College of Engineering, Andheri",'0301419110,Civil Engineering,Government-Aided Autonomous,Unknown,GOPENS,7099,97.9640927,G,S,OPEN,B.Tech,2025,4
'03014,"Sardar Patel College of Engineering, Andheri",'0301419110,Civil Engineering,Government-Aided Autonomous,Unknown,GOBCS,8992,97.4118962,G,S,OBC,B.Tech,2025,4
'03014,"Sardar Patel College of Engineering, Andheri",'0301419110,Civil Engineering,Government-Aided Autonomous,Unknown,LOPENS,14307,95.8806117,L,S,OPEN,B.Tech,2025,4
'03014,"Sardar Patel College of Engineering, Andheri",'0301419110,Civil Engineering,Government-Aided Autonomous,Unknown,LSCS,45598,86.4120225,L,S,SC,B.Tech,2025,4
'03014,"Sardar Patel College of Engineering, Andheri",'0301419110,Civil Engineering,Government-Aided Autonomous,Unknown,LOBCS,16431,95.2586363,L,S,OBC,B.Tech,2025,4
'03014,"Sardar Patel College of Engineering, Andheri",'0301419110,Civil Engineering,Government-Aided Autonomous,Unknown,ORPHAN,8651,97.5139860,O,N,ORPHAN,B.Tech,2025,4
'03014,"Sardar Patel College of Engineering, Andheri",'0301429310,Electrical Engineering,Government-Aided Autonomous,Unknown,GOPENS,4754,98.6028629,G,S,OPEN,B.Tech,2025,4
'03014,"Sardar Patel College of Engineering, Andheri",'0301429310,Electrical Engineering,Government-Aided Autonomous,Unknown,GSCS,23367,93.2031170,G,S,SC,B.Tech,2025,4
'03014,"Sardar Patel College of Engineering, Andheri",'0301429310,Electrical Engineering,Government-Aided Autonomous,Unknown,GVJS,17368,94.9773598,G,S,VJ,B.Tech,2025,4
'03014,"Sardar Patel College of Engineering, Andheri",'0301429310,Electrical Engineering,Government-Aided Autonomous,Unknown,GNT3S,9492,97.2778140,G,S,NT3,B.Tech,2025,4
'03014,"Sardar Patel College of Engineering, Andheri",'0301429310,Electrical Engineering,Government-Aided Autonomous,Unknown,GOBCS,7520,97.8540931,G,S,OBC,B.Tech,2025,4
'03014,"Sardar Patel College of Engineering, Andheri",'0301429310,Electrical Engineering,Government-Aided Autonomous,Unknown,LOPENS,7967,97.7179034,L,S,OPEN,B.Tech,2025,4
'03014,"Sardar Patel College of Engineering, Andheri",'0301429310,Electrical Engineering,Government-Aided Autonomous,Unknown,LNT2S,18746,94.5862876,L,S,NT2,B.Tech,2025,4
'03014,"Sardar Patel College of Engineering, Andheri",'0301429310,Electrical Engineering,Government-Aided Autonomous,Unknown,LOBCS,10580,96.9659622,L,S,OBC,B.Tech,2025,4
'03014,"Sardar Patel College of Engineering, Andheri",'0301429310,Electrical Engineering,Government-Aided Autonomous,Unknown,TFWS,6883,98.0168480,T,S,TFWS,B.Tech,2025,4
'03014,"Sardar Patel College of Engineering, Andheri",'0301429310,Electrical Engineering,Government-Aided Autonomous,Unknown,PWDOBCS,7594,97.8230582,P,S,PWD,B.Tech,2025,4
'03014,"Sardar Patel College of Engineering, Andheri",'0301429310,Electrical Engineering,Government-Aided Autonomous,Unknown,ORPHAN,4772,98.5995086,O,N,ORPHAN,B.Tech,2025,4
'03014,"Sardar Patel College of Engineering, Andheri",'0301461210,Mechanical Engineering,Government-Aided Autonomous,Unknown,GOPENS,3443,98.9747774,G,S,OPEN,B.Tech,2025,4
'03014,"Sardar Patel College of Engineering, Andheri",'0301461210,Mechanical Engineering,Government-Aided Autonomous,Unknown,GSCS,24735,92.7867133,G,S,SC,B.Tech,2025,4
'03014,"Sardar Patel College of Engineering, Andheri",'0301461210,Mechanical Engineering,Government-Aided Autonomous,Unknown,GVJS,20370,94.0956622,G,S,VJ,B.Tech,2025,4
'03014,"Sardar Patel College of Engineering, Andheri",'0301461210,Mechanical Engineering,Government-Aided Autonomous,Unknown,GNT2S,11049,96.8304668,G,S,NT2,B.Tech,2025,4
'03014,"Sardar Patel College of Engineering, Andheri",'0301461210,Mechanical Engineering,Government-Aided Autonomous,Unknown,GNT3S,13587,96.1253404,G,S,NT3,B.Tech,2025,4
'03014,"Sardar Patel College of Engineering, Andheri",'0301461210,Mechanical Engineering,Government-Aided Autonomous,Unknown,GSEBCS,8780,97.4883820,G,S,SEBC,B.Tech,2025,4
'03014,"Sardar Patel College of Engineering, Andheri",'0301461210,Mechanical Engineering,Government-Aided Autonomous,Unknown,LOBCS,15071,95.6472486,L,S,OBC,B.Tech,2025,4
'03014,"Sardar Patel College of Engineering, Andheri",'0301461210,Mechanical Engineering,Government-Aided Autonomous,Unknown,ORPHAN,4386,98.7173162,O,N,ORPHAN,B.Tech,2025,4
'03025,Svkm's Shri Bhagubhai Mafatlal Polytechnic & College of Engineering,'0302524270U,Computer Science and Engineering,Un-Aided Linguistic Minority - Gujarathi Home University : Mumbai University,Mumbai University,GOPENO,46737,85.9775360,G,O,OPEN,B.Tech,2025,4
'03025,Svkm's Shri Bhagubhai Mafatlal Polytechnic & College of Engineering,'0302524270U,Computer Science and Engineering,Un-Aided Linguistic Minority - Gujarathi Home University : Mumbai University,Mumbai University,LOPENO,47513,85.8824755,L,O,OPEN,B.Tech,2025,4
'03025,Svkm's Shri Bhagubhai Mafatlal Polytechnic & College of Engineering,'0302524570U,Computer Engineering,Un-Aided Linguistic Minority - Gujarathi Home University : Mumbai University,Mumbai University,MI,44916,86.6751751,M,I,MI,B.Tech,2025,4
'03025,Svkm's Shri Bhagubhai Mafatlal Polytechnic & College of Engineering,'0302524670U,Information Technology,Un-Aided Linguistic Minority - Gujarathi Home University : Mumbai University,Mumbai University,GOPENH,31272,90.8461538,G,H,OPEN,B.Tech,2025,4
'03025,Svkm's Shri Bhagubhai Mafatlal Polytechnic & College of Engineering,'0302524670U,Information Technology,Un-Aided Linguistic Minority - Gujarathi Home University : Mumbai University,Mumbai University,LOPENH,33009,90.3035355,L,H,OPEN,B.Tech,2025,4
'03025,Svkm's Shri Bhagubhai Mafatlal Polytechnic & College of Engineering,'0302591170U,Computer Science and Engineering(Artificial Intelligence and Machine Learning),Un-Aided Linguistic Minority - Gujarathi Home University : Mumbai University,Mumbai University,GOPENO,55916,83.2058578,G,O,OPEN,B.Tech,2025,4
'03033,"Dr. Babasaheb Ambedkar Technological University, Lonere",'0303319110,Civil Engineering,University,Unknown,GOPENS,152875,41.7471281,G,S,OPEN,B.Tech,2025,4
'03033,"Dr. Babasaheb Ambedkar Technological University, Lonere",'0303319110,Civil Engineering,University,Unknown,GSCS,180166,22.8214173,G,S,SC,B.Tech,2025,4
'03033,"Dr. Babasaheb Ambedkar Technological University, Lonere",'0303319110,Civil Engineering,University,Unknown,LOPENS,161457,36.0836122,L,S,OPEN,B.Tech,2025,4
'03033,"Dr. Babasaheb Ambedkar Technological University, Lonere",'0303319110,Civil Engineering,University,Unknown,EWS,113854,61.5619516,E,S,EWS,B.Tech,2025,4
'03033,"Dr. Babasaheb Ambedkar Technological University, Lonere",'0303319110,Civil Engineering,University,Unknown,LNT2S,146684,45.3566434,L,S,NT2,B.Tech,2025,4
'03033,"Dr. Babasaheb Ambedkar Technological University, Lonere",'0303324510,Computer Engineering,University,Unknown,GNT2S,65964,79.8919296,G,S,NT2,B.Tech,2025,4
'03033,"Dr. Babasaheb Ambedkar Technological University, Lonere",'0303324510,Computer Engineering,University,Unknown,GOBCS,33030,90.3035355,G,S,OBC,B.Tech,2025,4
'03033,"Dr. Babasaheb Ambedkar Technological University, Lonere",'0303324510,Computer Engineering,University,Unknown,LOPENS,50131,85.0571556,L,S,OPEN,B.Tech,2025,4
'03033,"Dr. Babasaheb Ambedkar Technological University, Lonere",'0303324610,Information Technology,University,Unknown,GOPENS,70512,78.4342571,G,S,OPEN,B.Tech,2025,4
'03033,"Dr. Babasaheb Ambedkar Technological University, Lonere",'0303324610,Information Technology,University,Unknown,GNT1S,145701,45.9245973,G,S,NT1,B.Tech,2025,4
'03033,"Dr. Babasaheb Ambedkar Technological University, Lonere",'0303324610,Information Technology,University,Unknown,GOBCS,77281,75.6538462,G,S,OBC,B.Tech,2025,4
'03033,"Dr. Babasaheb Ambedkar Technological University, Lonere",'0303324610,Information Technology,University,Unknown,LOPENS,75246,76.8955509,L,S,OPEN,B.Tech,2025,4
'03033,"Dr. Babasaheb Ambedkar Technological University, Lonere",'0303324610,Information Technology,University,Unknown,TFWS,66832,79.6986029,T,S,TFWS,B.Tech,2025,4
'03033,"Dr. Babasaheb Ambedkar Technological University, Lonere",'0303324610,Information Technology,University,Unknown,DEFOPENS,69686,78.6137148,D,S,OPEN,B.Tech,2025,4
'03033,"Dr. Babasaheb Ambedkar Technological University, Lonere",'0303324610,Information Technology,University,Unknown,PWDOPENS,77924,75.6075065,P,S,PWD,B.Tech,2025,4
'03033,"Dr. Babasaheb Ambedkar Technological University, Lonere",'0303329310,Electrical Engineering,University,Unknown,GSCS,141825,47.8015007,G,S,SC,B.Tech,2025,4
'03033,"Dr. Babasaheb Ambedkar Technological University, Lonere",'0303329310,Electrical Engineering,University,Unknown,GSEBCS,149157,43.6588740,G,S,SEBC,B.Tech,2025,4
'03033,"Dr. Babasaheb Ambedkar Technological University, Lonere",'0303329310,Electrical Engineering,University,Unknown,LSCS,124037,57.0133407,L,S,SC,B.Tech,2025,4
'03033,"Dr. Babasaheb Ambedkar Technological University, Lonere",'0303329310,Electrical Engineering,University,Unknown,TFWS,126420,55.6405756,T,S,TFWS,B.Tech,2025,4
'03033,"Dr. Babasaheb Ambedkar Technological University, Lonere",'0303337210,Electronics and Telecommunication Engg,University,Unknown,GOPENS,105646,65.3084343,G,S,OPEN,B.Tech,2025,4
'03033,"Dr. Babasaheb Ambedkar Technological University, Lonere",'0303337210,Electronics and Telecommunication Engg,University,Unknown,GSCS,129939,54.0903901,G,S,SC,B.Tech,2025,4
'03033,"Dr. Babasaheb Ambedkar Technological University, Lonere",'0303337210,Electronics and Telecommunication Engg,University,Unknown,GOBCS,107856,64.2631037,G,S,OBC,B.Tech,2025,4
'03033,"Dr. Babasaheb Ambedkar Technological University, Lonere",'0303337210,Electronics and Telecommunication Engg,University,Unknown,GSEBCS,170022,30.2606300,G,S,SEBC,B.Tech,2025,4
'03033,"Dr. Babasaheb Ambedkar Technological University, Lonere",'0303337210,Electronics and Telecommunication Engg,University,Unknown,LOPENS,70410,78.4342571,L,S,OPEN,B.Tech,2025,4
'03033,"Dr. Babasaheb Ambedkar Technological University, Lonere",'0303337210,Electronics and Telecommunication Engg,University,Unknown,LSEBCS,164536,34.8967510,L,S,SEBC,B.Tech,2025,4
'03033,"Dr. Babasaheb Ambedkar Technological University, Lonere",'0303337210,Electronics and Telecommunication Engg,University,Unknown,TFWS,105668,65.3084343,T,S,TFWS,B.Tech,2025,4
'03033,"Dr. Babasaheb Ambedkar Technological University, Lonere",'0303337210,Electronics and Telecommunication Engg,University,Unknown,DEFROBCS,203381,0.5285750,D,S,OBC,B.Tech,2025,4
'03033,"Dr. Babasaheb Ambedkar Technological University, Lonere",'0303337210,Electronics and Telecommunication Engg,University,Unknown,PWDOPENS,116761,60.4221150,P,S,PWD,B.Tech,2025,4
'03033,"Dr. Babasaheb Ambedkar Technological University, Lonere",'0303337210,Electronics and Telecommunication Engg,University,Unknown,GSTS,110842,63.2000580,G,S,ST,B.Tech,2025,4
'03033,"Dr. Babasaheb Ambedkar Technological University, Lonere",'0303337210,Electronics and Telecommunication Engg,University,Unknown,ORPHAN,116431,60.4221150,O,N,ORPHAN,B.Tech,2025,4
'03033,"Dr. Babasaheb Ambedkar Technological University, Lonere",'0303337290L,Electronics and Telecommunication Engg,University,Unknown,GOPENS,130272,53.7591782,G,S,OPEN,B.Tech,2025,4
'03033,"Dr. Babasaheb Ambedkar Technological University, Lonere",'0303337290L,Electronics and Telecommunication Engg,University,Unknown,GSCS,192369,12.5776664,G,S,SC,B.Tech,2025,4
'03033,"Dr. Babasaheb Ambedkar Technological University, Lonere",'0303337290L,Electronics and Telecommunication Engg,University,Unknown,GNT2S,165679,32.6791073,G,S,NT2,B.Tech,2025,4
'03033,"Dr. Babasaheb Ambedkar Technological University, Lonere",'0303337290L,Electronics and Telecommunication Engg,University,Unknown,GOBCS,136602,50.7016833,G,S,OBC,B.Tech,2025,4
'03033,"Dr. Babasaheb Ambedkar Technological University, Lonere",'0303337290L,Electronics and Telecommunication Engg,University,Unknown,LOPENS,121011,58.2180677,L,S,OPEN,B.Tech,2025,4
'03033,"Dr. Babasaheb Ambedkar Technological University, Lonere",'0303337290L,Electronics and Telecommunication Engg,University,Unknown,LOBCS,188691,15.8481365,L,S,OBC,B.Tech,2025,4
'03033,"Dr. Babasaheb Ambedkar Technological University, Lonere",'0303337290L,Electronics and Telecommunication Engg,University,Unknown,LVJS,152108,42.6339209,L,S,VJ,B.Tech,2025,4
'03033,"Dr. Babasaheb Ambedkar Technological University, Lonere",'0303337290L,Electronics and Telecommunication Engg,University,Unknown,LOBCS,164884,33.4650350,L,S,OBC,B.Tech,2025,4
'03033,"Dr. Babasaheb Ambedkar Technological University, Lonere",'0303337290L,Electronics and Telecommunication Engg,University,Unknown,LSCS,146286,45.8266058,L,S,SC,B.Tech,2025,4
'03033,"Dr. Babasaheb Ambedkar Technological University, Lonere",'0303337290L,Electronics and Telecommunication Engg,University,Unknown,LNT1S,147135,45.2322221,L,S,NT1,B.Tech,2025,4
'03033,"Dr. Babasaheb Ambedkar Technological University, Lonere",'0303337810,Electronics Engineering ( VLSI Design and Technology),University,Unknown,GOPENS,106251,64.7148712,G,S,OPEN,B.Tech,2025,4
'03033,"Dr. Babasaheb Ambedkar Technological University, Lonere",'0303337810,Electronics Engineering ( VLSI Design and Technology),University,Unknown,GSEBCS,200528,4.1530130,G,S,SEBC,B.Tech,2025,4
'03033,"Dr. Babasaheb Ambedkar Technological University, Lonere",'0303350710,Chemical Engineering,University,Unknown,GOPENS,96822,68.8687467,G,S,OPEN,B.Tech,2025,4
'03033,"Dr. Babasaheb Ambedkar Technological University, Lonere",'0303352710,Petro Chemical Engineering,University,Unknown,GOPENS,160972,36.1161649,G,S,OPEN,B.Tech,2025,4
'03033,"Dr. Babasaheb Ambedkar Technological University, Lonere",'0303352710,Petro Chemical Engineering,University,Unknown,GSCS,194597,10.4252003,G,S,SC,B.Tech,2025,4
'03033,"Dr. Babasaheb Ambedkar Technological University, Lonere",'0303352710,Petro Chemical Engineering,University,Unknown,GOBCS,171160,29.2375397,G,S,OBC,B.Tech,2025,4
'03033,"Dr. Babasaheb Ambedkar Technological University, Lonere",'0303352710,Petro Chemical Engineering,University,Unknown,LOBCS,108313,63.8244514,L,S,OBC,B.Tech,2025,4
'03033,"Dr. Babasaheb Ambedkar Technological University, Lonere",'0303352710,Petro Chemical Engineering,University,Unknown,LSEBCS,163341,35.5422955,L,S,SEBC,B.Tech,2025,4
'03033,"Dr. Babasaheb Ambedkar Technological University, Lonere",'0303352710,Petro Chemical Engineering,University,Unknown,PWDOPENS,156442,39.5742169,P,S,PWD,B.Tech,2025,4
'03033,"Dr. Babasaheb Ambedkar Technological University, Lonere",'0303352710,Petro Chemical Engineering,University,Unknown,LSCS,181191,22.1118881,L,S,SC,B.Tech,2025,4
'03033,"Dr. Babasaheb Ambedkar Technological University, Lonere",'0303352713K,Petro Chemical Engineering,University,Unknown,GOPENS,145362,45.9816283,G,S,OPEN,B.Tech,2025,4
'03033,"Dr. Babasaheb Ambedkar Technological University, Lonere",'0303361210,Mechanical Engineering,University,Unknown,GOPENS,125709,56.2929777,G,S,OPEN,B.Tech,2025,4
'03033,"Dr. Babasaheb Ambedkar Technological University, Lonere",'0303361210,Mechanical Engineering,University,Unknown,LOPENS,120989,58.4401523,L,S,OPEN,B.Tech,2025,4
'03033,"Dr. Babasaheb Ambedkar Technological University, Lonere",'0303361210,Mechanical Engineering,University,Unknown,LSCS,158064,38.7925588,L,S,SC,B.Tech,2025,4
'03033,"Dr. Babasaheb Ambedkar Technological University, Lonere",'0303361210,Mechanical Engineering,University,Unknown,LSEBCS,166770,32.4837011,L,S,SEBC,B.Tech,2025,4
'03033,"Dr. Babasaheb Ambedkar Technological University, Lonere",'0303361210,Mechanical Engineering,University,Unknown,GSTS,136522,50.7016833,G,S,ST,B.Tech,2025,4
'03033,"Dr. Babasaheb Ambedkar Technological University, Lonere",'0303390510,Computer Science and Engineering,University,Unknown,GOPENS,60324,81.7705077,G,S,OPEN,B.Tech,2025,4
'03033,"Dr. Babasaheb Ambedkar Technological University, Lonere",'0303390510,Computer Science and Engineering,University,Unknown,GSEBCS,84112,73.5570613,G,S,SEBC,B.Tech,2025,4
'03033,"Dr. Babasaheb Ambedkar Technological University, Lonere",'0303390510,Computer Science and Engineering,University,Unknown,LOPENS,98508,68.1164395,L,S,OPEN,B.Tech,2025,4
'03033,"Dr. Babasaheb Ambedkar Technological University, Lonere",'0303390510,Computer Science and Engineering,University,Unknown,LSCS,135426,50.9683037,L,S,SC,B.Tech,2025,4
'03033,"Dr. Babasaheb Ambedkar Technological University, Lonere",'0303390510,Computer Science and Engineering,University,Unknown,GSTS,90447,71.4755245,G,S,ST,B.Tech,2025,4
'03035,"Usha Mittal Institute of Technology SNDT Women's University, Mumbai",'0303524550F,Computer Engineering,University Managed (Un-Aided),Unknown,LOPENS,22441,93.4773416,L,S,OPEN,B.Tech,2025,4
'03035,"Usha Mittal Institute of Technology SNDT Women's University, Mumbai",'0303524550F,Computer Engineering,University Managed (Un-Aided),Unknown,LSEBCS,38843,88.5563899,L,S,SEBC,B.Tech,2025,4
'03035,"Usha Mittal Institute of Technology SNDT Women's University, Mumbai",'0303524550F,Computer Engineering,University Managed (Un-Aided),Unknown,TFWS,31681,90.6688280,T,S,TFWS,B.Tech,2025,4
'03035,"Usha Mittal Institute of Technology SNDT Women's University, Mumbai",'0303524550F,Computer Engineering,University Managed (Un-Aided),Unknown,EWS,29535,91.3131313,E,S,EWS,B.Tech,2025,4
'03035,"Usha Mittal Institute of Technology SNDT Women's University, Mumbai",'0303524650F,Information Technology,University Managed (Un-Aided),Unknown,LOPENS,37812,88.7823852,L,S,OPEN,B.Tech,2025,4
'03035,"Usha Mittal Institute of Technology SNDT Women's University, Mumbai",'0303524650F,Information Technology,University Managed (Un-Aided),Unknown,LNT3S,45777,86.3869833,L,S,NT3,B.Tech,2025,4
'03035,"Usha Mittal Institute of Technology SNDT Women's University, Mumbai",'0303524650F,Information Technology,University Managed (Un-Aided),Unknown,LOBCS,43180,87.2335313,L,S,OBC,B.Tech,2025,4
'03035,"Usha Mittal Institute of Technology SNDT Women's University, Mumbai",'0303524650F,Information Technology,University Managed (Un-Aided),Unknown,LSEBCS,85139,73.2612864,L,S,SEBC,B.Tech,2025,4
'03035,"Usha Mittal Institute of Technology SNDT Women's University, Mumbai",'0303524650F,Information Technology,University Managed (Un-Aided),Unknown,EWS,96283,68.9620341,E,S,EWS,B.Tech,2025,4
'03035,"Usha Mittal Institute of Technology SNDT Women's University, Mumbai",'0303524650F,Information Technology,University Managed (Un-Aided),Unknown,PWDOPENS,38369,88.6801020,P,S,PWD,B.Tech,2025,4
'03035,"Usha Mittal Institute of Technology SNDT Women's University, Mumbai",'0303524650F,Information Technology,University Managed (Un-Aided),Unknown,PWDOBCS,44015,86.9322507,P,S,PWD,B.Tech,2025,4
'03035,"Usha Mittal Institute of Technology SNDT Women's University, Mumbai",'0303525450F,Computer Science and Technology,University Managed (Un-Aided),Unknown,LOPENS,32967,90.3099038,L,S,OPEN,B.Tech,2025,4
'03035,"Usha Mittal Institute of Technology SNDT Women's University, Mumbai",'0303525450F,Computer Science and Technology,University Managed (Un-Aided),Unknown,LSCS,47133,85.9124978,L,S,SC,B.Tech,2025,4
'03035,"Usha Mittal Institute of Technology SNDT Women's University, Mumbai",'0303525450F,Computer Science and Technology,University Managed (Un-Aided),Unknown,LOBCS,33670,90.1133687,L,S,OBC,B.Tech,2025,4
'03035,"Usha Mittal Institute of Technology SNDT Women's University, Mumbai",'0303525450F,Computer Science and Technology,University Managed (Un-Aided),Unknown,TFWS,23054,93.2766093,T,S,TFWS,B.Tech,2025,4
'03035,"Usha Mittal Institute of Technology SNDT Women's University, Mumbai",'0303525450F,Computer Science and Technology,University Managed (Un-Aided),Unknown,DEFOBCS,36116,89.3412389,D,S,OBC,B.Tech,2025,4
'03035,"Usha Mittal Institute of Technology SNDT Women's University, Mumbai",'0303525450F,Computer Science and Technology,University Managed (Un-Aided),Unknown,PWDOPENS,35012,89.7089209,P,S,PWD,B.Tech,2025,4
'03035,"Usha Mittal Institute of Technology SNDT Women's University, Mumbai",'0303537050F,Electronics and Communication Engineering,University Managed (Un-Aided),Unknown,LOPENS,53839,83.8802370,L,S,OPEN,B.Tech,2025,4
'03035,"Usha Mittal Institute of Technology SNDT Women's University, Mumbai",'0303537050F,Electronics and Communication Engineering,University Managed (Un-Aided),Unknown,LSCS,96258,68.9620341,L,S,SC,B.Tech,2025,4
'03035,"Usha Mittal Institute of Technology SNDT Women's University, Mumbai",'0303537050F,Electronics and Communication Engineering,University Managed (Un-Aided),Unknown,LOBCS,56354,82.9717485,L,S,OBC,B.Tech,2025,4
'03035,"Usha Mittal Institute of Technology SNDT Women's University, Mumbai",'0303537050F,Electronics and Communication Engineering,University Managed (Un-Aided),Unknown,LSEBCS,93550,69.8941051,L,S,SEBC,B.Tech,2025,4
'03035,"Usha Mittal Institute of Technology SNDT Women's University, Mumbai",'0303537050F,Electronics and Communication Engineering,University Managed (Un-Aided),Unknown,EWS,65416,79.9894700,E,S,EWS,B.Tech,2025,4
'03035,"Usha Mittal Institute of Technology SNDT Women's University, Mumbai",'0303537050F,Electronics and Communication Engineering,University Managed (Un-Aided),Unknown,DEFOPENS,64067,80.6021790,D,S,OPEN,B.Tech,2025,4
'03035,"Usha Mittal Institute of Technology SNDT Women's University, Mumbai",'0303537050F,Electronics and Communication Engineering,University Managed (Un-Aided),Unknown,PWDOPENS,66604,79.7185003,P,S,PWD,B.Tech,2025,4
'03035,"Usha Mittal Institute of Technology SNDT Women's University, Mumbai",'0303537050F,Electronics and Communication Engineering,University Managed (Un-Aided),Unknown,LSTS,61851,81.1967017,L,S,ST,B.Tech,2025,4
'03035,"Usha Mittal Institute of Technology SNDT Women's University, Mumbai",'0303537050F,Electronics and Communication Engineering,University Managed (Un-Aided),Unknown,ORPHAN,64315,80.4732503,O,N,ORPHAN,B.Tech,2025,4
'03035,"Usha Mittal Institute of Technology SNDT Women's University, Mumbai",'0303591750F,Data Science,University Managed (Un-Aided),Unknown,LOPENS,41735,87.6322867,L,S,OPEN,B.Tech,2025,4
'03035,"Usha Mittal Institute of Technology SNDT Women's University, Mumbai",'0303591750F,Data Science,University Managed (Un-Aided),Unknown,LSCS,77828,75.6522650,L,S,SC,B.Tech,2025,4
'03035,"Usha Mittal Institute of Technology SNDT Women's University, Mumbai",'0303591750F,Data Science,University Managed (Un-Aided),Unknown,LSTS,156056,39.6653303,L,S,ST,B.Tech,2025,4
'03035,"Usha Mittal Institute of Technology SNDT Women's University, Mumbai",'0303591750F,Data Science,University Managed (Un-Aided),Unknown,LOBCS,44872,86.6751751,L,S,OBC,B.Tech,2025,4
'03035,"Usha Mittal Institute of Technology SNDT Women's University, Mumbai",'0303591750F,Data Science,University Managed (Un-Aided),Unknown,TFWS,50843,84.8660601,T,S,TFWS,B.Tech,2025,4
'03035,"Usha Mittal Institute of Technology SNDT Women's University, Mumbai",'0303591750F,Data Science,University Managed (Un-Aided),Unknown,EWS,137209,50.4913264,E,S,EWS,B.Tech,2025,4
'03035,"Usha Mittal Institute of Technology SNDT Women's University, Mumbai",'0303591750F,Data Science,University Managed (Un-Aided),Unknown,PWDOPENS,42689,87.3196408,P,S,PWD,B.Tech,2025,4
'03035,"Usha Mittal Institute of Technology SNDT Women's University, Mumbai",'0303591750F,Data Science,University Managed (Un-Aided),Unknown,LSTS,45698,86.4120225,L,S,ST,B.Tech,2025,4
'03035,"Usha Mittal Institute of Technology SNDT Women's University, Mumbai",'0303599750F,Artificial Intelligence,University Managed (Un-Aided),Unknown,LOPENS,43936,86.9322507,L,S,OPEN,B.Tech,2025,4
'03035,"Usha Mittal Institute of Technology SNDT Women's University, Mumbai",'0303599750F,Artificial Intelligence,University Managed (Un-Aided),Unknown,LOBCS,50068,85.0571556,L,S,OBC,B.Tech,2025,4
'03035,"Usha Mittal Institute of Technology SNDT Women's University, Mumbai",'0303599750F,Artificial Intelligence,University Managed (Un-Aided),Unknown,DEFOPENS,46155,86.2351996,D,S,OPEN,B.Tech,2025,4
'03035,"Usha Mittal Institute of Technology SNDT Women's University, Mumbai",'0303599750F,Artificial Intelligence,University Managed (Un-Aided),Unknown,PWDOPENS,44717,86.6759630,P,S,PWD,B.Tech,2025,4
'03036,"Institute of Chemical Technology, Matunga, Mumbai",'0303650710,Chemical Engineering,Deemed to be University,Unknown,GOPENS,1905,99.3934112,G,S,OPEN,B.Tech,2025,4
'03036,"Institute of Chemical Technology, Matunga, Mumbai",'0303650710,Chemical Engineering,Deemed to be University,Unknown,GSEBCS,2433,99.2447908,G,S,SEBC,B.Tech,2025,4
'03036,"Institute of Chemical Technology, Matunga, Mumbai",'0303650710,Chemical Engineering,Deemed to be University,Unknown,LSEBCS,12009,96.5454743,L,S,SEBC,B.Tech,2025,4
'03036,"Institute of Chemical Technology, Matunga, Mumbai",'0303650710,Chemical Engineering,Deemed to be University,Unknown,ORPHAN,2300,99.2859631,O,N,ORPHAN,B.Tech,2025,4
'03036,"Institute of Chemical Technology, Matunga, Mumbai",'0303651110,Dyestuff Technology,Deemed to be University,Unknown,GOPENS,8539,97.5490028,G,S,OPEN,B.Tech,2025,4
'03036,"Institute of Chemical Technology, Matunga, Mumbai",'0303651110,Dyestuff Technology,Deemed to be University,Unknown,GSEBCS,36301,89.2894353,G,S,SEBC,B.Tech,2025,4
'03036,"Institute of Chemical Technology, Matunga, Mumbai",'0303651110,Dyestuff Technology,Deemed to be University,Unknown,EWS,23235,93.2612864,E,S,EWS,B.Tech,2025,4
'03036,"Institute of Chemical Technology, Matunga, Mumbai",'0303651210,"Oil,Oleochemicals and Surfactants Technology",Deemed to be University,Unknown,GOPENS,5177,98.4901238,G,S,OPEN,B.Tech,2025,4
'03036,"Institute of Chemical Technology, Matunga, Mumbai",'0303651210,"Oil,Oleochemicals and Surfactants Technology",Deemed to be University,Unknown,GSCS,25610,92.5367989,G,S,SC,B.Tech,2025,4
'03036,"Institute of Chemical Technology, Matunga, Mumbai",'0303651310,Pharmaceuticals Chemistry and Technology,Deemed to be University,Unknown,TFWS,5269,98.5510275,T,S,TFWS,B.Tech,2025,4
'03036,"Institute of Chemical Technology, Matunga, Mumbai",'0303651410,Fibres and Textile Processing Technology,Deemed to be University,Unknown,GOPENS,10648,96.9557645,G,S,OPEN,B.Tech,2025,4
'03036,"Institute of Chemical Technology, Matunga, Mumbai",'0303651410,Fibres and Textile Processing Technology,Deemed to be University,Unknown,GOBCS,13409,96.1656046,G,S,OBC,B.Tech,2025,4
'03036,"Institute of Chemical Technology, Matunga, Mumbai",'0303651410,Fibres and Textile Processing Technology,Deemed to be University,Unknown,GSEBCS,15872,95.4197144,G,S,SEBC,B.Tech,2025,4
'03036,"Institute of Chemical Technology, Matunga, Mumbai",'0303651910,Polymer Engineering and Technology,Deemed to be University,Unknown,GOPENS,4871,98.5625151,G,S,OPEN,B.Tech,2025,4
'03036,"Institute of Chemical Technology, Matunga, Mumbai",'0303653410,Food Engineering and Technology,Deemed to be University,Unknown,LSCS,13848,96.3245802,L,S,SC,B.Tech,2025,4
'03036,"Institute of Chemical Technology, Matunga, Mumbai",'0303672910,Surface Coating Technology,Deemed to be University,Unknown,GOPENS,7730,97.7678736,G,S,OPEN,B.Tech,2025,4
'03042,"Loknete Shamrao Peje Government College of Engineering, Ratnagiri",'0304229310,Electrical Engineering,Government Home University : Mumbai University,Mumbai University,GOPENH,188993,15.4704064,G,H,OPEN,B.Tech,2025,4
'03042,"Loknete Shamrao Peje Government College of Engineering, Ratnagiri",'0304229310,Electrical Engineering,Government Home University : Mumbai University,Mumbai University,GNT1H,199958,4.8139345,G,H,NT1,B.Tech,2025,4
'03042,"Loknete Shamrao Peje Government College of Engineering, Ratnagiri",'0304250410,Food Technology And Management,Government Home University : Mumbai University,Mumbai University,GOPENH,171459,34.3906435,G,H,OPEN,B.Tech,2025,4
'03042,"Loknete Shamrao Peje Government College of Engineering, Ratnagiri",'0304250410,Food Technology And Management,Government Home University : Mumbai University,Mumbai University,LOPENH,35972,90.1527331,L,H,OPEN,B.Tech,2025,4
'03042,"Loknete Shamrao Peje Government College of Engineering, Ratnagiri",'0304250410,Food Technology And Management,Government Home University : Mumbai University,Mumbai University,PWDOPENH,190337,19.0847282,P,H,PWD,B.Tech,2025,4
'03042,"Loknete Shamrao Peje Government College of Engineering, Ratnagiri",'0304262410,Mechatronics Engineering,Government Home University : Mumbai University,Mumbai University,GOPENH,155612,39.7546871,G,H,OPEN,B.Tech,2025,4
'03042,"Loknete Shamrao Peje Government College of Engineering, Ratnagiri",'0304291810,Civil and infrastructure Engineering,Government Home University : Mumbai University,Mumbai University,GOBCH,114001,61.5619516,G,H,OBC,B.Tech,2025,4
'03042,"Loknete Shamrao Peje Government College of Engineering, Ratnagiri",'0304291810,Civil and infrastructure Engineering,Government Home University : Mumbai University,Mumbai University,GSEBCH,121526,57.8195751,G,H,SEBC,B.Tech,2025,4
'03042,"Loknete Shamrao Peje Government College of Engineering, Ratnagiri",'0304291810,Civil and infrastructure Engineering,Government Home University : Mumbai University,Mumbai University,GNT2H,135752,50.9683037,G,H,NT2,B.Tech,2025,4
'03042,"Loknete Shamrao Peje Government College of Engineering, Ratnagiri",'0304291810,Civil and infrastructure Engineering,Government Home University : Mumbai University,Mumbai University,LSTH,116898,60.3213757,L,H,ST,B.Tech,2025,4
'03042,"Loknete Shamrao Peje Government College of Engineering, Ratnagiri",'0304299510,Artificial Intelligence and Data Science,Government Home University : Mumbai University,Mumbai University,GSTH,106616,64.7131860,G,H,ST,B.Tech,2025,4
'03135,"Manjara Charitable Trust's Rajiv Gandhi Institute of Technology, Mumbai",'0313524510,Computer Engineering,Un-Aided,Unknown,GOPENH,16654,95.2281725,G,H,OPEN,B.Tech,2025,4
'03135,"Manjara Charitable Trust's Rajiv Gandhi Institute of Technology, Mumbai",'0313524510,Computer Engineering,Un-Aided,Unknown,GSCH,29490,91.3523651,G,H,SC,B.Tech,2025,4
'03135,"Manjara Charitable Trust's Rajiv Gandhi Institute of Technology, Mumbai",'0313524510,Computer Engineering,Un-Aided,Unknown,GOBCH,24030,92.9807126,G,H,OBC,B.Tech,2025,4
'03135,"Manjara Charitable Trust's Rajiv Gandhi Institute of Technology, Mumbai",'0313524510,Computer Engineering,Un-Aided,Unknown,LOPENH,19084,94.4922123,L,H,OPEN,B.Tech,2025,4
'03135,"Manjara Charitable Trust's Rajiv Gandhi Institute of Technology, Mumbai",'0313524510,Computer Engineering,Un-Aided,Unknown,LSCH,44151,86.9194446,L,H,SC,B.Tech,2025,4
'03135,"Manjara Charitable Trust's Rajiv Gandhi Institute of Technology, Mumbai",'0313524610,Information Technology,Un-Aided,Unknown,GOPENH,24884,92.7307558,G,H,OPEN,B.Tech,2025,4
'03135,"Manjara Charitable Trust's Rajiv Gandhi Institute of Technology, Mumbai",'0313524610,Information Technology,Un-Aided,Unknown,GSCH,40395,87.9825175,G,H,SC,B.Tech,2025,4
'03135,"Manjara Charitable Trust's Rajiv Gandhi Institute of Technology, Mumbai",'0313524610,Information Technology,Un-Aided,Unknown,GOBCH,26131,92.3826851,G,H,OBC,B.Tech,2025,4
'03135,"Manjara Charitable Trust's Rajiv Gandhi Institute of Technology, Mumbai",'0313524610,Information Technology,Un-Aided,Unknown,LOPENH,22729,93.4192837,L,H,OPEN,B.Tech,2025,4
'03135,"Manjara Charitable Trust's Rajiv Gandhi Institute of Technology, Mumbai",'0313524610,Information Technology,Un-Aided,Unknown,LNT1H,68122,79.3004726,L,H,NT1,B.Tech,2025,4
'03135,"Manjara Charitable Trust's Rajiv Gandhi Institute of Technology, Mumbai",'0313524610,Information Technology,Un-Aided,Unknown,PWDSCH,38198,88.7271830,P,H,PWD,B.Tech,2025,4
'03135,"Manjara Charitable Trust's Rajiv Gandhi Institute of Technology, Mumbai",'0313537210,Electronics and Telecommunication Engg,Un-Aided,Unknown,GOPENH,44028,86.9322507,G,H,OPEN,B.Tech,2025,4
'03135,"Manjara Charitable Trust's Rajiv Gandhi Institute of Technology, Mumbai",'0313537210,Electronics and Telecommunication Engg,Un-Aided,Unknown,GOBCH,51329,84.6215640,G,H,OBC,B.Tech,2025,4
'03135,"Manjara Charitable Trust's Rajiv Gandhi Institute of Technology, Mumbai",'0313537210,Electronics and Telecommunication Engg,Un-Aided,Unknown,GSEBCH,72522,77.9513058,G,H,SEBC,B.Tech,2025,4
'03135,"Manjara Charitable Trust's Rajiv Gandhi Institute of Technology, Mumbai",'0313537210,Electronics and Telecommunication Engg,Un-Aided,Unknown,LOPENH,38432,88.6328671,L,H,OPEN,B.Tech,2025,4
'03135,"Manjara Charitable Trust's Rajiv Gandhi Institute of Technology, Mumbai",'0313537210,Electronics and Telecommunication Engg,Un-Aided,Unknown,LSCH,59730,81.9705913,L,H,SC,B.Tech,2025,4
'03135,"Manjara Charitable Trust's Rajiv Gandhi Institute of Technology, Mumbai",'0313537210,Electronics and Telecommunication Engg,Un-Aided,Unknown,LSEBCH,53786,83.8802370,L,H,SEBC,B.Tech,2025,4
'03135,"Manjara Charitable Trust's Rajiv Gandhi Institute of Technology, Mumbai",'0313537210,Electronics and Telecommunication Engg,Un-Aided,Unknown,GSTH,45817,86.3869833,G,H,ST,B.Tech,2025,4
'03135,"Manjara Charitable Trust's Rajiv Gandhi Institute of Technology, Mumbai",'0313561210,Mechanical Engineering,Un-Aided,Unknown,GOPENH,45096,86.6718198,G,H,OPEN,B.Tech,2025,4
'03135,"Manjara Charitable Trust's Rajiv Gandhi Institute of Technology, Mumbai",'0313561210,Mechanical Engineering,Un-Aided,Unknown,GOBCH,74840,76.9213781,G,H,OBC,B.Tech,2025,4
'03135,"Manjara Charitable Trust's Rajiv Gandhi Institute of Technology, Mumbai",'0313561210,Mechanical Engineering,Un-Aided,Unknown,LOPENH,55033,83.4741816,L,H,OPEN,B.Tech,2025,4
'03135,"Manjara Charitable Trust's Rajiv Gandhi Institute of Technology, Mumbai",'0313561210,Mechanical Engineering,Un-Aided,Unknown,PWDOBCH,71209,78.2722320,P,H,PWD,B.Tech,2025,4
'03135,"Manjara Charitable Trust's Rajiv Gandhi Institute of Technology, Mumbai",'0313599510,Artificial Intelligence and Data Science,Un-Aided,Unknown,GOPENO,30874,90.9306237,G,O,OPEN,B.Tech,2025,4
'03135,"Manjara Charitable Trust's Rajiv Gandhi Institute of Technology, Mumbai",'0313599510,Artificial Intelligence and Data Science,Un-Aided,Unknown,GSTO,106633,64.7131860,G,O,ST,B.Tech,2025,4
'03135,"Manjara Charitable Trust's Rajiv Gandhi Institute of Technology, Mumbai",'0313599510,Artificial Intelligence and Data Science,Un-Aided,Unknown,LOPENO,29344,91.3979682,L,O,OPEN,B.Tech,2025,4
'03135,"Manjara Charitable Trust's Rajiv Gandhi Institute of Technology, Mumbai",'0313599510,Artificial Intelligence and Data Science,Un-Aided,Unknown,LSEBCO,43197,87.2335313,L,O,SEBC,B.Tech,2025,4
'03139,"Vidyalankar Institute of Technology,Wadala, Mumbai",'0313924510,Computer Engineering,Un-Aided Autonomous,Unknown,GOPENS,9621,97.2320377,G,S,OPEN,B.Tech,2025,4
'03139,"Vidyalankar Institute of Technology,Wadala, Mumbai",'0313924510,Computer Engineering,Un-Aided Autonomous,Unknown,GSCS,16078,95.3847746,G,S,SC,B.Tech,2025,4
'03139,"Vidyalankar Institute of Technology,Wadala, Mumbai",'0313924510,Computer Engineering,Un-Aided Autonomous,Unknown,GNT3S,15838,95.4261304,G,S,NT3,B.Tech,2025,4
'03139,"Vidyalankar Institute of Technology,Wadala, Mumbai",'0313924510,Computer Engineering,Un-Aided Autonomous,Unknown,GOBCS,12000,96.5695839,G,S,OBC,B.Tech,2025,4
'03139,"Vidyalankar Institute of Technology,Wadala, Mumbai",'0313924510,Computer Engineering,Un-Aided Autonomous,Unknown,GSEBCS,18155,94.7692308,G,S,SEBC,B.Tech,2025,4
'03139,"Vidyalankar Institute of Technology,Wadala, Mumbai",'0313924510,Computer Engineering,Un-Aided Autonomous,Unknown,LOPENS,11014,96.8361464,L,S,OPEN,B.Tech,2025,4
'03139,"Vidyalankar Institute of Technology,Wadala, Mumbai",'0313924510,Computer Engineering,Un-Aided Autonomous,Unknown,PWDOPENS,103774,65.8992965,P,S,PWD,B.Tech,2025,4
'03139,"Vidyalankar Institute of Technology,Wadala, Mumbai",'0313924510,Computer Engineering,Un-Aided Autonomous,Unknown,TFWS,9020,97.4069026,T,S,TFWS,B.Tech,2025,4
'03139,"Vidyalankar Institute of Technology,Wadala, Mumbai",'0313924510,Computer Engineering,Un-Aided Autonomous,Unknown,EWS,16474,95.2524802,E,S,EWS,B.Tech,2025,4
'03139,"Vidyalankar Institute of Technology,Wadala, Mumbai",'0313924510,Computer Engineering,Un-Aided Autonomous,Unknown,PWDSCS,16468,95.2524802,P,S,PWD,B.Tech,2025,4
'03139,"Vidyalankar Institute of Technology,Wadala, Mumbai",'0313924510,Computer Engineering,Un-Aided Autonomous,Unknown,PWDSEBCS,14179,95.9539167,P,S,PWD,B.Tech,2025,4
'03139,"Vidyalankar Institute of Technology,Wadala, Mumbai",'0313924510,Computer Engineering,Un-Aided Autonomous,Unknown,ORPHAN,9657,97.2306072,O,N,ORPHAN,B.Tech,2025,4
'03139,"Vidyalankar Institute of Technology,Wadala, Mumbai",'0313924610,Information Technology,Un-Aided Autonomous,Unknown,GOPENS,12597,96.3815673,G,S,OPEN,B.Tech,2025,4
'03139,"Vidyalankar Institute of Technology,Wadala, Mumbai",'0313924610,Information Technology,Un-Aided Autonomous,Unknown,GSCS,23240,93.2612864,G,S,SC,B.Tech,2025,4
'03139,"Vidyalankar Institute of Technology,Wadala, Mumbai",'0313924610,Information Technology,Un-Aided Autonomous,Unknown,GVJS,35986,89.3717407,G,S,VJ,B.Tech,2025,4
'03139,"Vidyalankar Institute of Technology,Wadala, Mumbai",'0313924610,Information Technology,Un-Aided Autonomous,Unknown,GNT1S,19929,94.2525900,G,S,NT1,B.Tech,2025,4
'03139,"Vidyalankar Institute of Technology,Wadala, Mumbai",'0313924610,Information Technology,Un-Aided Autonomous,Unknown,GOBCS,14399,95.8681150,G,S,OBC,B.Tech,2025,4
'03139,"Vidyalankar Institute of Technology,Wadala, Mumbai",'0313924610,Information Technology,Un-Aided Autonomous,Unknown,GSEBCS,19370,94.4196840,G,S,SEBC,B.Tech,2025,4
'03139,"Vidyalankar Institute of Technology,Wadala, Mumbai",'0313924610,Information Technology,Un-Aided Autonomous,Unknown,LOPENS,13190,96.2272727,L,S,OPEN,B.Tech,2025,4
'03139,"Vidyalankar Institute of Technology,Wadala, Mumbai",'0313924610,Information Technology,Un-Aided Autonomous,Unknown,LSTS,158502,38.3392226,L,S,ST,B.Tech,2025,4
'03139,"Vidyalankar Institute of Technology,Wadala, Mumbai",'0313924610,Information Technology,Un-Aided Autonomous,Unknown,TFWS,9513,97.2725351,T,S,TFWS,B.Tech,2025,4
'03139,"Vidyalankar Institute of Technology,Wadala, Mumbai",'0313924610,Information Technology,Un-Aided Autonomous,Unknown,EWS,28336,91.7146701,E,S,EWS,B.Tech,2025,4
'03139,"Vidyalankar Institute of Technology,Wadala, Mumbai",'0313924610,Information Technology,Un-Aided Autonomous,Unknown,ORPHAN,12639,96.3675736,O,N,ORPHAN,B.Tech,2025,4
'03139,"Vidyalankar Institute of Technology,Wadala, Mumbai",'0313937210,Electronics and Telecommunication Engg,Un-Aided Autonomous,Unknown,GOPENS,21518,93.7635248,G,S,OPEN,B.Tech,2025,4
'03139,"Vidyalankar Institute of Technology,Wadala, Mumbai",'0313937210,Electronics and Telecommunication Engg,Un-Aided Autonomous,Unknown,GSCS,35536,89.5355262,G,S,SC,B.Tech,2025,4
'03139,"Vidyalankar Institute of Technology,Wadala, Mumbai",'0313937210,Electronics and Telecommunication Engg,Un-Aided Autonomous,Unknown,GSTS,115385,60.8775137,G,S,ST,B.Tech,2025,4
'03139,"Vidyalankar Institute of Technology,Wadala, Mumbai",'0313937210,Electronics and Telecommunication Engg,Un-Aided Autonomous,Unknown,GNT1S,48002,85.6421968,G,S,NT1,B.Tech,2025,4
'03139,"Vidyalankar Institute of Technology,Wadala, Mumbai",'0313937210,Electronics and Telecommunication Engg,Un-Aided Autonomous,Unknown,GNT2S,43354,87.1376478,G,S,NT2,B.Tech,2025,4
'03139,"Vidyalankar Institute of Technology,Wadala, Mumbai",'0313937210,Electronics and Telecommunication Engg,Un-Aided Autonomous,Unknown,GNT3S,28015,91.7968608,G,S,NT3,B.Tech,2025,4
'03139,"Vidyalankar Institute of Technology,Wadala, Mumbai",'0313937210,Electronics and Telecommunication Engg,Un-Aided Autonomous,Unknown,GOBCS,27660,91.8738016,G,S,OBC,B.Tech,2025,4
'03139,"Vidyalankar Institute of Technology,Wadala, Mumbai",'0313937210,Electronics and Telecommunication Engg,Un-Aided Autonomous,Unknown,GSEBCS,29062,91.4692991,G,S,SEBC,B.Tech,2025,4
'03139,"Vidyalankar Institute of Technology,Wadala, Mumbai",'0313937210,Electronics and Telecommunication Engg,Un-Aided Autonomous,Unknown,LOPENS,25906,92.4172762,L,S,OPEN,B.Tech,2025,4
'03139,"Vidyalankar Institute of Technology,Wadala, Mumbai",'0313937210,Electronics and Telecommunication Engg,Un-Aided Autonomous,Unknown,LSCS,42885,87.3181818,L,S,SC,B.Tech,2025,4
'03139,"Vidyalankar Institute of Technology,Wadala, Mumbai",'0313937210,Electronics and Telecommunication Engg,Un-Aided Autonomous,Unknown,LNT1S,53049,84.0903324,L,S,NT1,B.Tech,2025,4
'03139,"Vidyalankar Institute of Technology,Wadala, Mumbai",'0313937210,Electronics and Telecommunication Engg,Un-Aided Autonomous,Unknown,LOBCS,29604,91.3131313,L,S,OBC,B.Tech,2025,4
'03139,"Vidyalankar Institute of Technology,Wadala, Mumbai",'0313937210,Electronics and Telecommunication Engg,Un-Aided Autonomous,Unknown,LSEBCS,34545,89.8520525,L,S,SEBC,B.Tech,2025,4
'03139,"Vidyalankar Institute of Technology,Wadala, Mumbai",'0313937210,Electronics and Telecommunication Engg,Un-Aided Autonomous,Unknown,TFWS,17951,94.8161060,T,S,TFWS,B.Tech,2025,4
'03139,"Vidyalankar Institute of Technology,Wadala, Mumbai",'0313937210,Electronics and Telecommunication Engg,Un-Aided Autonomous,Unknown,EWS,41471,87.6872170,E,S,EWS,B.Tech,2025,4
'03139,"Vidyalankar Institute of Technology,Wadala, Mumbai",'0313937210,Electronics and Telecommunication Engg,Un-Aided Autonomous,Unknown,PWDOPENS,20385,94.0956622,P,S,PWD,B.Tech,2025,4
'03139,"Vidyalankar Institute of Technology,Wadala, Mumbai",'0313937210,Electronics and Telecommunication Engg,Un-Aided Autonomous,Unknown,ORPHAN,21718,93.6950602,O,N,ORPHAN,B.Tech,2025,4
'03139,"Vidyalankar Institute of Technology,Wadala, Mumbai",'0313946110,Bio Medical Engineering,Un-Aided Autonomous,Unknown,GOPENS,41488,87.6872170,G,S,OPEN,B.Tech,2025,4
'03139,"Vidyalankar Institute of Technology,Wadala, Mumbai",'0313946110,Bio Medical Engineering,Un-Aided Autonomous,Unknown,GNT3S,107751,64.2631037,G,S,NT3,B.Tech,2025,4
'03139,"Vidyalankar Institute of Technology,Wadala, Mumbai",'0313946110,Bio Medical Engineering,Un-Aided Autonomous,Unknown,GOBCS,56851,82.8437868,G,S,OBC,B.Tech,2025,4
'03139,"Vidyalankar Institute of Technology,Wadala, Mumbai",'0313946110,Bio Medical Engineering,Un-Aided Autonomous,Unknown,LSCS,77415,75.6538462,L,S,SC,B.Tech,2025,4
'03139,"Vidyalankar Institute of Technology,Wadala, Mumbai",'0313946110,Bio Medical Engineering,Un-Aided Autonomous,Unknown,DEFOPENS,49885,85.1002266,D,S,OPEN,B.Tech,2025,4
'03139,"Vidyalankar Institute of Technology,Wadala, Mumbai",'0313946110,Bio Medical Engineering,Un-Aided Autonomous,Unknown,PWDOPENS,41437,87.6872170,P,S,PWD,B.Tech,2025,4
'03139,"Vidyalankar Institute of Technology,Wadala, Mumbai",'0313946110,Bio Medical Engineering,Un-Aided Autonomous,Unknown,GSTS,42437,87.3499473,G,S,ST,B.Tech,2025,4
'03139,"Vidyalankar Institute of Technology,Wadala, Mumbai",'0313990010,Electronics and Computer Science,Un-Aided Autonomous,Unknown,GOPENS,15637,95.5106068,G,S,OPEN,B.Tech,2025,4
'03139,"Vidyalankar Institute of Technology,Wadala, Mumbai",'0313990010,Electronics and Computer Science,Un-Aided Autonomous,Unknown,GSCS,31317,90.8461538,G,S,SC,B.Tech,2025,4
'03139,"Vidyalankar Institute of Technology,Wadala, Mumbai",'0313990010,Electronics and Computer Science,Un-Aided Autonomous,Unknown,GSTS,69638,78.6137148,G,S,ST,B.Tech,2025,4
'03139,"Vidyalankar Institute of Technology,Wadala, Mumbai",'0313990010,Electronics and Computer Science,Un-Aided Autonomous,Unknown,GVJS,53734,83.8802370,G,S,VJ,B.Tech,2025,4
'03139,"Vidyalankar Institute of Technology,Wadala, Mumbai",'0313990010,Electronics and Computer Science,Un-Aided Autonomous,Unknown,GNT1S,29689,91.3082283,G,S,NT1,B.Tech,2025,4
'03139,"Vidyalankar Institute of Technology,Wadala, Mumbai",'0313990010,Electronics and Computer Science,Un-Aided Autonomous,Unknown,GNT2S,22093,93.5806832,G,S,NT2,B.Tech,2025,4
'03139,"Vidyalankar Institute of Technology,Wadala, Mumbai",'0313990010,Electronics and Computer Science,Un-Aided Autonomous,Unknown,GOBCS,22901,93.3597277,G,S,OBC,B.Tech,2025,4
'03139,"Vidyalankar Institute of Technology,Wadala, Mumbai",'0313990010,Electronics and Computer Science,Un-Aided Autonomous,Unknown,LOPENS,19307,94.4346290,L,S,OPEN,B.Tech,2025,4
'03139,"Vidyalankar Institute of Technology,Wadala, Mumbai",'0313990010,Electronics and Computer Science,Un-Aided Autonomous,Unknown,LNT3S,93092,70.2628092,L,S,NT3,B.Tech,2025,4
'03139,"Vidyalankar Institute of Technology,Wadala, Mumbai",'0313990010,Electronics and Computer Science,Un-Aided Autonomous,Unknown,LOBCS,23551,93.1604527,L,S,OBC,B.Tech,2025,4
'03139,"Vidyalankar Institute of Technology,Wadala, Mumbai",'0313990010,Electronics and Computer Science,Un-Aided Autonomous,Unknown,TFWS,14971,95.6741283,T,S,TFWS,B.Tech,2025,4
'03139,"Vidyalankar Institute of Technology,Wadala, Mumbai",'0313990010,Electronics and Computer Science,Un-Aided Autonomous,Unknown,EWS,39988,88.1719651,E,S,EWS,B.Tech,2025,4
'03139,"Vidyalankar Institute of Technology,Wadala, Mumbai",'0313990010,Electronics and Computer Science,Un-Aided Autonomous,Unknown,PWDOPENS,15624,95.5106068,P,S,PWD,B.Tech,2025,4
'03139,"Vidyalankar Institute of Technology,Wadala, Mumbai",'0313990010,Electronics and Computer Science,Un-Aided Autonomous,Unknown,PWDSCS,31399,90.8403987,P,S,PWD,B.Tech,2025,4
'03139,"Vidyalankar Institute of Technology,Wadala, Mumbai",'0313990010,Electronics and Computer Science,Un-Aided Autonomous,Unknown,PWDOBCS,21382,93.8434722,P,S,PWD,B.Tech,2025,4
'03139,"Vidyalankar Institute of Technology,Wadala, Mumbai",'0313990010,Electronics and Computer Science,Un-Aided Autonomous,Unknown,ORPHAN,16041,95.3983854,O,N,ORPHAN,B.Tech,2025,4
'03143,"Thakur Shyamnarayan Engineering College, Mumbai",'0314324510,Computer Engineering,Un-Aided Linguistic Minority - Hindi,Unknown,GOPENH,25882,92.4172762,G,H,OPEN,B.Tech,2025,4
'03143,"Thakur Shyamnarayan Engineering College, Mumbai",'0314324510,Computer Engineering,Un-Aided Linguistic Minority - Hindi,Unknown,LOPENH,28095,91.7521019,L,H,OPEN,B.Tech,2025,4
'03143,"Thakur Shyamnarayan Engineering College, Mumbai",'0314324610,Information Technology,Un-Aided Linguistic Minority - Hindi,Unknown,GOPENH,27761,91.8528438,G,H,OPEN,B.Tech,2025,4
'03143,"Thakur Shyamnarayan Engineering College, Mumbai",'0314324610,Information Technology,Un-Aided Linguistic Minority - Hindi,Unknown,LOPENH,27155,92.0737359,L,H,OPEN,B.Tech,2025,4
'03143,"Thakur Shyamnarayan Engineering College, Mumbai",'0314361210,Mechanical Engineering,Un-Aided Linguistic Minority - Hindi,Unknown,GOPENH,47503,85.8824755,G,H,OPEN,B.Tech,2025,4
'03143,"Thakur Shyamnarayan Engineering College, Mumbai",'0314384410,Electronics and Computer Engineering,Un-Aided Linguistic Minority - Hindi,Unknown,GOPENH,37412,88.9609194,G,H,OPEN,B.Tech,2025,4
'03143,"Thakur Shyamnarayan Engineering College, Mumbai",'0314391110,Computer Science and Engineering(Artificial Intelligence and Machine Learning),Un-Aided Linguistic Minority - Hindi,Unknown,GOPENH,22640,93.4220965,G,H,OPEN,B.Tech,2025,4
'03143,"Thakur Shyamnarayan Engineering College, Mumbai",'0314391110,Computer Science and Engineering(Artificial Intelligence and Machine Learning),Un-Aided Linguistic Minority - Hindi,Unknown,LOPENH,28301,91.7146701,L,H,OPEN,B.Tech,2025,4
'03146,"Jawahar Education Society's Annasaheb Chudaman Patil College of Engineering,Kharghar, Navi Mumbai",'0314600210,Aeronautical Engineering,Un-Aided,Unknown,GOPENH,69856,78.5819586,G,H,OPEN,B.Tech,2025,4
'03146,"Jawahar Education Society's Annasaheb Chudaman Patil College of Engineering,Kharghar, Navi Mumbai",'0314600210,Aeronautical Engineering,Un-Aided,Unknown,GOBCH,86457,72.7429418,G,H,OBC,B.Tech,2025,4
'03146,"Jawahar Education Society's Annasaheb Chudaman Patil College of Engineering,Kharghar, Navi Mumbai",'0314600210,Aeronautical Engineering,Un-Aided,Unknown,LOBCH,107852,64.2631037,L,H,OBC,B.Tech,2025,4
'03146,"Jawahar Education Society's Annasaheb Chudaman Patil College of Engineering,Kharghar, Navi Mumbai",'0314624510,Computer Engineering,Un-Aided,Unknown,GOPENH,50362,84.8811189,G,H,OPEN,B.Tech,2025,4
'03146,"Jawahar Education Society's Annasaheb Chudaman Patil College of Engineering,Kharghar, Navi Mumbai",'0314624510,Computer Engineering,Un-Aided,Unknown,GSCH,54386,83.7239356,G,H,SC,B.Tech,2025,4
'03146,"Jawahar Education Society's Annasaheb Chudaman Patil College of Engineering,Kharghar, Navi Mumbai",'0314624510,Computer Engineering,Un-Aided,Unknown,GOBCH,51290,84.6215640,G,H,OBC,B.Tech,2025,4
'03146,"Jawahar Education Society's Annasaheb Chudaman Patil College of Engineering,Kharghar, Navi Mumbai",'0314624510,Computer Engineering,Un-Aided,Unknown,LOPENH,45405,86.5527540,L,H,OPEN,B.Tech,2025,4
'03146,"Jawahar Education Society's Annasaheb Chudaman Patil College of Engineering,Kharghar, Navi Mumbai",'0314624510,Computer Engineering,Un-Aided,Unknown,LOBCH,50630,84.8736599,L,H,OBC,B.Tech,2025,4
'03146,"Jawahar Education Society's Annasaheb Chudaman Patil College of Engineering,Kharghar, Navi Mumbai",'0314624510,Computer Engineering,Un-Aided,Unknown,PWDSCH,56076,83.1060395,P,H,PWD,B.Tech,2025,4
'03146,"Jawahar Education Society's Annasaheb Chudaman Patil College of Engineering,Kharghar, Navi Mumbai",'0314624510,Computer Engineering,Un-Aided,Unknown,GSTH,53045,84.0903324,G,H,ST,B.Tech,2025,4
'03146,"Jawahar Education Society's Annasaheb Chudaman Patil College of Engineering,Kharghar, Navi Mumbai",'0314624610,Information Technology,Un-Aided,Unknown,GOPENO,77362,75.6538462,G,O,OPEN,B.Tech,2025,4
'03146,"Jawahar Education Society's Annasaheb Chudaman Patil College of Engineering,Kharghar, Navi Mumbai",'0314624610,Information Technology,Un-Aided,Unknown,GSCO,117123,60.3213757,G,O,SC,B.Tech,2025,4
'03146,"Jawahar Education Society's Annasaheb Chudaman Patil College of Engineering,Kharghar, Navi Mumbai",'0314624610,Information Technology,Un-Aided,Unknown,GNT2O,132304,53.2228937,G,O,NT2,B.Tech,2025,4
'03146,"Jawahar Education Society's Annasaheb Chudaman Patil College of Engineering,Kharghar, Navi Mumbai",'0314624610,Information Technology,Un-Aided,Unknown,LOPENO,50579,84.8736599,L,O,OPEN,B.Tech,2025,4
'03146,"Jawahar Education Society's Annasaheb Chudaman Patil College of Engineering,Kharghar, Navi Mumbai",'0314624610,Information Technology,Un-Aided,Unknown,LOBCO,82525,73.8000589,L,O,OBC,B.Tech,2025,4
'03146,"Jawahar Education Society's Annasaheb Chudaman Patil College of Engineering,Kharghar, Navi Mumbai",'0314624610,Information Technology,Un-Aided,Unknown,GSTO,78836,75.4048881,G,O,ST,B.Tech,2025,4
'03146,"Jawahar Education Society's Annasaheb Chudaman Patil College of Engineering,Kharghar, Navi Mumbai",'0314629310,Electrical Engineering,Un-Aided,Unknown,GOPENH,98681,68.1164395,G,H,OPEN,B.Tech,2025,4
'03146,"Jawahar Education Society's Annasaheb Chudaman Patil College of Engineering,Kharghar, Navi Mumbai",'0314629310,Electrical Engineering,Un-Aided,Unknown,GSEBCH,149555,43.5338318,G,H,SEBC,B.Tech,2025,4
'03146,"Jawahar Education Society's Annasaheb Chudaman Patil College of Engineering,Kharghar, Navi Mumbai",'0314629310,Electrical Engineering,Un-Aided,Unknown,LOPENH,79067,75.3562654,L,H,OPEN,B.Tech,2025,4
'03146,"Jawahar Education Society's Annasaheb Chudaman Patil College of Engineering,Kharghar, Navi Mumbai",'0314637210,Electronics and Telecommunication Engg,Un-Aided,Unknown,GOBCO,155299,39.9024730,G,O,OBC,B.Tech,2025,4
'03146,"Jawahar Education Society's Annasaheb Chudaman Patil College of Engineering,Kharghar, Navi Mumbai",'0314661210,Mechanical Engineering,Un-Aided,Unknown,GOPENH,99889,67.8210479,G,H,OPEN,B.Tech,2025,4
'03146,"Jawahar Education Society's Annasaheb Chudaman Patil College of Engineering,Kharghar, Navi Mumbai",'0314661210,Mechanical Engineering,Un-Aided,Unknown,LOPENH,121008,58.2180677,L,H,OPEN,B.Tech,2025,4
'03146,"Jawahar Education Society's Annasaheb Chudaman Patil College of Engineering,Kharghar, Navi Mumbai",'0314661210,Mechanical Engineering,Un-Aided,Unknown,LSEBCH,154245,40.0936536,L,H,SEBC,B.Tech,2025,4
'03146,"Jawahar Education Society's Annasaheb Chudaman Patil College of Engineering,Kharghar, Navi Mumbai",'0314692010,Computer Science and Engineering (Internet of Things and Cyber Security Including Block Chain,Un-Aided,Unknown,GOPENH,57196,82.8332926,G,H,OPEN,B.Tech,2025,4
'03146,"Jawahar Education Society's Annasaheb Chudaman Patil College of Engineering,Kharghar, Navi Mumbai",'0314692010,Computer Science and Engineering (Internet of Things and Cyber Security Including Block Chain,Un-Aided,Unknown,LOPENH,59829,81.9404030,L,H,OPEN,B.Tech,2025,4
'03146,"Jawahar Education Society's Annasaheb Chudaman Patil College of Engineering,Kharghar, Navi Mumbai",'0314692010,Computer Science and Engineering (Internet of Things and Cyber Security Including Block Chain,Un-Aided,Unknown,LOBCH,65782,79.9072027,L,H,OBC,B.Tech,2025,4
'03146,"Jawahar Education Society's Annasaheb Chudaman Patil College of Engineering,Kharghar, Navi Mumbai",'0314699510,Artificial Intelligence and Data Science,Un-Aided,Unknown,GOPENH,50246,84.9728618,G,H,OPEN,B.Tech,2025,4
'03146,"Jawahar Education Society's Annasaheb Chudaman Patil College of Engineering,Kharghar, Navi Mumbai",'0314699510,Artificial Intelligence and Data Science,Un-Aided,Unknown,GSCH,57335,82.8332926,G,H,SC,B.Tech,2025,4
'03146,"Jawahar Education Society's Annasaheb Chudaman Patil College of Engineering,Kharghar, Navi Mumbai",'0314699510,Artificial Intelligence and Data Science,Un-Aided,Unknown,LOPENH,53620,83.9020979,L,H,OPEN,B.Tech,2025,4
'03146,"Jawahar Education Society's Annasaheb Chudaman Patil College of Engineering,Kharghar, Navi Mumbai",'0314699510,Artificial Intelligence and Data Science,Un-Aided,Unknown,LNT1H,61828,81.1967017,L,H,NT1,B.Tech,2025,4
'03146,"Jawahar Education Society's Annasaheb Chudaman Patil College of Engineering,Kharghar, Navi Mumbai",'0314699510,Artificial Intelligence and Data Science,Un-Aided,Unknown,PWDOPENH,52256,84.3296195,P,H,PWD,B.Tech,2025,4
'03146,"Jawahar Education Society's Annasaheb Chudaman Patil College of Engineering,Kharghar, Navi Mumbai",'0314699510,Artificial Intelligence and Data Science,Un-Aided,Unknown,PWDSCH,57388,82.7776620,P,H,PWD,B.Tech,2025,4
'03147,"Saraswati Education Society, Yadavrao Tasgaonkar Institute of Engineering & Technology, Karjat",'0314719110,Civil Engineering,Un-Aided,Unknown,GOPENH,193584,11.1969965,G,H,OPEN,B.Tech,2025,4
'03147,"Saraswati Education Society, Yadavrao Tasgaonkar Institute of Engineering & Technology, Karjat",'0314724510,Computer Engineering,Un-Aided,Unknown,GOPENO,166902,32.4837011,G,O,OPEN,B.Tech,2025,4
'03147,"Saraswati Education Society, Yadavrao Tasgaonkar Institute of Engineering & Technology, Karjat",'0314724610,Information Technology,Un-Aided,Unknown,GOPENH,111186,62.9184580,G,H,OPEN,B.Tech,2025,4
'03147,"Saraswati Education Society, Yadavrao Tasgaonkar Institute of Engineering & Technology, Karjat",'0314724610,Information Technology,Un-Aided,Unknown,LSCH,125017,56.5039753,L,H,SC,B.Tech,2025,4
'03147,"Saraswati Education Society, Yadavrao Tasgaonkar Institute of Engineering & Technology, Karjat",'0314724610,Information Technology,Un-Aided,Unknown,LOBCH,121269,58.2180677,L,H,OBC,B.Tech,2025,4
'03147,"Saraswati Education Society, Yadavrao Tasgaonkar Institute of Engineering & Technology, Karjat",'0314724610,Information Technology,Un-Aided,Unknown,PWDOPENH,112436,62.1365556,P,H,PWD,B.Tech,2025,4
'03147,"Saraswati Education Society, Yadavrao Tasgaonkar Institute of Engineering & Technology, Karjat",'0314724610,Information Technology,Un-Aided,Unknown,PWDOBCH,134595,51.5716400,P,H,PWD,B.Tech,2025,4
'03147,"Saraswati Education Society, Yadavrao Tasgaonkar Institute of Engineering & Technology, Karjat",'0314724610,Information Technology,Un-Aided,Unknown,GSTH,129147,54.4314351,G,H,ST,B.Tech,2025,4
'03147,"Saraswati Education Society, Yadavrao Tasgaonkar Institute of Engineering & Technology, Karjat",'0314724610,Information Technology,Un-Aided,Unknown,GVJH,126472,55.6405756,G,H,VJ,B.Tech,2025,4
'03147,"Saraswati Education Society, Yadavrao Tasgaonkar Institute of Engineering & Technology, Karjat",'0314724610,Information Technology,Un-Aided,Unknown,GNT2H,140315,49.1540892,G,H,NT2,B.Tech,2025,4
'03147,"Saraswati Education Society, Yadavrao Tasgaonkar Institute of Engineering & Technology, Karjat",'0314724610,Information Technology,Un-Aided,Unknown,GSEBCH,135202,51.1762787,G,H,SEBC,B.Tech,2025,4
'03147,"Saraswati Education Society, Yadavrao Tasgaonkar Institute of Engineering & Technology, Karjat",'0314729310,Electrical Engineering,Un-Aided,Unknown,GOPENH,89279,71.5830116,G,H,OPEN,B.Tech,2025,4
'03147,"Saraswati Education Society, Yadavrao Tasgaonkar Institute of Engineering & Technology, Karjat",'0314729310,Electrical Engineering,Un-Aided,Unknown,GSCH,145796,45.9245973,G,H,SC,B.Tech,2025,4
'03147,"Saraswati Education Society, Yadavrao Tasgaonkar Institute of Engineering & Technology, Karjat",'0314729310,Electrical Engineering,Un-Aided,Unknown,GOBCH,194375,10.7725189,G,H,OBC,B.Tech,2025,4
'03147,"Saraswati Education Society, Yadavrao Tasgaonkar Institute of Engineering & Technology, Karjat",'0314729310,Electrical Engineering,Un-Aided,Unknown,LOPENH,187561,16.6909773,L,H,OPEN,B.Tech,2025,4
'03147,"Saraswati Education Society, Yadavrao Tasgaonkar Institute of Engineering & Technology, Karjat",'0314729310,Electrical Engineering,Un-Aided,Unknown,LSCH,171470,29.0442453,L,H,SC,B.Tech,2025,4
'03147,"Saraswati Education Society, Yadavrao Tasgaonkar Institute of Engineering & Technology, Karjat",'0314729310,Electrical Engineering,Un-Aided,Unknown,GVJH,181892,21.6174291,G,H,VJ,B.Tech,2025,4
'03147,"Saraswati Education Society, Yadavrao Tasgaonkar Institute of Engineering & Technology, Karjat",'0314729310,Electrical Engineering,Un-Aided,Unknown,GSEBCH,148527,43.7443400,G,H,SEBC,B.Tech,2025,4
'03147,"Saraswati Education Society, Yadavrao Tasgaonkar Institute of Engineering & Technology, Karjat",'0314729310,Electrical Engineering,Un-Aided,Unknown,LOBCH,187125,17.2365618,L,H,OBC,B.Tech,2025,4
'03147,"Saraswati Education Society, Yadavrao Tasgaonkar Institute of Engineering & Technology, Karjat",'0314761210,Mechanical Engineering,Un-Aided,Unknown,GOPENH,177157,25.2088452,G,H,OPEN,B.Tech,2025,4
'03147,"Saraswati Education Society, Yadavrao Tasgaonkar Institute of Engineering & Technology, Karjat",'0314761210,Mechanical Engineering,Un-Aided,Unknown,LOPENH,121492,57.8195751,L,H,OPEN,B.Tech,2025,4
'03147,"Saraswati Education Society, Yadavrao Tasgaonkar Institute of Engineering & Technology, Karjat",'0314761210,Mechanical Engineering,Un-Aided,Unknown,LOPENH,176949,25.4595013,L,H,OPEN,B.Tech,2025,4
'03147,"Saraswati Education Society, Yadavrao Tasgaonkar Institute of Engineering & Technology, Karjat",'0314791710,Data Science,Un-Aided,Unknown,GOPENH,135159,51.1762787,G,H,OPEN,B.Tech,2025,4
'03147,"Saraswati Education Society, Yadavrao Tasgaonkar Institute of Engineering & Technology, Karjat",'0314791710,Data Science,Un-Aided,Unknown,GSCH,143776,47.0502678,G,H,SC,B.Tech,2025,4
'03147,"Saraswati Education Society, Yadavrao Tasgaonkar Institute of Engineering & Technology, Karjat",'0314791710,Data Science,Un-Aided,Unknown,GOBCH,137489,50.4913264,G,H,OBC,B.Tech,2025,4
'03147,"Saraswati Education Society, Yadavrao Tasgaonkar Institute of Engineering & Technology, Karjat",'0314791710,Data Science,Un-Aided,Unknown,LSCH,120041,58.8525307,L,H,SC,B.Tech,2025,4
'03147,"Saraswati Education Society, Yadavrao Tasgaonkar Institute of Engineering & Technology, Karjat",'0314791710,Data Science,Un-Aided,Unknown,GNT2H,138097,49.7291102,G,H,NT2,B.Tech,2025,4
'03147,"Saraswati Education Society, Yadavrao Tasgaonkar Institute of Engineering & Technology, Karjat",'0314791710,Data Science,Un-Aided,Unknown,GSEBCH,141815,47.8015007,G,H,SEBC,B.Tech,2025,4
'03147,"Saraswati Education Society, Yadavrao Tasgaonkar Institute of Engineering & Technology, Karjat",'0314791710,Data Science,Un-Aided,Unknown,LNT1H,140588,48.5587427,L,H,NT1,B.Tech,2025,4
'03147,"Saraswati Education Society, Yadavrao Tasgaonkar Institute of Engineering & Technology, Karjat",'0314792110,Artificial Intelligence and Machine Learning,Un-Aided,Unknown,GOPENH,86001,72.8948543,G,H,OPEN,B.Tech,2025,4
'03147,"Saraswati Education Society, Yadavrao Tasgaonkar Institute of Engineering & Technology, Karjat",'0314792110,Artificial Intelligence and Machine Learning,Un-Aided,Unknown,GSCH,107759,64.2631037,G,H,SC,B.Tech,2025,4
'03147,"Saraswati Education Society, Yadavrao Tasgaonkar Institute of Engineering & Technology, Karjat",'0314792110,Artificial Intelligence and Machine Learning,Un-Aided,Unknown,GOBCH,105630,65.3084343,G,H,OBC,B.Tech,2025,4
'03147,"Saraswati Education Society, Yadavrao Tasgaonkar Institute of Engineering & Technology, Karjat",'0314792110,Artificial Intelligence and Machine Learning,Un-Aided,Unknown,LOPENH,72554,77.5384615,L,H,OPEN,B.Tech,2025,4
'03147,"Saraswati Education Society, Yadavrao Tasgaonkar Institute of Engineering & Technology, Karjat",'0314792110,Artificial Intelligence and Machine Learning,Un-Aided,Unknown,GSTH,92044,70.6189283,G,H,ST,B.Tech,2025,4
'03147,"Saraswati Education Society, Yadavrao Tasgaonkar Institute of Engineering & Technology, Karjat",'0314792110,Artificial Intelligence and Machine Learning,Un-Aided,Unknown,GSEBCH,96204,68.9620341,G,H,SEBC,B.Tech,2025,4
'03147,"Saraswati Education Society, Yadavrao Tasgaonkar Institute of Engineering & Technology, Karjat",'0314792110,Artificial Intelligence and Machine Learning,Un-Aided,Unknown,LNT3H,103321,66.1695365,L,H,NT3,B.Tech,2025,4
'03147,"Saraswati Education Society, Yadavrao Tasgaonkar Institute of Engineering & Technology, Karjat",'0314792110,Artificial Intelligence and Machine Learning,Un-Aided,Unknown,LSEBCH,102995,66.2972028,L,H,SEBC,B.Tech,2025,4
'03148,"Mahavir Education Trust's Shah & Anchor Kutchhi Engineering College, Mumbai",'0314824510,Computer Engineering,Un-Aided Autonomous Linguistic Minority - Gujarathi(Jain),Unknown,GOPENS,23972,92.9975430,G,S,OPEN,B.Tech,2025,4
'03148,"Mahavir Education Trust's Shah & Anchor Kutchhi Engineering College, Mumbai",'0314824510,Computer Engineering,Un-Aided Autonomous Linguistic Minority - Gujarathi(Jain),Unknown,LOPENS,23796,93.0875099,L,S,OPEN,B.Tech,2025,4
'03148,"Mahavir Education Trust's Shah & Anchor Kutchhi Engineering College, Mumbai",'0314824510,Computer Engineering,Un-Aided Autonomous Linguistic Minority - Gujarathi(Jain),Unknown,MI,77961,75.6075065,M,I,MI,B.Tech,2025,4
'03148,"Mahavir Education Trust's Shah & Anchor Kutchhi Engineering College, Mumbai",'0314824610,Information Technology,Un-Aided Autonomous Linguistic Minority - Gujarathi(Jain),Unknown,GOPENS,29821,91.3015715,G,S,OPEN,B.Tech,2025,4
'03148,"Mahavir Education Trust's Shah & Anchor Kutchhi Engineering College, Mumbai",'0314824610,Information Technology,Un-Aided Autonomous Linguistic Minority - Gujarathi(Jain),Unknown,LOPENS,30001,91.2776413,L,S,OPEN,B.Tech,2025,4
'03148,"Mahavir Education Trust's Shah & Anchor Kutchhi Engineering College, Mumbai",'0314824610,Information Technology,Un-Aided Autonomous Linguistic Minority - Gujarathi(Jain),Unknown,MI,111154,62.9184580,M,I,MI,B.Tech,2025,4
'03148,"Mahavir Education Trust's Shah & Anchor Kutchhi Engineering College, Mumbai",'0314825210,Cyber Security,Un-Aided Autonomous Linguistic Minority - Gujarathi(Jain),Unknown,GOPENS,32805,90.3566434,G,S,OPEN,B.Tech,2025,4
'03148,"Mahavir Education Trust's Shah & Anchor Kutchhi Engineering College, Mumbai",'0314825210,Cyber Security,Un-Aided Autonomous Linguistic Minority - Gujarathi(Jain),Unknown,LOPENS,37882,88.7823852,L,S,OPEN,B.Tech,2025,4
'03148,"Mahavir Education Trust's Shah & Anchor Kutchhi Engineering College, Mumbai",'0314825210,Cyber Security,Un-Aided Autonomous Linguistic Minority - Gujarathi(Jain),Unknown,MI,111660,62.8632493,M,I,MI,B.Tech,2025,4
'03148,"Mahavir Education Trust's Shah & Anchor Kutchhi Engineering College, Mumbai",'0314837210,Electronics and Telecommunication Engg,Un-Aided Autonomous Linguistic Minority - Gujarathi(Jain),Unknown,GOPENS,46698,85.9775360,G,S,OPEN,B.Tech,2025,4
'03148,"Mahavir Education Trust's Shah & Anchor Kutchhi Engineering College, Mumbai",'0314837210,Electronics and Telecommunication Engg,Un-Aided Autonomous Linguistic Minority - Gujarathi(Jain),Unknown,LOPENS,46315,86.2326458,L,S,OPEN,B.Tech,2025,4
'03148,"Mahavir Education Trust's Shah & Anchor Kutchhi Engineering College, Mumbai",'0314837210,Electronics and Telecommunication Engg,Un-Aided Autonomous Linguistic Minority - Gujarathi(Jain),Unknown,MI,187133,17.2365618,M,I,MI,B.Tech,2025,4
'03148,"Mahavir Education Trust's Shah & Anchor Kutchhi Engineering College, Mumbai",'0314837210,Electronics and Telecommunication Engg,Un-Aided Autonomous Linguistic Minority - Gujarathi(Jain),Unknown,MI,51961,84.4950314,M,I,MI,B.Tech,2025,4
'03148,"Mahavir Education Trust's Shah & Anchor Kutchhi Engineering College, Mumbai",'0314837810,Electronics Engineering ( VLSI Design and Technology),Un-Aided Autonomous Linguistic Minority - Gujarathi(Jain),Unknown,GOPENS,48272,85.6182564,G,S,OPEN,B.Tech,2025,4
'03148,"Mahavir Education Trust's Shah & Anchor Kutchhi Engineering College, Mumbai",'0314837810,Electronics Engineering ( VLSI Design and Technology),Un-Aided Autonomous Linguistic Minority - Gujarathi(Jain),Unknown,LOPENS,15312,95.6179188,L,S,OPEN,B.Tech,2025,4
'03148,"Mahavir Education Trust's Shah & Anchor Kutchhi Engineering College, Mumbai",'0314837810,Electronics Engineering ( VLSI Design and Technology),Un-Aided Autonomous Linguistic Minority - Gujarathi(Jain),Unknown,MI,184479,19.2944893,M,I,MI,B.Tech,2025,4
'03148,"Mahavir Education Trust's Shah & Anchor Kutchhi Engineering College, Mumbai",'0314837810,Electronics Engineering ( VLSI Design and Technology),Un-Aided Autonomous Linguistic Minority - Gujarathi(Jain),Unknown,TFWS,67669,79.4832155,T,S,TFWS,B.Tech,2025,4
'03148,"Mahavir Education Trust's Shah & Anchor Kutchhi Engineering College, Mumbai",'0314837810,Electronics Engineering ( VLSI Design and Technology),Un-Aided Autonomous Linguistic Minority - Gujarathi(Jain),Unknown,MI,58830,82.2162613,M,I,MI,B.Tech,2025,4
'03148,"Mahavir Education Trust's Shah & Anchor Kutchhi Engineering College, Mumbai",'0314890010,Electronics and Computer Science,Un-Aided Autonomous Linguistic Minority - Gujarathi(Jain),Unknown,GOPENS,41671,87.6831328,G,S,OPEN,B.Tech,2025,4
'03148,"Mahavir Education Trust's Shah & Anchor Kutchhi Engineering College, Mumbai",'0314890010,Electronics and Computer Science,Un-Aided Autonomous Linguistic Minority - Gujarathi(Jain),Unknown,LOPENS,42057,87.5666075,L,S,OPEN,B.Tech,2025,4
'03148,"Mahavir Education Trust's Shah & Anchor Kutchhi Engineering College, Mumbai",'0314890010,Electronics and Computer Science,Un-Aided Autonomous Linguistic Minority - Gujarathi(Jain),Unknown,MI,184177,19.4484962,M,I,MI,B.Tech,2025,4
'03148,"Mahavir Education Trust's Shah & Anchor Kutchhi Engineering College, Mumbai",'0314890010,Electronics and Computer Science,Un-Aided Autonomous Linguistic Minority - Gujarathi(Jain),Unknown,MI,42314,87.4115391,M,I,MI,B.Tech,2025,4
'03148,"Mahavir Education Trust's Shah & Anchor Kutchhi Engineering College, Mumbai",'0314893310,Electronics and Communication (Advanced Communication Technology),Un-Aided Autonomous Linguistic Minority - Gujarathi(Jain),Unknown,GOPENS,60020,81.8021201,G,S,OPEN,B.Tech,2025,4
'03148,"Mahavir Education Trust's Shah & Anchor Kutchhi Engineering College, Mumbai",'0314893310,Electronics and Communication (Advanced Communication Technology),Un-Aided Autonomous Linguistic Minority - Gujarathi(Jain),Unknown,MI,111614,62.8632493,M,I,MI,B.Tech,2025,4
'03148,"Mahavir Education Trust's Shah & Anchor Kutchhi Engineering College, Mumbai",'0314893310,Electronics and Communication (Advanced Communication Technology),Un-Aided Autonomous Linguistic Minority - Gujarathi(Jain),Unknown,MI,67702,79.4832155,M,I,MI,B.Tech,2025,4
'03148,"Mahavir Education Trust's Shah & Anchor Kutchhi Engineering College, Mumbai",'0314899510,Artificial Intelligence and Data Science,Un-Aided Autonomous Linguistic Minority - Gujarathi(Jain),Unknown,GOPENS,22878,93.3597277,G,S,OPEN,B.Tech,2025,4
'03148,"Mahavir Education Trust's Shah & Anchor Kutchhi Engineering College, Mumbai",'0314899510,Artificial Intelligence and Data Science,Un-Aided Autonomous Linguistic Minority - Gujarathi(Jain),Unknown,LOPENS,24367,92.9168662,L,S,OPEN,B.Tech,2025,4
'03148,"Mahavir Education Trust's Shah & Anchor Kutchhi Engineering College, Mumbai",'0314899510,Artificial Intelligence and Data Science,Un-Aided Autonomous Linguistic Minority - Gujarathi(Jain),Unknown,MI,93302,70.2033567,M,I,MI,B.Tech,2025,4
'03154,"Saraswati Education Society's Saraswati College of Engineering,Kharghar Navi Mumbai",'0315419110,Civil Engineering,Un-Aided Autonomous,Unknown,GOPENS,81471,74.6802716,G,S,OPEN,B.Tech,2025,4
'03154,"Saraswati Education Society's Saraswati College of Engineering,Kharghar Navi Mumbai",'0315419110,Civil Engineering,Un-Aided Autonomous,Unknown,GOBCS,101361,66.9039004,G,S,OBC,B.Tech,2025,4
'03154,"Saraswati Education Society's Saraswati College of Engineering,Kharghar Navi Mumbai",'0315419110,Civil Engineering,Un-Aided Autonomous,Unknown,LOPENS,28591,91.6927138,L,S,OPEN,B.Tech,2025,4
'03154,"Saraswati Education Society's Saraswati College of Engineering,Kharghar Navi Mumbai",'0315419110,Civil Engineering,Un-Aided Autonomous,Unknown,DEFOPENS,88693,71.6607627,D,S,OPEN,B.Tech,2025,4
'03154,"Saraswati Education Society's Saraswati College of Engineering,Kharghar Navi Mumbai",'0315419110,Civil Engineering,Un-Aided Autonomous,Unknown,PWDOPENS,82588,73.8000589,P,S,PWD,B.Tech,2025,4
'03154,"Saraswati Education Society's Saraswati College of Engineering,Kharghar Navi Mumbai",'0315419110,Civil Engineering,Un-Aided Autonomous,Unknown,ORPHAN,94309,69.4936445,O,N,ORPHAN,B.Tech,2025,4
'03154,"Saraswati Education Society's Saraswati College of Engineering,Kharghar Navi Mumbai",'0315424510,Computer Engineering,Un-Aided Autonomous,Unknown,GOPENS,43860,86.9651776,G,S,OPEN,B.Tech,2025,4
'03154,"Saraswati Education Society's Saraswati College of Engineering,Kharghar Navi Mumbai",'0315424510,Computer Engineering,Un-Aided Autonomous,Unknown,GSTS,189757,14.9055715,G,S,ST,B.Tech,2025,4
'03154,"Saraswati Education Society's Saraswati College of Engineering,Kharghar Navi Mumbai",'0315424510,Computer Engineering,Un-Aided Autonomous,Unknown,GOBCS,53006,84.0903324,G,S,OBC,B.Tech,2025,4
'03154,"Saraswati Education Society's Saraswati College of Engineering,Kharghar Navi Mumbai",'0315424510,Computer Engineering,Un-Aided Autonomous,Unknown,LOPENS,40594,87.9466479,L,S,OPEN,B.Tech,2025,4
'03154,"Saraswati Education Society's Saraswati College of Engineering,Kharghar Navi Mumbai",'0315424510,Computer Engineering,Un-Aided Autonomous,Unknown,LOBCS,43318,87.1431548,L,S,OBC,B.Tech,2025,4
'03154,"Saraswati Education Society's Saraswati College of Engineering,Kharghar Navi Mumbai",'0315424510,Computer Engineering,Un-Aided Autonomous,Unknown,LVJS,71252,78.2722320,L,S,VJ,B.Tech,2025,4
'03154,"Saraswati Education Society's Saraswati College of Engineering,Kharghar Navi Mumbai",'0315424510,Computer Engineering,Un-Aided Autonomous,Unknown,LSTS,44382,86.7181467,L,S,ST,B.Tech,2025,4
'03154,"Saraswati Education Society's Saraswati College of Engineering,Kharghar Navi Mumbai",'0315424610,Information Technology,Un-Aided Autonomous,Unknown,GOPENS,53050,84.0903324,G,S,OPEN,B.Tech,2025,4
'03154,"Saraswati Education Society's Saraswati College of Engineering,Kharghar Navi Mumbai",'0315424610,Information Technology,Un-Aided Autonomous,Unknown,GVJS,112200,62.1365556,G,S,VJ,B.Tech,2025,4
'03154,"Saraswati Education Society's Saraswati College of Engineering,Kharghar Navi Mumbai",'0315424610,Information Technology,Un-Aided Autonomous,Unknown,GOBCS,56874,82.8437868,G,S,OBC,B.Tech,2025,4
'03154,"Saraswati Education Society's Saraswati College of Engineering,Kharghar Navi Mumbai",'0315424610,Information Technology,Un-Aided Autonomous,Unknown,GSEBCS,62733,81.0133535,G,S,SEBC,B.Tech,2025,4
'03154,"Saraswati Education Society's Saraswati College of Engineering,Kharghar Navi Mumbai",'0315424610,Information Technology,Un-Aided Autonomous,Unknown,LOPENS,62078,81.1324174,L,S,OPEN,B.Tech,2025,4
'03154,"Saraswati Education Society's Saraswati College of Engineering,Kharghar Navi Mumbai",'0315424610,Information Technology,Un-Aided Autonomous,Unknown,TFWS,44177,86.9194446,T,S,TFWS,B.Tech,2025,4
'03154,"Saraswati Education Society's Saraswati College of Engineering,Kharghar Navi Mumbai",'0315424610,Information Technology,Un-Aided Autonomous,Unknown,PWDSCS,63345,80.8599071,P,S,PWD,B.Tech,2025,4
'03154,"Saraswati Education Society's Saraswati College of Engineering,Kharghar Navi Mumbai",'0315424610,Information Technology,Un-Aided Autonomous,Unknown,GSTS,61244,81.3270637,G,S,ST,B.Tech,2025,4
'03154,"Saraswati Education Society's Saraswati College of Engineering,Kharghar Navi Mumbai",'0315460210,Automobile Engineering,Un-Aided Autonomous,Unknown,GOPENS,120765,58.4401523,G,S,OPEN,B.Tech,2025,4
'03154,"Saraswati Education Society's Saraswati College of Engineering,Kharghar Navi Mumbai",'0315460210,Automobile Engineering,Un-Aided Autonomous,Unknown,LOPENS,111462,62.8632493,L,S,OPEN,B.Tech,2025,4
'03154,"Saraswati Education Society's Saraswati College of Engineering,Kharghar Navi Mumbai",'0315460210,Automobile Engineering,Un-Aided Autonomous,Unknown,LNT3S,152515,42.2674623,L,S,NT3,B.Tech,2025,4
'03154,"Saraswati Education Society's Saraswati College of Engineering,Kharghar Navi Mumbai",'0315460210,Automobile Engineering,Un-Aided Autonomous,Unknown,GSTS,122970,57.4376852,G,S,ST,B.Tech,2025,4
'03154,"Saraswati Education Society's Saraswati College of Engineering,Kharghar Navi Mumbai",'0315461210,Mechanical Engineering,Un-Aided Autonomous,Unknown,LOPENS,118915,59.1762367,L,S,OPEN,B.Tech,2025,4
'03154,"Saraswati Education Society's Saraswati College of Engineering,Kharghar Navi Mumbai",'0315461210,Mechanical Engineering,Un-Aided Autonomous,Unknown,TFWS,91168,71.0971787,T,S,TFWS,B.Tech,2025,4
'03154,"Saraswati Education Society's Saraswati College of Engineering,Kharghar Navi Mumbai",'0315461210,Mechanical Engineering,Un-Aided Autonomous,Unknown,PWDOPENS,85746,73.1347962,P,S,PWD,B.Tech,2025,4
'03154,"Saraswati Education Society's Saraswati College of Engineering,Kharghar Navi Mumbai",'0315461210,Mechanical Engineering,Un-Aided Autonomous,Unknown,GSTS,83276,73.6345056,G,S,ST,B.Tech,2025,4
'03154,"Saraswati Education Society's Saraswati College of Engineering,Kharghar Navi Mumbai",'0315491110,Computer Science and Engineering(Artificial Intelligence and Machine Learning),Un-Aided Autonomous,Unknown,GOPENS,49037,85.2260888,G,S,OPEN,B.Tech,2025,4
'03154,"Saraswati Education Society's Saraswati College of Engineering,Kharghar Navi Mumbai",'0315491110,Computer Science and Engineering(Artificial Intelligence and Machine Learning),Un-Aided Autonomous,Unknown,LOPENS,44778,86.6759630,L,S,OPEN,B.Tech,2025,4
'03154,"Saraswati Education Society's Saraswati College of Engineering,Kharghar Navi Mumbai",'0315491110,Computer Science and Engineering(Artificial Intelligence and Machine Learning),Un-Aided Autonomous,Unknown,LNT1S,123333,57.4017459,L,S,NT1,B.Tech,2025,4
'03154,"Saraswati Education Society's Saraswati College of Engineering,Kharghar Navi Mumbai",'0315491110,Computer Science and Engineering(Artificial Intelligence and Machine Learning),Un-Aided Autonomous,Unknown,EWS,178491,24.6987745,E,S,EWS,B.Tech,2025,4
'03154,"Saraswati Education Society's Saraswati College of Engineering,Kharghar Navi Mumbai",'0315491210,Computer Science and Engineering(Data Science),Un-Aided Autonomous,Unknown,GOPENS,53521,83.9020979,G,S,OPEN,B.Tech,2025,4
'03154,"Saraswati Education Society's Saraswati College of Engineering,Kharghar Navi Mumbai",'0315491210,Computer Science and Engineering(Data Science),Un-Aided Autonomous,Unknown,GSCS,57671,82.5532062,G,S,SC,B.Tech,2025,4
'03154,"Saraswati Education Society's Saraswati College of Engineering,Kharghar Navi Mumbai",'0315491210,Computer Science and Engineering(Data Science),Un-Aided Autonomous,Unknown,GOBCS,55877,83.2058578,G,S,OBC,B.Tech,2025,4
'03154,"Saraswati Education Society's Saraswati College of Engineering,Kharghar Navi Mumbai",'0315491210,Computer Science and Engineering(Data Science),Un-Aided Autonomous,Unknown,GSEBCS,76189,76.6755200,G,S,SEBC,B.Tech,2025,4
'03154,"Saraswati Education Society's Saraswati College of Engineering,Kharghar Navi Mumbai",'0315491210,Computer Science and Engineering(Data Science),Un-Aided Autonomous,Unknown,LOPENS,50888,84.8660601,L,S,OPEN,B.Tech,2025,4
'03154,"Saraswati Education Society's Saraswati College of Engineering,Kharghar Navi Mumbai",'0315491210,Computer Science and Engineering(Data Science),Un-Aided Autonomous,Unknown,GSTS,54122,83.7674516,G,S,ST,B.Tech,2025,4
'03175,"M.G.M.'s College of Engineering and Technology, Kamothe, Navi Mumbai",'0317519110,Civil Engineering,Un-Aided,Unknown,LOPENH,105061,65.6307130,L,H,OPEN,B.Tech,2025,4
'03175,"M.G.M.'s College of Engineering and Technology, Kamothe, Navi Mumbai",'0317519110,Civil Engineering,Un-Aided,Unknown,LOBCH,120181,58.6907687,L,H,OBC,B.Tech,2025,4
'03175,"M.G.M.'s College of Engineering and Technology, Kamothe, Navi Mumbai",'0317519110,Civil Engineering,Un-Aided,Unknown,PWDOBCH,89069,71.5830116,P,H,PWD,B.Tech,2025,4
'03175,"M.G.M.'s College of Engineering and Technology, Kamothe, Navi Mumbai",'0317519110,Civil Engineering,Un-Aided,Unknown,LSTH,91828,70.6189283,L,H,ST,B.Tech,2025,4
'03175,"M.G.M.'s College of Engineering and Technology, Kamothe, Navi Mumbai",'0317524510,Computer Engineering,Un-Aided,Unknown,GOPENH,51445,84.6215640,G,H,OPEN,B.Tech,2025,4
'03175,"M.G.M.'s College of Engineering and Technology, Kamothe, Navi Mumbai",'0317524510,Computer Engineering,Un-Aided,Unknown,GOBCH,57679,82.5532062,G,H,OBC,B.Tech,2025,4
'03175,"M.G.M.'s College of Engineering and Technology, Kamothe, Navi Mumbai",'0317524510,Computer Engineering,Un-Aided,Unknown,GSEBCH,67715,79.4832155,G,H,SEBC,B.Tech,2025,4
'03175,"M.G.M.'s College of Engineering and Technology, Kamothe, Navi Mumbai",'0317524510,Computer Engineering,Un-Aided,Unknown,LOPENH,46638,85.9982332,L,H,OPEN,B.Tech,2025,4
'03175,"M.G.M.'s College of Engineering and Technology, Kamothe, Navi Mumbai",'0317524510,Computer Engineering,Un-Aided,Unknown,LOBCH,61138,81.5804905,L,H,OBC,B.Tech,2025,4
'03175,"M.G.M.'s College of Engineering and Technology, Kamothe, Navi Mumbai",'0317524510,Computer Engineering,Un-Aided,Unknown,PWDOBCH,53117,84.0903324,P,H,PWD,B.Tech,2025,4
'03175,"M.G.M.'s College of Engineering and Technology, Kamothe, Navi Mumbai",'0317524510,Computer Engineering,Un-Aided,Unknown,GSTH,51906,84.4950314,G,H,ST,B.Tech,2025,4
'03175,"M.G.M.'s College of Engineering and Technology, Kamothe, Navi Mumbai",'0317524610,Information Technology,Un-Aided,Unknown,GOPENO,56023,83.1060395,G,O,OPEN,B.Tech,2025,4
'03175,"M.G.M.'s College of Engineering and Technology, Kamothe, Navi Mumbai",'0317524610,Information Technology,Un-Aided,Unknown,GNT1O,95674,69.2179237,G,O,NT1,B.Tech,2025,4
'03175,"M.G.M.'s College of Engineering and Technology, Kamothe, Navi Mumbai",'0317524610,Information Technology,Un-Aided,Unknown,GOBCO,65248,79.9894700,G,O,OBC,B.Tech,2025,4
'03175,"M.G.M.'s College of Engineering and Technology, Kamothe, Navi Mumbai",'0317524610,Information Technology,Un-Aided,Unknown,GSEBCO,78837,75.4048881,G,O,SEBC,B.Tech,2025,4
'03175,"M.G.M.'s College of Engineering and Technology, Kamothe, Navi Mumbai",'0317524610,Information Technology,Un-Aided,Unknown,LOPENO,50557,84.8736599,L,O,OPEN,B.Tech,2025,4
'03175,"M.G.M.'s College of Engineering and Technology, Kamothe, Navi Mumbai",'0317524610,Information Technology,Un-Aided,Unknown,LVJO,145943,45.9245973,L,O,VJ,B.Tech,2025,4
'03175,"M.G.M.'s College of Engineering and Technology, Kamothe, Navi Mumbai",'0317524610,Information Technology,Un-Aided,Unknown,GSTO,58499,82.3322294,G,O,ST,B.Tech,2025,4
'03175,"M.G.M.'s College of Engineering and Technology, Kamothe, Navi Mumbai",'0317529310,Electrical Engineering,Un-Aided,Unknown,GOPENH,89243,71.5830116,G,H,OPEN,B.Tech,2025,4
'03175,"M.G.M.'s College of Engineering and Technology, Kamothe, Navi Mumbai",'0317529310,Electrical Engineering,Un-Aided,Unknown,GOBCH,102882,66.2972028,G,H,OBC,B.Tech,2025,4
'03175,"M.G.M.'s College of Engineering and Technology, Kamothe, Navi Mumbai",'0317529310,Electrical Engineering,Un-Aided,Unknown,LOPENH,105872,65.3084343,L,H,OPEN,B.Tech,2025,4
'03175,"M.G.M.'s College of Engineering and Technology, Kamothe, Navi Mumbai",'0317537210,Electronics and Telecommunication Engg,Un-Aided,Unknown,GOPENH,70647,78.4242636,G,H,OPEN,B.Tech,2025,4
'03175,"M.G.M.'s College of Engineering and Technology, Kamothe, Navi Mumbai",'0317537210,Electronics and Telecommunication Engg,Un-Aided,Unknown,GOBCH,71277,78.2722320,G,H,OBC,B.Tech,2025,4
'03175,"M.G.M.'s College of Engineering and Technology, Kamothe, Navi Mumbai",'0317546110,Bio Medical Engineering,Un-Aided,Unknown,GOPENH,85740,73.1347962,G,H,OPEN,B.Tech,2025,4
'03175,"M.G.M.'s College of Engineering and Technology, Kamothe, Navi Mumbai",'0317546110,Bio Medical Engineering,Un-Aided,Unknown,GOBCH,99282,68.1117918,G,H,OBC,B.Tech,2025,4
'03175,"M.G.M.'s College of Engineering and Technology, Kamothe, Navi Mumbai",'0317546110,Bio Medical Engineering,Un-Aided,Unknown,LOPENH,79773,75.2107280,L,H,OPEN,B.Tech,2025,4
'03175,"M.G.M.'s College of Engineering and Technology, Kamothe, Navi Mumbai",'0317550710,Chemical Engineering,Un-Aided,Unknown,GOPENH,74299,77.0149774,G,H,OPEN,B.Tech,2025,4
'03175,"M.G.M.'s College of Engineering and Technology, Kamothe, Navi Mumbai",'0317550710,Chemical Engineering,Un-Aided,Unknown,GSCH,89306,71.5830116,G,H,SC,B.Tech,2025,4
'03175,"M.G.M.'s College of Engineering and Technology, Kamothe, Navi Mumbai",'0317550710,Chemical Engineering,Un-Aided,Unknown,LOPENH,45382,86.5527540,L,H,OPEN,B.Tech,2025,4
'03175,"M.G.M.'s College of Engineering and Technology, Kamothe, Navi Mumbai",'0317561210,Mechanical Engineering,Un-Aided,Unknown,GOPENH,75338,76.8955509,G,H,OPEN,B.Tech,2025,4
'03175,"M.G.M.'s College of Engineering and Technology, Kamothe, Navi Mumbai",'0317561210,Mechanical Engineering,Un-Aided,Unknown,GSEBCH,107221,64.3453843,G,H,SEBC,B.Tech,2025,4
'03175,"M.G.M.'s College of Engineering and Technology, Kamothe, Navi Mumbai",'0317561210,Mechanical Engineering,Un-Aided,Unknown,LOPENH,111498,62.8632493,L,H,OPEN,B.Tech,2025,4
'03175,"M.G.M.'s College of Engineering and Technology, Kamothe, Navi Mumbai",'0317561210,Mechanical Engineering,Un-Aided,Unknown,PWDOBCH,85695,73.1347962,P,H,PWD,B.Tech,2025,4
'03175,"M.G.M.'s College of Engineering and Technology, Kamothe, Navi Mumbai",'0317561210,Mechanical Engineering,Un-Aided,Unknown,GSTH,99961,67.8210479,G,H,ST,B.Tech,2025,4
'03175,"M.G.M.'s College of Engineering and Technology, Kamothe, Navi Mumbai",'0317591110,Computer Science and Engineering(Artificial Intelligence and Machine Learning),Un-Aided,Unknown,GOPENH,41424,87.7785554,G,H,OPEN,B.Tech,2025,4
'03175,"M.G.M.'s College of Engineering and Technology, Kamothe, Navi Mumbai",'0317591110,Computer Science and Engineering(Artificial Intelligence and Machine Learning),Un-Aided,Unknown,GSCH,69324,78.6167398,G,H,SC,B.Tech,2025,4
'03175,"M.G.M.'s College of Engineering and Technology, Kamothe, Navi Mumbai",'0317591110,Computer Science and Engineering(Artificial Intelligence and Machine Learning),Un-Aided,Unknown,GOBCH,58837,82.2162613,G,H,OBC,B.Tech,2025,4
'03175,"M.G.M.'s College of Engineering and Technology, Kamothe, Navi Mumbai",'0317591210,Computer Science and Engineering(Data Science),Un-Aided,Unknown,LOPENO,65814,79.9072027,L,O,OPEN,B.Tech,2025,4
'03175,"M.G.M.'s College of Engineering and Technology, Kamothe, Navi Mumbai",'0317591610,Automation and Robotics,Un-Aided,Unknown,GOPENH,81664,74.5404987,G,H,OPEN,B.Tech,2025,4
'03175,"M.G.M.'s College of Engineering and Technology, Kamothe, Navi Mumbai",'0317591610,Automation and Robotics,Un-Aided,Unknown,GSCH,95219,69.3295893,G,H,SC,B.Tech,2025,4
'03175,"M.G.M.'s College of Engineering and Technology, Kamothe, Navi Mumbai",'0317591610,Automation and Robotics,Un-Aided,Unknown,GSEBCH,98772,68.1164395,G,H,SEBC,B.Tech,2025,4
'03175,"M.G.M.'s College of Engineering and Technology, Kamothe, Navi Mumbai",'0317591610,Automation and Robotics,Un-Aided,Unknown,PWDOPENH,77231,75.8001957,P,H,PWD,B.Tech,2025,4
'03175,"M.G.M.'s College of Engineering and Technology, Kamothe, Navi Mumbai",'0317591610,Automation and Robotics,Un-Aided,Unknown,GSTH,83204,73.6345056,G,H,ST,B.Tech,2025,4
'03176,"Thakur College of Engineering and Technology, Kandivali, Mumbai",'0317619110,Civil Engineering,Un-Aided Autonomous Linguistic Minority - Hindi,Unknown,LOPENS,44306,86.7202099,L,S,OPEN,B.Tech,2025,4
'03176,"Thakur College of Engineering and Technology, Kandivali, Mumbai",'0317619110,Civil Engineering,Un-Aided Autonomous Linguistic Minority - Hindi,Unknown,MI,115000,60.9090909,M,I,MI,B.Tech,2025,4
'03176,"Thakur College of Engineering and Technology, Kandivali, Mumbai",'0317624510,Computer Engineering,Un-Aided Autonomous Linguistic Minority - Hindi,Unknown,GOPENS,10886,96.8595953,G,S,OPEN,B.Tech,2025,4
'03176,"Thakur College of Engineering and Technology, Kandivali, Mumbai",'0317624510,Computer Engineering,Un-Aided Autonomous Linguistic Minority - Hindi,Unknown,LOPENS,9322,97.3358402,L,S,OPEN,B.Tech,2025,4
'03176,"Thakur College of Engineering and Technology, Kandivali, Mumbai",'0317624510,Computer Engineering,Un-Aided Autonomous Linguistic Minority - Hindi,Unknown,MI,18557,94.6277162,M,I,MI,B.Tech,2025,4
'03176,"Thakur College of Engineering and Technology, Kandivali, Mumbai",'0317624610,Information Technology,Un-Aided Autonomous Linguistic Minority - Hindi,Unknown,GOPENS,14033,95.9807017,G,S,OPEN,B.Tech,2025,4
'03176,"Thakur College of Engineering and Technology, Kandivali, Mumbai",'0317624610,Information Technology,Un-Aided Autonomous Linguistic Minority - Hindi,Unknown,LOPENS,16955,95.1095384,L,S,OPEN,B.Tech,2025,4
'03176,"Thakur College of Engineering and Technology, Kandivali, Mumbai",'0317624610,Information Technology,Un-Aided Autonomous Linguistic Minority - Hindi,Unknown,MI,27940,91.8376367,M,I,MI,B.Tech,2025,4
'03176,"Thakur College of Engineering and Technology, Kandivali, Mumbai",'0317625910,Mechanical and Mechatronics Engineering (Additive Manufacturing),Un-Aided Autonomous Linguistic Minority - Hindi,Unknown,GOPENS,33907,90.0449693,G,S,OPEN,B.Tech,2025,4
'03176,"Thakur College of Engineering and Technology, Kandivali, Mumbai",'0317625910,Mechanical and Mechatronics Engineering (Additive Manufacturing),Un-Aided Autonomous Linguistic Minority - Hindi,Unknown,MI,74794,76.9213781,M,I,MI,B.Tech,2025,4
'03176,"Thakur College of Engineering and Technology, Kandivali, Mumbai",'0317626710,Computer Science and Engineering (IoT),Un-Aided Autonomous Linguistic Minority - Hindi,Unknown,GOPENS,22149,93.5688239,G,S,OPEN,B.Tech,2025,4
'03176,"Thakur College of Engineering and Technology, Kandivali, Mumbai",'0317626710,Computer Science and Engineering (IoT),Un-Aided Autonomous Linguistic Minority - Hindi,Unknown,LOPENS,23427,93.1848615,L,S,OPEN,B.Tech,2025,4
'03176,"Thakur College of Engineering and Technology, Kandivali, Mumbai",'0317626710,Computer Science and Engineering (IoT),Un-Aided Autonomous Linguistic Minority - Hindi,Unknown,MI,44143,86.9194446,M,I,MI,B.Tech,2025,4
'03176,"Thakur College of Engineering and Technology, Kandivali, Mumbai",'0317626710,Computer Science and Engineering (IoT),Un-Aided Autonomous Linguistic Minority - Hindi,Unknown,TFWS,13729,96.0638523,T,S,TFWS,B.Tech,2025,4
'03176,"Thakur College of Engineering and Technology, Kandivali, Mumbai",'0317637210,Electronics and Telecommunication Engg,Un-Aided Autonomous Linguistic Minority - Hindi,Unknown,GOPENS,24602,92.8376317,G,S,OPEN,B.Tech,2025,4
'03176,"Thakur College of Engineering and Technology, Kandivali, Mumbai",'0317637210,Electronics and Telecommunication Engg,Un-Aided Autonomous Linguistic Minority - Hindi,Unknown,LOPENS,26686,92.2398466,L,S,OPEN,B.Tech,2025,4
'03176,"Thakur College of Engineering and Technology, Kandivali, Mumbai",'0317637210,Electronics and Telecommunication Engg,Un-Aided Autonomous Linguistic Minority - Hindi,Unknown,MI,61884,81.1967017,M,I,MI,B.Tech,2025,4
'03176,"Thakur College of Engineering and Technology, Kandivali, Mumbai",'0317637210,Electronics and Telecommunication Engg,Un-Aided Autonomous Linguistic Minority - Hindi,Unknown,TFWS,23471,93.1848615,T,S,TFWS,B.Tech,2025,4
'03176,"Thakur College of Engineering and Technology, Kandivali, Mumbai",'0317661210,Mechanical Engineering,Un-Aided Autonomous Linguistic Minority - Hindi,Unknown,GOPENS,22402,93.5154990,G,S,OPEN,B.Tech,2025,4
'03176,"Thakur College of Engineering and Technology, Kandivali, Mumbai",'0317661210,Mechanical Engineering,Un-Aided Autonomous Linguistic Minority - Hindi,Unknown,MI,83858,73.6159498,M,I,MI,B.Tech,2025,4
'03176,"Thakur College of Engineering and Technology, Kandivali, Mumbai",'0317661210,Mechanical Engineering,Un-Aided Autonomous Linguistic Minority - Hindi,Unknown,TFWS,18160,94.7692308,T,S,TFWS,B.Tech,2025,4
'03176,"Thakur College of Engineering and Technology, Kandivali, Mumbai",'0317690010,Electronics and Computer Science,Un-Aided Autonomous Linguistic Minority - Hindi,Unknown,GOPENS,21919,93.6678322,G,S,OPEN,B.Tech,2025,4
'03176,"Thakur College of Engineering and Technology, Kandivali, Mumbai",'0317690010,Electronics and Computer Science,Un-Aided Autonomous Linguistic Minority - Hindi,Unknown,LOPENS,23628,93.1055879,L,S,OPEN,B.Tech,2025,4
'03176,"Thakur College of Engineering and Technology, Kandivali, Mumbai",'0317690010,Electronics and Computer Science,Un-Aided Autonomous Linguistic Minority - Hindi,Unknown,MI,48022,85.6421968,M,I,MI,B.Tech,2025,4
'03176,"Thakur College of Engineering and Technology, Kandivali, Mumbai",'0317691010,Computer Science and Engineering(Cyber Security),Un-Aided Autonomous Linguistic Minority - Hindi,Unknown,GOPENS,20076,94.1811162,G,S,OPEN,B.Tech,2025,4
'03176,"Thakur College of Engineering and Technology, Kandivali, Mumbai",'0317691010,Computer Science and Engineering(Cyber Security),Un-Aided Autonomous Linguistic Minority - Hindi,Unknown,LOPENS,20865,93.9463602,L,S,OPEN,B.Tech,2025,4
'03176,"Thakur College of Engineering and Technology, Kandivali, Mumbai",'0317691010,Computer Science and Engineering(Cyber Security),Un-Aided Autonomous Linguistic Minority - Hindi,Unknown,MI,36083,89.3412389,M,I,MI,B.Tech,2025,4
'03176,"Thakur College of Engineering and Technology, Kandivali, Mumbai",'0317692110,Artificial Intelligence and Machine Learning,Un-Aided Autonomous Linguistic Minority - Hindi,Unknown,GOPENS,17663,94.9067632,G,S,OPEN,B.Tech,2025,4
'03176,"Thakur College of Engineering and Technology, Kandivali, Mumbai",'0317692110,Artificial Intelligence and Machine Learning,Un-Aided Autonomous Linguistic Minority - Hindi,Unknown,LOPENS,19536,94.3275746,L,S,OPEN,B.Tech,2025,4
'03176,"Thakur College of Engineering and Technology, Kandivali, Mumbai",'0317692110,Artificial Intelligence and Machine Learning,Un-Aided Autonomous Linguistic Minority - Hindi,Unknown,MI,35761,89.4914664,M,I,MI,B.Tech,2025,4
'03176,"Thakur College of Engineering and Technology, Kandivali, Mumbai",'0317699510,Artificial Intelligence and Data Science,Un-Aided Autonomous Linguistic Minority - Hindi,Unknown,GOPENS,17188,95.0533796,G,S,OPEN,B.Tech,2025,4
'03176,"Thakur College of Engineering and Technology, Kandivali, Mumbai",'0317699510,Artificial Intelligence and Data Science,Un-Aided Autonomous Linguistic Minority - Hindi,Unknown,LOPENS,18654,94.6273529,L,S,OPEN,B.Tech,2025,4
'03176,"Thakur College of Engineering and Technology, Kandivali, Mumbai",'0317699510,Artificial Intelligence and Data Science,Un-Aided Autonomous Linguistic Minority - Hindi,Unknown,MI,32386,90.5015276,M,I,MI,B.Tech,2025,4
'03176,"Thakur College of Engineering and Technology, Kandivali, Mumbai",'0317699510,Artificial Intelligence and Data Science,Un-Aided Autonomous Linguistic Minority - Hindi,Unknown,TFWS,13907,95.9991665,T,S,TFWS,B.Tech,2025,4
'03182,"Thadomal Shahani Engineering College, Bandra, Mumbai",'0318224510,Computer Engineering,Un-Aided Linguistic Minority - Sindhi,Unknown,GOPENH,4226,98.7555167,G,H,OPEN,B.Tech,2025,4
'03182,"Thadomal Shahani Engineering College, Bandra, Mumbai",'0318224510,Computer Engineering,Un-Aided Linguistic Minority - Sindhi,Unknown,LOPENH,5788,98.3167190,L,H,OPEN,B.Tech,2025,4
'03182,"Thadomal Shahani Engineering College, Bandra, Mumbai",'0318224610,Information Technology,Un-Aided Linguistic Minority - Sindhi,Unknown,GOPENH,4954,98.5510275,G,H,OPEN,B.Tech,2025,4
'03182,"Thadomal Shahani Engineering College, Bandra, Mumbai",'0318224610,Information Technology,Un-Aided Linguistic Minority - Sindhi,Unknown,LOPENH,6476,98.1288322,L,H,OPEN,B.Tech,2025,4
'03182,"Thadomal Shahani Engineering College, Bandra, Mumbai",'0318237210,Electronics and Telecommunication Engg,Un-Aided Linguistic Minority - Sindhi,Unknown,GOPENH,5943,98.2737044,G,H,OPEN,B.Tech,2025,4
'03182,"Thadomal Shahani Engineering College, Bandra, Mumbai",'0318237210,Electronics and Telecommunication Engg,Un-Aided Linguistic Minority - Sindhi,Unknown,LOPENH,7987,97.7150819,L,H,OPEN,B.Tech,2025,4
'03182,"Thadomal Shahani Engineering College, Bandra, Mumbai",'0318250710,Chemical Engineering,Un-Aided Linguistic Minority - Sindhi,Unknown,GOPENH,7140,97.9506368,G,H,OPEN,B.Tech,2025,4
'03182,"Thadomal Shahani Engineering College, Bandra, Mumbai",'0318299510,Artificial Intelligence and Data Science,Un-Aided Linguistic Minority - Sindhi,Unknown,GOPENH,4850,98.5686454,G,H,OPEN,B.Tech,2025,4
'03182,"Thadomal Shahani Engineering College, Bandra, Mumbai",'0318299510,Artificial Intelligence and Data Science,Un-Aided Linguistic Minority - Sindhi,Unknown,LOPENH,6595,98.0895939,L,H,OPEN,B.Tech,2025,4
'03183,"Anjuman-I-Islam's M.H. Saboo Siddik College of Engineering, Byculla, Mumbai",'0318319110,Civil Engineering,Un-Aided Religious Minority - Muslim,Unknown,GOPENH,114813,60.9090909,G,H,OPEN,B.Tech,2025,4
'03183,"Anjuman-I-Islam's M.H. Saboo Siddik College of Engineering, Byculla, Mumbai",'0318324510,Computer Engineering,Un-Aided Religious Minority - Muslim,Unknown,GOPENH,58348,82.3736697,G,H,OPEN,B.Tech,2025,4
'03183,"Anjuman-I-Islam's M.H. Saboo Siddik College of Engineering, Byculla, Mumbai",'0318324510,Computer Engineering,Un-Aided Religious Minority - Muslim,Unknown,LOPENH,51743,84.5176078,L,H,OPEN,B.Tech,2025,4
'03183,"Anjuman-I-Islam's M.H. Saboo Siddik College of Engineering, Byculla, Mumbai",'0318324610,Information Technology,Un-Aided Religious Minority - Muslim,Unknown,GOPENH,63664,80.7175218,G,H,OPEN,B.Tech,2025,4
'03183,"Anjuman-I-Islam's M.H. Saboo Siddik College of Engineering, Byculla, Mumbai",'0318324610,Information Technology,Un-Aided Religious Minority - Muslim,Unknown,LOPENH,68967,78.6729363,L,H,OPEN,B.Tech,2025,4
'03183,"Anjuman-I-Islam's M.H. Saboo Siddik College of Engineering, Byculla, Mumbai",'0318337210,Electronics and Telecommunication Engg,Un-Aided Religious Minority - Muslim,Unknown,GOPENH,75943,76.7635852,G,H,OPEN,B.Tech,2025,4
'03183,"Anjuman-I-Islam's M.H. Saboo Siddik College of Engineering, Byculla, Mumbai",'0318337210,Electronics and Telecommunication Engg,Un-Aided Religious Minority - Muslim,Unknown,LOPENH,92121,70.6189283,L,H,OPEN,B.Tech,2025,4
'03183,"Anjuman-I-Islam's M.H. Saboo Siddik College of Engineering, Byculla, Mumbai",'0318361210,Mechanical Engineering,Un-Aided Religious Minority - Muslim,Unknown,GOPENH,82669,73.8000589,G,H,OPEN,B.Tech,2025,4
'03183,"Anjuman-I-Islam's M.H. Saboo Siddik College of Engineering, Byculla, Mumbai",'0318361210,Mechanical Engineering,Un-Aided Religious Minority - Muslim,Unknown,LOPENH,113448,61.6834321,L,H,OPEN,B.Tech,2025,4
'03183,"Anjuman-I-Islam's M.H. Saboo Siddik College of Engineering, Byculla, Mumbai",'0318361610,Mechanical Engineering Automobile,Un-Aided Religious Minority - Muslim,Unknown,GOPENH,80544,75.1620214,G,H,OPEN,B.Tech,2025,4
'03183,"Anjuman-I-Islam's M.H. Saboo Siddik College of Engineering, Byculla, Mumbai",'0318391110,Computer Science and Engineering(Artificial Intelligence and Machine Learning),Un-Aided Religious Minority - Muslim,Unknown,GOPENH,67177,79.6925092,G,H,OPEN,B.Tech,2025,4
'03183,"Anjuman-I-Islam's M.H. Saboo Siddik College of Engineering, Byculla, Mumbai",'0318391110,Computer Science and Engineering(Artificial Intelligence and Machine Learning),Un-Aided Religious Minority - Muslim,Unknown,LOPENH,63707,80.7175218,L,H,OPEN,B.Tech,2025,4
'03183,"Anjuman-I-Islam's M.H. Saboo Siddik College of Engineering, Byculla, Mumbai",'0318392010,Computer Science and Engineering (Internet of Things and Cyber Security Including Block Chain,Un-Aided Religious Minority - Muslim,Unknown,GOPENH,71193,78.2722320,G,H,OPEN,B.Tech,2025,4
'03183,"Anjuman-I-Islam's M.H. Saboo Siddik College of Engineering, Byculla, Mumbai",'0318392010,Computer Science and Engineering (Internet of Things and Cyber Security Including Block Chain,Un-Aided Religious Minority - Muslim,Unknown,LOPENH,37823,88.7823852,L,H,OPEN,B.Tech,2025,4
'03184,"Fr. Conceicao Rodrigues College of Engineering, Bandra,Mumbai",'0318424210,Computer Science and Engineering,Un-Aided Autonomous Religious Minority - Christian,Unknown,GOPENS,8519,97.5490028,G,S,OPEN,B.Tech,2025,4
'03184,"Fr. Conceicao Rodrigues College of Engineering, Bandra,Mumbai",'0318424210,Computer Science and Engineering,Un-Aided Autonomous Religious Minority - Christian,Unknown,LOPENS,10212,97.0928336,L,S,OPEN,B.Tech,2025,4
'03184,"Fr. Conceicao Rodrigues College of Engineering, Bandra,Mumbai",'0318424210,Computer Science and Engineering,Un-Aided Autonomous Religious Minority - Christian,Unknown,MI,6031,98.2592149,M,I,MI,B.Tech,2025,4
'03184,"Fr. Conceicao Rodrigues College of Engineering, Bandra,Mumbai",'0318424210,Computer Science and Engineering,Un-Aided Autonomous Religious Minority - Christian,Unknown,TFWS,6859,98.0215953,T,S,TFWS,B.Tech,2025,4
'03184,"Fr. Conceicao Rodrigues College of Engineering, Bandra,Mumbai",'0318424510,Computer Engineering,Un-Aided Autonomous Religious Minority - Christian,Unknown,GOPENS,8565,97.5481122,G,S,OPEN,B.Tech,2025,4
'03184,"Fr. Conceicao Rodrigues College of Engineering, Bandra,Mumbai",'0318424510,Computer Engineering,Un-Aided Autonomous Religious Minority - Christian,Unknown,LOPENS,10253,97.0577076,L,S,OPEN,B.Tech,2025,4
'03184,"Fr. Conceicao Rodrigues College of Engineering, Bandra,Mumbai",'0318424510,Computer Engineering,Un-Aided Autonomous Religious Minority - Christian,Unknown,MI,32921,90.3099038,M,I,MI,B.Tech,2025,4
'03184,"Fr. Conceicao Rodrigues College of Engineering, Bandra,Mumbai",'0318424510,Computer Engineering,Un-Aided Autonomous Religious Minority - Christian,Unknown,TFWS,8444,97.5766142,T,S,TFWS,B.Tech,2025,4
'03184,"Fr. Conceicao Rodrigues College of Engineering, Bandra,Mumbai",'0318461210,Mechanical Engineering,Un-Aided Autonomous Religious Minority - Christian,Unknown,GOPENS,15652,95.5031609,G,S,OPEN,B.Tech,2025,4
'03184,"Fr. Conceicao Rodrigues College of Engineering, Bandra,Mumbai",'0318461210,Mechanical Engineering,Un-Aided Autonomous Religious Minority - Christian,Unknown,MI,18120,94.7771148,M,I,MI,B.Tech,2025,4
'03184,"Fr. Conceicao Rodrigues College of Engineering, Bandra,Mumbai",'0318490010,Electronics and Computer Science,Un-Aided Autonomous Religious Minority - Christian,Unknown,GOPENS,9853,97.1938598,G,S,OPEN,B.Tech,2025,4
'03184,"Fr. Conceicao Rodrigues College of Engineering, Bandra,Mumbai",'0318490010,Electronics and Computer Science,Un-Aided Autonomous Religious Minority - Christian,Unknown,LOPENS,14008,95.9836155,L,S,OPEN,B.Tech,2025,4
'03184,"Fr. Conceicao Rodrigues College of Engineering, Bandra,Mumbai",'0318490010,Electronics and Computer Science,Un-Aided Autonomous Religious Minority - Christian,Unknown,MI,98438,68.2382408,M,I,MI,B.Tech,2025,4
'03185,"Vivekanand Education Society's Institute of Technology, Chembur, Mumbai",'0318524510,Computer Engineering,Un-Aided Autonomous Linguistic Minority - Sindhi,Unknown,GOPENS,6074,98.2439959,G,S,OPEN,B.Tech,2025,4
'03185,"Vivekanand Education Society's Institute of Technology, Chembur, Mumbai",'0318524510,Computer Engineering,Un-Aided Autonomous Linguistic Minority - Sindhi,Unknown,LOPENS,7286,97.9004752,L,S,OPEN,B.Tech,2025,4
'03185,"Vivekanand Education Society's Institute of Technology, Chembur, Mumbai",'0318524510,Computer Engineering,Un-Aided Autonomous Linguistic Minority - Sindhi,Unknown,MI,72396,77.9513058,M,I,MI,B.Tech,2025,4
'03185,"Vivekanand Education Society's Institute of Technology, Chembur, Mumbai",'0318524610,Information Technology,Un-Aided Autonomous Linguistic Minority - Sindhi,Unknown,GOPENS,8474,97.5647615,G,S,OPEN,B.Tech,2025,4
'03185,"Vivekanand Education Society's Institute of Technology, Chembur, Mumbai",'0318524610,Information Technology,Un-Aided Autonomous Linguistic Minority - Sindhi,Unknown,LOPENS,8632,97.5178665,L,S,OPEN,B.Tech,2025,4
'03185,"Vivekanand Education Society's Institute of Technology, Chembur, Mumbai",'0318524610,Information Technology,Un-Aided Autonomous Linguistic Minority - Sindhi,Unknown,MI,123188,57.4376852,M,I,MI,B.Tech,2025,4
'03185,"Vivekanand Education Society's Institute of Technology, Chembur, Mumbai",'0318537210,Electronics and Telecommunication Engg,Un-Aided Autonomous Linguistic Minority - Sindhi,Unknown,GOPENS,12013,96.5454743,G,S,OPEN,B.Tech,2025,4
'03185,"Vivekanand Education Society's Institute of Technology, Chembur, Mumbai",'0318537210,Electronics and Telecommunication Engg,Un-Aided Autonomous Linguistic Minority - Sindhi,Unknown,LOPENS,14833,95.7427005,L,S,OPEN,B.Tech,2025,4
'03185,"Vivekanand Education Society's Institute of Technology, Chembur, Mumbai",'0318537210,Electronics and Telecommunication Engg,Un-Aided Autonomous Linguistic Minority - Sindhi,Unknown,MI,141821,47.8015007,M,I,MI,B.Tech,2025,4
'03185,"Vivekanand Education Society's Institute of Technology, Chembur, Mumbai",'0318537210,Electronics and Telecommunication Engg,Un-Aided Autonomous Linguistic Minority - Sindhi,Unknown,MI,16422,95.2586363,M,I,MI,B.Tech,2025,4
'03185,"Vivekanand Education Society's Institute of Technology, Chembur, Mumbai",'0318590010,Electronics and Computer Science,Un-Aided Autonomous Linguistic Minority - Sindhi,Unknown,GOPENS,9719,97.2247624,G,S,OPEN,B.Tech,2025,4
'03185,"Vivekanand Education Society's Institute of Technology, Chembur, Mumbai",'0318590010,Electronics and Computer Science,Un-Aided Autonomous Linguistic Minority - Sindhi,Unknown,LOPENS,10576,96.9720280,L,S,OPEN,B.Tech,2025,4
'03185,"Vivekanand Education Society's Institute of Technology, Chembur, Mumbai",'0318590010,Electronics and Computer Science,Un-Aided Autonomous Linguistic Minority - Sindhi,Unknown,MI,189916,14.9055715,M,I,MI,B.Tech,2025,4
'03185,"Vivekanand Education Society's Institute of Technology, Chembur, Mumbai",'0318590010,Electronics and Computer Science,Un-Aided Autonomous Linguistic Minority - Sindhi,Unknown,MI,10055,97.1070362,M,I,MI,B.Tech,2025,4
'03185,"Vivekanand Education Society's Institute of Technology, Chembur, Mumbai",'0318591610,Automation and Robotics,Un-Aided Autonomous Linguistic Minority - Sindhi,Unknown,GOPENS,18260,94.7397468,G,S,OPEN,B.Tech,2025,4
'03185,"Vivekanand Education Society's Institute of Technology, Chembur, Mumbai",'0318591610,Automation and Robotics,Un-Aided Autonomous Linguistic Minority - Sindhi,Unknown,LOPENS,21549,93.7451547,L,S,OPEN,B.Tech,2025,4
'03185,"Vivekanand Education Society's Institute of Technology, Chembur, Mumbai",'0318591610,Automation and Robotics,Un-Aided Autonomous Linguistic Minority - Sindhi,Unknown,MI,21843,93.6842468,M,I,MI,B.Tech,2025,4
'03185,"Vivekanand Education Society's Institute of Technology, Chembur, Mumbai",'0318599510,Artificial Intelligence and Data Science,Un-Aided Autonomous Linguistic Minority - Sindhi,Unknown,GOPENS,8531,97.5490028,G,S,OPEN,B.Tech,2025,4
'03185,"Vivekanand Education Society's Institute of Technology, Chembur, Mumbai",'0318599510,Artificial Intelligence and Data Science,Un-Aided Autonomous Linguistic Minority - Sindhi,Unknown,MI,80579,75.1620214,M,I,MI,B.Tech,2025,4
'03187,"N.Y.S.S.'s Datta Meghe College of Engineering, Airoli, Navi Mumbai",'0318719110,Civil Engineering,Un-Aided,Unknown,GOBCH,83283,73.6345056,G,H,OBC,B.Tech,2025,4
'03187,"N.Y.S.S.'s Datta Meghe College of Engineering, Airoli, Navi Mumbai",'0318724510,Computer Engineering,Un-Aided,Unknown,GOPENH,27010,92.0769231,G,H,OPEN,B.Tech,2025,4
'03187,"N.Y.S.S.'s Datta Meghe College of Engineering, Airoli, Navi Mumbai",'0318724510,Computer Engineering,Un-Aided,Unknown,GSEBCH,41157,87.9159305,G,H,SEBC,B.Tech,2025,4
'03187,"N.Y.S.S.'s Datta Meghe College of Engineering, Airoli, Navi Mumbai",'0318724510,Computer Engineering,Un-Aided,Unknown,PWDSEBCH,35865,89.4898417,P,H,PWD,B.Tech,2025,4
'03187,"N.Y.S.S.'s Datta Meghe College of Engineering, Airoli, Navi Mumbai",'0318724610,Information Technology,Un-Aided,Unknown,GOPENH,36898,89.1476381,G,H,OPEN,B.Tech,2025,4
'03187,"N.Y.S.S.'s Datta Meghe College of Engineering, Airoli, Navi Mumbai",'0318724610,Information Technology,Un-Aided,Unknown,GOBCH,41695,87.6831328,G,H,OBC,B.Tech,2025,4
'03187,"N.Y.S.S.'s Datta Meghe College of Engineering, Airoli, Navi Mumbai",'0318724610,Information Technology,Un-Aided,Unknown,LOPENH,37447,88.9609194,L,H,OPEN,B.Tech,2025,4
'03187,"N.Y.S.S.'s Datta Meghe College of Engineering, Airoli, Navi Mumbai",'0318724610,Information Technology,Un-Aided,Unknown,LSTH,167456,32.1650475,L,H,ST,B.Tech,2025,4
'03187,"N.Y.S.S.'s Datta Meghe College of Engineering, Airoli, Navi Mumbai",'0318737210,Electronics and Telecommunication Engg,Un-Aided,Unknown,GOPENO,64819,80.3531469,G,O,OPEN,B.Tech,2025,4
'03187,"N.Y.S.S.'s Datta Meghe College of Engineering, Airoli, Navi Mumbai",'0318737210,Electronics and Telecommunication Engg,Un-Aided,Unknown,GSCO,82023,74.0630785,G,O,SC,B.Tech,2025,4
'03187,"N.Y.S.S.'s Datta Meghe College of Engineering, Airoli, Navi Mumbai",'0318737210,Electronics and Telecommunication Engg,Un-Aided,Unknown,GOBCO,71829,78.1688442,G,O,OBC,B.Tech,2025,4
'03187,"N.Y.S.S.'s Datta Meghe College of Engineering, Airoli, Navi Mumbai",'0318737210,Electronics and Telecommunication Engg,Un-Aided,Unknown,LOBCO,70258,78.5512207,L,O,OBC,B.Tech,2025,4
'03187,"N.Y.S.S.'s Datta Meghe College of Engineering, Airoli, Navi Mumbai",'0318750710,Chemical Engineering,Un-Aided,Unknown,GOPENH,52085,84.4752545,G,H,OPEN,B.Tech,2025,4
'03187,"N.Y.S.S.'s Datta Meghe College of Engineering, Airoli, Navi Mumbai",'0318761210,Mechanical Engineering,Un-Aided,Unknown,GOBCO,108266,63.8244514,G,O,OBC,B.Tech,2025,4
'03187,"N.Y.S.S.'s Datta Meghe College of Engineering, Airoli, Navi Mumbai",'0318761210,Mechanical Engineering,Un-Aided,Unknown,LOPENO,133632,52.1817116,L,O,OPEN,B.Tech,2025,4
'03187,"N.Y.S.S.'s Datta Meghe College of Engineering, Airoli, Navi Mumbai",'0318791810,Civil and infrastructure Engineering,Un-Aided,Unknown,GOBCH,89003,71.5830116,G,H,OBC,B.Tech,2025,4
'03187,"N.Y.S.S.'s Datta Meghe College of Engineering, Airoli, Navi Mumbai",'0318791810,Civil and infrastructure Engineering,Un-Aided,Unknown,LOPENH,108829,63.5767823,L,H,OPEN,B.Tech,2025,4
'03187,"N.Y.S.S.'s Datta Meghe College of Engineering, Airoli, Navi Mumbai",'0318799510,Artificial Intelligence and Data Science,Un-Aided,Unknown,LOPENO,103852,65.8992965,L,O,OPEN,B.Tech,2025,4
'03188,"Vasantdada Patil Pratishthan's College Of Engineering and Visual Arts, Sion, Mumbai",'0318824510,Computer Engineering,Un-Aided,Unknown,GOPENH,34028,90.0175917,G,H,OPEN,B.Tech,2025,4
'03188,"Vasantdada Patil Pratishthan's College Of Engineering and Visual Arts, Sion, Mumbai",'0318824510,Computer Engineering,Un-Aided,Unknown,GSCH,39545,88.2544975,G,H,SC,B.Tech,2025,4
'03188,"Vasantdada Patil Pratishthan's College Of Engineering and Visual Arts, Sion, Mumbai",'0318824510,Computer Engineering,Un-Aided,Unknown,GOBCH,42615,87.3285356,G,H,OBC,B.Tech,2025,4
'03188,"Vasantdada Patil Pratishthan's College Of Engineering and Visual Arts, Sion, Mumbai",'0318824510,Computer Engineering,Un-Aided,Unknown,GSEBCH,47294,85.9058498,G,H,SEBC,B.Tech,2025,4
'03188,"Vasantdada Patil Pratishthan's College Of Engineering and Visual Arts, Sion, Mumbai",'0318824510,Computer Engineering,Un-Aided,Unknown,LOPENH,28292,91.7146701,L,H,OPEN,B.Tech,2025,4
'03188,"Vasantdada Patil Pratishthan's College Of Engineering and Visual Arts, Sion, Mumbai",'0318824510,Computer Engineering,Un-Aided,Unknown,LOBCH,46601,85.9982332,L,H,OBC,B.Tech,2025,4
'03188,"Vasantdada Patil Pratishthan's College Of Engineering and Visual Arts, Sion, Mumbai",'0318824510,Computer Engineering,Un-Aided,Unknown,PWDOBCH,41822,87.6322867,P,H,PWD,B.Tech,2025,4
'03188,"Vasantdada Patil Pratishthan's College Of Engineering and Visual Arts, Sion, Mumbai",'0318824610,Information Technology,Un-Aided,Unknown,GOPENH,42084,87.5666075,G,H,OPEN,B.Tech,2025,4
'03188,"Vasantdada Patil Pratishthan's College Of Engineering and Visual Arts, Sion, Mumbai",'0318824610,Information Technology,Un-Aided,Unknown,GOBCH,49898,85.1002266,G,H,OBC,B.Tech,2025,4
'03188,"Vasantdada Patil Pratishthan's College Of Engineering and Visual Arts, Sion, Mumbai",'0318824610,Information Technology,Un-Aided,Unknown,LOPENH,46536,85.9982332,L,H,OPEN,B.Tech,2025,4
'03188,"Vasantdada Patil Pratishthan's College Of Engineering and Visual Arts, Sion, Mumbai",'0318824610,Information Technology,Un-Aided,Unknown,LOBCH,48518,85.5207245,L,H,OBC,B.Tech,2025,4
'03188,"Vasantdada Patil Pratishthan's College Of Engineering and Visual Arts, Sion, Mumbai",'0318824610,Information Technology,Un-Aided,Unknown,PWDOBCH,49023,85.2260888,P,H,PWD,B.Tech,2025,4
'03188,"Vasantdada Patil Pratishthan's College Of Engineering and Visual Arts, Sion, Mumbai",'0318824610,Information Technology,Un-Aided,Unknown,LSTH,42749,87.3196408,L,H,ST,B.Tech,2025,4
'03188,"Vasantdada Patil Pratishthan's College Of Engineering and Visual Arts, Sion, Mumbai",'0318862410,Mechatronics Engineering,Un-Aided,Unknown,GOPENH,75178,76.8955509,G,H,OPEN,B.Tech,2025,4
'03188,"Vasantdada Patil Pratishthan's College Of Engineering and Visual Arts, Sion, Mumbai",'0318862410,Mechatronics Engineering,Un-Aided,Unknown,LOPENH,82087,74.0630785,L,H,OPEN,B.Tech,2025,4
'03188,"Vasantdada Patil Pratishthan's College Of Engineering and Visual Arts, Sion, Mumbai",'0318862410,Mechatronics Engineering,Un-Aided,Unknown,GSTH,82374,74.0094972,G,H,ST,B.Tech,2025,4
'03188,"Vasantdada Patil Pratishthan's College Of Engineering and Visual Arts, Sion, Mumbai",'0318862410,Mechatronics Engineering,Un-Aided,Unknown,GVJH,78975,75.3562654,G,H,VJ,B.Tech,2025,4
'03188,"Vasantdada Patil Pratishthan's College Of Engineering and Visual Arts, Sion, Mumbai",'0318890010,Electronics and Computer Science,Un-Aided,Unknown,GOPENH,50497,84.8811189,G,H,OPEN,B.Tech,2025,4
'03188,"Vasantdada Patil Pratishthan's College Of Engineering and Visual Arts, Sion, Mumbai",'0318890010,Electronics and Computer Science,Un-Aided,Unknown,GOBCH,57144,82.8372770,G,H,OBC,B.Tech,2025,4
'03188,"Vasantdada Patil Pratishthan's College Of Engineering and Visual Arts, Sion, Mumbai",'0318890010,Electronics and Computer Science,Un-Aided,Unknown,LOPENH,56791,82.8437868,L,H,OPEN,B.Tech,2025,4
'03188,"Vasantdada Patil Pratishthan's College Of Engineering and Visual Arts, Sion, Mumbai",'0318890010,Electronics and Computer Science,Un-Aided,Unknown,LOBCH,59666,81.9705913,L,H,OBC,B.Tech,2025,4
'03188,"Vasantdada Patil Pratishthan's College Of Engineering and Visual Arts, Sion, Mumbai",'0318890010,Electronics and Computer Science,Un-Aided,Unknown,GSTH,52816,84.1131441,G,H,ST,B.Tech,2025,4
'03188,"Vasantdada Patil Pratishthan's College Of Engineering and Visual Arts, Sion, Mumbai",'0318891110,Computer Science and Engineering(Artificial Intelligence and Machine Learning),Un-Aided,Unknown,GOPENH,36055,89.3412389,G,H,OPEN,B.Tech,2025,4
'03188,"Vasantdada Patil Pratishthan's College Of Engineering and Visual Arts, Sion, Mumbai",'0318891110,Computer Science and Engineering(Artificial Intelligence and Machine Learning),Un-Aided,Unknown,GOBCH,40618,87.9466479,G,H,OBC,B.Tech,2025,4
'03188,"Vasantdada Patil Pratishthan's College Of Engineering and Visual Arts, Sion, Mumbai",'0318891110,Computer Science and Engineering(Artificial Intelligence and Machine Learning),Un-Aided,Unknown,LOPENH,37081,89.0680212,L,H,OPEN,B.Tech,2025,4
'03188,"Vasantdada Patil Pratishthan's College Of Engineering and Visual Arts, Sion, Mumbai",'0318891110,Computer Science and Engineering(Artificial Intelligence and Machine Learning),Un-Aided,Unknown,LSEBCH,79101,75.3562654,L,H,SEBC,B.Tech,2025,4
'03189,"Bharati Vidyapeeth College of Engineering, Navi Mumbai",'0318924510,Computer Engineering,Un-Aided,Unknown,GOPENH,19204,94.4637991,G,H,OPEN,B.Tech,2025,4
'03189,"Bharati Vidyapeeth College of Engineering, Navi Mumbai",'0318924510,Computer Engineering,Un-Aided,Unknown,GVJH,51767,84.4950314,G,H,VJ,B.Tech,2025,4
'03189,"Bharati Vidyapeeth College of Engineering, Navi Mumbai",'0318924510,Computer Engineering,Un-Aided,Unknown,GOBCH,26967,92.0891128,G,H,OBC,B.Tech,2025,4
'03189,"Bharati Vidyapeeth College of Engineering, Navi Mumbai",'0318924510,Computer Engineering,Un-Aided,Unknown,GSEBCH,31421,90.8403987,G,H,SEBC,B.Tech,2025,4
'03189,"Bharati Vidyapeeth College of Engineering, Navi Mumbai",'0318924510,Computer Engineering,Un-Aided,Unknown,LOPENH,27056,92.0769231,L,H,OPEN,B.Tech,2025,4
'03189,"Bharati Vidyapeeth College of Engineering, Navi Mumbai",'0318924510,Computer Engineering,Un-Aided,Unknown,LOBCH,29727,91.3082283,L,H,OBC,B.Tech,2025,4
'03189,"Bharati Vidyapeeth College of Engineering, Navi Mumbai",'0318924510,Computer Engineering,Un-Aided,Unknown,PWDOPENH,111585,62.8632493,P,H,PWD,B.Tech,2025,4
'03189,"Bharati Vidyapeeth College of Engineering, Navi Mumbai",'0318924610,Information Technology,Un-Aided,Unknown,GOPENH,31287,90.8461538,G,H,OPEN,B.Tech,2025,4
'03189,"Bharati Vidyapeeth College of Engineering, Navi Mumbai",'0318924610,Information Technology,Un-Aided,Unknown,GSTH,161989,35.9909439,G,H,ST,B.Tech,2025,4
'03189,"Bharati Vidyapeeth College of Engineering, Navi Mumbai",'0318924610,Information Technology,Un-Aided,Unknown,GOBCH,36991,89.1256809,G,H,OBC,B.Tech,2025,4
'03189,"Bharati Vidyapeeth College of Engineering, Navi Mumbai",'0318924610,Information Technology,Un-Aided,Unknown,GSEBCH,41413,87.7785554,G,H,SEBC,B.Tech,2025,4
'03189,"Bharati Vidyapeeth College of Engineering, Navi Mumbai",'0318924610,Information Technology,Un-Aided,Unknown,LOPENH,26392,92.2706158,L,H,OPEN,B.Tech,2025,4
'03189,"Bharati Vidyapeeth College of Engineering, Navi Mumbai",'0318924610,Information Technology,Un-Aided,Unknown,LSCH,46912,85.9646097,L,H,SC,B.Tech,2025,4
'03189,"Bharati Vidyapeeth College of Engineering, Navi Mumbai",'0318924610,Information Technology,Un-Aided,Unknown,LOBCH,36791,89.1725752,L,H,OBC,B.Tech,2025,4
'03189,"Bharati Vidyapeeth College of Engineering, Navi Mumbai",'0318924610,Information Technology,Un-Aided,Unknown,LSEBCH,41845,87.6322867,L,H,SEBC,B.Tech,2025,4
'03189,"Bharati Vidyapeeth College of Engineering, Navi Mumbai",'0318937210,Electronics and Telecommunication Engg,Un-Aided,Unknown,GOPENH,56122,83.0707711,G,H,OPEN,B.Tech,2025,4
'03189,"Bharati Vidyapeeth College of Engineering, Navi Mumbai",'0318937210,Electronics and Telecommunication Engg,Un-Aided,Unknown,GVJH,123649,57.0133407,G,H,VJ,B.Tech,2025,4
'03189,"Bharati Vidyapeeth College of Engineering, Navi Mumbai",'0318937210,Electronics and Telecommunication Engg,Un-Aided,Unknown,GNT1H,84942,73.4354379,G,H,NT1,B.Tech,2025,4
'03189,"Bharati Vidyapeeth College of Engineering, Navi Mumbai",'0318937210,Electronics and Telecommunication Engg,Un-Aided,Unknown,GOBCH,70411,78.4342571,G,H,OBC,B.Tech,2025,4
'03189,"Bharati Vidyapeeth College of Engineering, Navi Mumbai",'0318937210,Electronics and Telecommunication Engg,Un-Aided,Unknown,GSEBCH,85217,73.2612864,G,H,SEBC,B.Tech,2025,4
'03189,"Bharati Vidyapeeth College of Engineering, Navi Mumbai",'0318937210,Electronics and Telecommunication Engg,Un-Aided,Unknown,LOBCH,60647,81.6453226,L,H,OBC,B.Tech,2025,4
'03189,"Bharati Vidyapeeth College of Engineering, Navi Mumbai",'0318937210,Electronics and Telecommunication Engg,Un-Aided,Unknown,PWDOPENH,51227,84.6429815,P,H,PWD,B.Tech,2025,4
'03189,"Bharati Vidyapeeth College of Engineering, Navi Mumbai",'0318937210,Electronics and Telecommunication Engg,Un-Aided,Unknown,PWDSCH,39075,88.5033286,P,H,PWD,B.Tech,2025,4
'03189,"Bharati Vidyapeeth College of Engineering, Navi Mumbai",'0318937210,Electronics and Telecommunication Engg,Un-Aided,Unknown,GSTH,56329,82.9717485,G,H,ST,B.Tech,2025,4
'03189,"Bharati Vidyapeeth College of Engineering, Navi Mumbai",'0318946610,Instrumentation Engineering,Un-Aided,Unknown,GOPENO,45183,86.6223776,G,O,OPEN,B.Tech,2025,4
'03189,"Bharati Vidyapeeth College of Engineering, Navi Mumbai",'0318946610,Instrumentation Engineering,Un-Aided,Unknown,GNT1O,65112,80.0000000,G,O,NT1,B.Tech,2025,4
'03189,"Bharati Vidyapeeth College of Engineering, Navi Mumbai",'0318946610,Instrumentation Engineering,Un-Aided,Unknown,GOBCO,49169,85.2215842,G,O,OBC,B.Tech,2025,4
'03189,"Bharati Vidyapeeth College of Engineering, Navi Mumbai",'0318946610,Instrumentation Engineering,Un-Aided,Unknown,LSEBCO,81263,74.6802716,L,O,SEBC,B.Tech,2025,4
'03189,"Bharati Vidyapeeth College of Engineering, Navi Mumbai",'0318946610,Instrumentation Engineering,Un-Aided,Unknown,GSTO,51912,84.4950314,G,O,ST,B.Tech,2025,4
'03189,"Bharati Vidyapeeth College of Engineering, Navi Mumbai",'0318950710,Chemical Engineering,Un-Aided,Unknown,GOPENH,28036,91.7521019,G,H,OPEN,B.Tech,2025,4
'03189,"Bharati Vidyapeeth College of Engineering, Navi Mumbai",'0318961210,Mechanical Engineering,Un-Aided,Unknown,GOPENH,84546,73.4722277,G,H,OPEN,B.Tech,2025,4
'03189,"Bharati Vidyapeeth College of Engineering, Navi Mumbai",'0318961210,Mechanical Engineering,Un-Aided,Unknown,GSCH,101539,66.9039004,G,H,SC,B.Tech,2025,4
'03189,"Bharati Vidyapeeth College of Engineering, Navi Mumbai",'0318961210,Mechanical Engineering,Un-Aided,Unknown,GOBCH,96960,68.8687467,G,H,OBC,B.Tech,2025,4
'03189,"Bharati Vidyapeeth College of Engineering, Navi Mumbai",'0318961210,Mechanical Engineering,Un-Aided,Unknown,LOPENH,63965,80.6021790,L,H,OPEN,B.Tech,2025,4
'03189,"Bharati Vidyapeeth College of Engineering, Navi Mumbai",'0318961210,Mechanical Engineering,Un-Aided,Unknown,LNT3H,175938,25.7272727,L,H,NT3,B.Tech,2025,4
'03189,"Bharati Vidyapeeth College of Engineering, Navi Mumbai",'0318961210,Mechanical Engineering,Un-Aided,Unknown,LVJH,129956,54.0903901,L,H,VJ,B.Tech,2025,4
'03189,"Bharati Vidyapeeth College of Engineering, Navi Mumbai",'0318961210,Mechanical Engineering,Un-Aided,Unknown,PWDSCH,87789,72.1028020,P,H,PWD,B.Tech,2025,4
'03189,"Bharati Vidyapeeth College of Engineering, Navi Mumbai",'0318961210,Mechanical Engineering,Un-Aided,Unknown,PWDOBCH,78655,75.4048881,P,H,PWD,B.Tech,2025,4
'03189,"Bharati Vidyapeeth College of Engineering, Navi Mumbai",'0318961210,Mechanical Engineering,Un-Aided,Unknown,GSTH,84716,73.4722277,G,H,ST,B.Tech,2025,4
'03190,"Terna Engineering College, Nerul, Navi Mumbai",'0319019110,Civil Engineering,Un-Aided,Unknown,LOPENH,85335,73.2612864,L,H,OPEN,B.Tech,2025,4
'03190,"Terna Engineering College, Nerul, Navi Mumbai",'0319024510,Computer Engineering,Un-Aided,Unknown,GOPENH,27345,92.0354593,G,H,OPEN,B.Tech,2025,4
'03190,"Terna Engineering College, Nerul, Navi Mumbai",'0319024510,Computer Engineering,Un-Aided,Unknown,LOPENH,26637,92.2398466,L,H,OPEN,B.Tech,2025,4
'03190,"Terna Engineering College, Nerul, Navi Mumbai",'0319024510,Computer Engineering,Un-Aided,Unknown,LOBCH,35287,89.6391842,L,H,OBC,B.Tech,2025,4
'03190,"Terna Engineering College, Nerul, Navi Mumbai",'0319024610,Information Technology,Un-Aided,Unknown,GOPENH,32253,90.5159705,G,H,OPEN,B.Tech,2025,4
'03190,"Terna Engineering College, Nerul, Navi Mumbai",'0319024610,Information Technology,Un-Aided,Unknown,GOBCH,42064,87.5666075,G,H,OBC,B.Tech,2025,4
'03190,"Terna Engineering College, Nerul, Navi Mumbai",'0319024610,Information Technology,Un-Aided,Unknown,LOPENH,34315,89.9712654,L,H,OPEN,B.Tech,2025,4
'03190,"Terna Engineering College, Nerul, Navi Mumbai",'0319024610,Information Technology,Un-Aided,Unknown,PWDOPENH,32261,90.5159705,P,H,PWD,B.Tech,2025,4
'03190,"Terna Engineering College, Nerul, Navi Mumbai",'0319026310,Artificial Intelligence (AI) and Data Science,Un-Aided,Unknown,LOPENH,15914,95.4087502,L,H,OPEN,B.Tech,2025,4
'03190,"Terna Engineering College, Nerul, Navi Mumbai",'0319026310,Artificial Intelligence (AI) and Data Science,Un-Aided,Unknown,PWDOPENH,13870,96.0001590,P,H,PWD,B.Tech,2025,4
'03190,"Terna Engineering College, Nerul, Navi Mumbai",'0319037210,Electronics and Telecommunication Engg,Un-Aided,Unknown,GOPENH,62679,81.0403668,G,H,OPEN,B.Tech,2025,4
'03190,"Terna Engineering College, Nerul, Navi Mumbai",'0319037210,Electronics and Telecommunication Engg,Un-Aided,Unknown,GSCH,87471,72.1363369,G,H,SC,B.Tech,2025,4
'03190,"Terna Engineering College, Nerul, Navi Mumbai",'0319037210,Electronics and Telecommunication Engg,Un-Aided,Unknown,LOPENH,59989,81.9404030,L,H,OPEN,B.Tech,2025,4
'03190,"Terna Engineering College, Nerul, Navi Mumbai",'0319037210,Electronics and Telecommunication Engg,Un-Aided,Unknown,LSCH,73510,77.1618860,L,H,SC,B.Tech,2025,4
'03190,"Terna Engineering College, Nerul, Navi Mumbai",'0319037210,Electronics and Telecommunication Engg,Un-Aided,Unknown,LOBCH,69113,78.6729363,L,H,OBC,B.Tech,2025,4
'03190,"Terna Engineering College, Nerul, Navi Mumbai",'0319037210,Electronics and Telecommunication Engg,Un-Aided,Unknown,PWDOPENH,61362,81.3270637,P,H,PWD,B.Tech,2025,4
'03190,"Terna Engineering College, Nerul, Navi Mumbai",'0319037610,Electronics Engineering,Un-Aided,Unknown,LOPENH,59851,81.9404030,L,H,OPEN,B.Tech,2025,4
'03190,"Terna Engineering College, Nerul, Navi Mumbai",'0319061210,Mechanical Engineering,Un-Aided,Unknown,GOPENO,74460,76.9322569,G,O,OPEN,B.Tech,2025,4
'03190,"Terna Engineering College, Nerul, Navi Mumbai",'0319061210,Mechanical Engineering,Un-Aided,Unknown,GOBCO,107527,64.3453843,G,O,OBC,B.Tech,2025,4
'03190,"Terna Engineering College, Nerul, Navi Mumbai",'0319062410,Mechatronics Engineering,Un-Aided,Unknown,GOPENH,59571,81.9705913,G,H,OPEN,B.Tech,2025,4
'03190,"Terna Engineering College, Nerul, Navi Mumbai",'0319062410,Mechatronics Engineering,Un-Aided,Unknown,GOBCH,83670,73.6328536,G,H,OBC,B.Tech,2025,4
'03190,"Terna Engineering College, Nerul, Navi Mumbai",'0319062410,Mechatronics Engineering,Un-Aided,Unknown,LOPENH,45455,86.5435447,L,H,OPEN,B.Tech,2025,4
'03192,"Smt. Indira Gandhi College of Engineering, Navi Mumbai",'0319224510,Computer Engineering,Un-Aided Autonomous,Unknown,GOPENS,44189,86.9194446,G,S,OPEN,B.Tech,2025,4
'03192,"Smt. Indira Gandhi College of Engineering, Navi Mumbai",'0319224510,Computer Engineering,Un-Aided Autonomous,Unknown,GSCS,63199,80.8599071,G,S,SC,B.Tech,2025,4
'03192,"Smt. Indira Gandhi College of Engineering, Navi Mumbai",'0319224510,Computer Engineering,Un-Aided Autonomous,Unknown,GVJS,88308,71.8197195,G,S,VJ,B.Tech,2025,4
'03192,"Smt. Indira Gandhi College of Engineering, Navi Mumbai",'0319224510,Computer Engineering,Un-Aided Autonomous,Unknown,GOBCS,50500,84.8811189,G,S,OBC,B.Tech,2025,4
'03192,"Smt. Indira Gandhi College of Engineering, Navi Mumbai",'0319224510,Computer Engineering,Un-Aided Autonomous,Unknown,GSEBCS,55505,83.3397246,G,S,SEBC,B.Tech,2025,4
'03192,"Smt. Indira Gandhi College of Engineering, Navi Mumbai",'0319224510,Computer Engineering,Un-Aided Autonomous,Unknown,LOBCS,42728,87.3196408,L,S,OBC,B.Tech,2025,4
'03192,"Smt. Indira Gandhi College of Engineering, Navi Mumbai",'0319224510,Computer Engineering,Un-Aided Autonomous,Unknown,PWDOPENS,40355,88.0599617,P,S,PWD,B.Tech,2025,4
'03192,"Smt. Indira Gandhi College of Engineering, Navi Mumbai",'0319224510,Computer Engineering,Un-Aided Autonomous,Unknown,PWDOBCS,45251,86.6223776,P,S,PWD,B.Tech,2025,4
'03192,"Smt. Indira Gandhi College of Engineering, Navi Mumbai",'0319224510,Computer Engineering,Un-Aided Autonomous,Unknown,GSTS,44474,86.7181467,G,S,ST,B.Tech,2025,4
'03192,"Smt. Indira Gandhi College of Engineering, Navi Mumbai",'0319226310,Artificial Intelligence (AI) and Data Science,Un-Aided Autonomous,Unknown,GOPENS,45775,86.3869833,G,S,OPEN,B.Tech,2025,4
'03192,"Smt. Indira Gandhi College of Engineering, Navi Mumbai",'0319226310,Artificial Intelligence (AI) and Data Science,Un-Aided Autonomous,Unknown,GOBCS,48182,85.6182564,G,S,OBC,B.Tech,2025,4
'03192,"Smt. Indira Gandhi College of Engineering, Navi Mumbai",'0319226310,Artificial Intelligence (AI) and Data Science,Un-Aided Autonomous,Unknown,GSEBCS,62344,81.1295102,G,S,SEBC,B.Tech,2025,4
'03192,"Smt. Indira Gandhi College of Engineering, Navi Mumbai",'0319226310,Artificial Intelligence (AI) and Data Science,Un-Aided Autonomous,Unknown,LOBCS,44060,86.9194446,L,S,OBC,B.Tech,2025,4
'03192,"Smt. Indira Gandhi College of Engineering, Navi Mumbai",'0319226310,Artificial Intelligence (AI) and Data Science,Un-Aided Autonomous,Unknown,EWS,170774,29.4125763,E,S,EWS,B.Tech,2025,4
'03192,"Smt. Indira Gandhi College of Engineering, Navi Mumbai",'0319226310,Artificial Intelligence (AI) and Data Science,Un-Aided Autonomous,Unknown,GSTS,47043,85.9124978,G,S,ST,B.Tech,2025,4
'03192,"Smt. Indira Gandhi College of Engineering, Navi Mumbai",'0319229310,Electrical Engineering,Un-Aided Autonomous,Unknown,GOPENS,87530,72.1363369,G,S,OPEN,B.Tech,2025,4
'03192,"Smt. Indira Gandhi College of Engineering, Navi Mumbai",'0319229310,Electrical Engineering,Un-Aided Autonomous,Unknown,GOBCS,109138,63.5767823,G,S,OBC,B.Tech,2025,4
'03192,"Smt. Indira Gandhi College of Engineering, Navi Mumbai",'0319229310,Electrical Engineering,Un-Aided Autonomous,Unknown,PWDOPENS,92670,70.5005064,P,S,PWD,B.Tech,2025,4
'03192,"Smt. Indira Gandhi College of Engineering, Navi Mumbai",'0319261210,Mechanical Engineering,Un-Aided Autonomous,Unknown,GOPENS,80916,74.9785452,G,S,OPEN,B.Tech,2025,4
'03192,"Smt. Indira Gandhi College of Engineering, Navi Mumbai",'0319261210,Mechanical Engineering,Un-Aided Autonomous,Unknown,GNT2S,175815,25.8355418,G,S,NT2,B.Tech,2025,4
'03192,"Smt. Indira Gandhi College of Engineering, Navi Mumbai",'0319261210,Mechanical Engineering,Un-Aided Autonomous,Unknown,LSCS,110337,63.2914656,L,S,SC,B.Tech,2025,4
'03192,"Smt. Indira Gandhi College of Engineering, Navi Mumbai",'0319261210,Mechanical Engineering,Un-Aided Autonomous,Unknown,LOBCS,142941,47.1398578,L,S,OBC,B.Tech,2025,4
'03192,"Smt. Indira Gandhi College of Engineering, Navi Mumbai",'0319291110,Computer Science and Engineering(Artificial Intelligence and Machine Learning),Un-Aided Autonomous,Unknown,GOPENS,38632,88.6282029,G,S,OPEN,B.Tech,2025,4
'03192,"Smt. Indira Gandhi College of Engineering, Navi Mumbai",'0319291110,Computer Science and Engineering(Artificial Intelligence and Machine Learning),Un-Aided Autonomous,Unknown,GSCS,50995,84.7618697,G,S,SC,B.Tech,2025,4
'03192,"Smt. Indira Gandhi College of Engineering, Navi Mumbai",'0319291110,Computer Science and Engineering(Artificial Intelligence and Machine Learning),Un-Aided Autonomous,Unknown,GNT3S,69100,78.6729363,G,S,NT3,B.Tech,2025,4
'03192,"Smt. Indira Gandhi College of Engineering, Navi Mumbai",'0319291110,Computer Science and Engineering(Artificial Intelligence and Machine Learning),Un-Aided Autonomous,Unknown,LOPENS,37738,88.8689717,L,S,OPEN,B.Tech,2025,4
'03192,"Smt. Indira Gandhi College of Engineering, Navi Mumbai",'0319292010,Computer Science and Engineering (Internet of Things and Cyber Security Including Block Chain,Un-Aided Autonomous,Unknown,GOPENS,43892,86.9651776,G,S,OPEN,B.Tech,2025,4
'03192,"Smt. Indira Gandhi College of Engineering, Navi Mumbai",'0319292010,Computer Science and Engineering (Internet of Things and Cyber Security Including Block Chain,Un-Aided Autonomous,Unknown,LNT1S,181365,22.0358020,L,S,NT1,B.Tech,2025,4
'03193,"Shivajirao S. Jondhale College of Engineering, Dombivali,Mumbai",'0319324510,Computer Engineering,Un-Aided,Unknown,GOPENH,62352,81.1295102,G,H,OPEN,B.Tech,2025,4
'03193,"Shivajirao S. Jondhale College of Engineering, Dombivali,Mumbai",'0319324510,Computer Engineering,Un-Aided,Unknown,GOBCH,74779,76.9213781,G,H,OBC,B.Tech,2025,4
'03193,"Shivajirao S. Jondhale College of Engineering, Dombivali,Mumbai",'0319324510,Computer Engineering,Un-Aided,Unknown,LOPENH,69812,78.5819586,L,H,OPEN,B.Tech,2025,4
'03193,"Shivajirao S. Jondhale College of Engineering, Dombivali,Mumbai",'0319324510,Computer Engineering,Un-Aided,Unknown,LOBCH,79994,75.1927485,L,H,OBC,B.Tech,2025,4
'03193,"Shivajirao S. Jondhale College of Engineering, Dombivali,Mumbai",'0319324510,Computer Engineering,Un-Aided,Unknown,LSEBCH,87179,72.3760958,L,H,SEBC,B.Tech,2025,4
'03193,"Shivajirao S. Jondhale College of Engineering, Dombivali,Mumbai",'0319324510,Computer Engineering,Un-Aided,Unknown,PWDOBCH,70000,78.5819586,P,H,PWD,B.Tech,2025,4
'03193,"Shivajirao S. Jondhale College of Engineering, Dombivali,Mumbai",'0319324610,Information Technology,Un-Aided,Unknown,GOPENO,96280,68.9620341,G,O,OPEN,B.Tech,2025,4
'03193,"Shivajirao S. Jondhale College of Engineering, Dombivali,Mumbai",'0319324610,Information Technology,Un-Aided,Unknown,GNT3O,179133,23.4132019,G,O,NT3,B.Tech,2025,4
'03193,"Shivajirao S. Jondhale College of Engineering, Dombivali,Mumbai",'0319324610,Information Technology,Un-Aided,Unknown,GSEBCO,116026,60.4378874,G,O,SEBC,B.Tech,2025,4
'03193,"Shivajirao S. Jondhale College of Engineering, Dombivali,Mumbai",'0319324610,Information Technology,Un-Aided,Unknown,LOPENO,95821,69.0979021,L,O,OPEN,B.Tech,2025,4
'03193,"Shivajirao S. Jondhale College of Engineering, Dombivali,Mumbai",'0319337210,Electronics and Telecommunication Engg,Un-Aided,Unknown,GOBCH,82671,73.8000589,G,H,OBC,B.Tech,2025,4
'03193,"Shivajirao S. Jondhale College of Engineering, Dombivali,Mumbai",'0319350710,Chemical Engineering,Un-Aided,Unknown,GOPENH,103915,65.8462319,G,H,OPEN,B.Tech,2025,4
'03193,"Shivajirao S. Jondhale College of Engineering, Dombivali,Mumbai",'0319350710,Chemical Engineering,Un-Aided,Unknown,GOBCH,116325,60.4378874,G,H,OBC,B.Tech,2025,4
'03193,"Shivajirao S. Jondhale College of Engineering, Dombivali,Mumbai",'0319350710,Chemical Engineering,Un-Aided,Unknown,LOPENH,95870,69.0979021,L,H,OPEN,B.Tech,2025,4
'03193,"Shivajirao S. Jondhale College of Engineering, Dombivali,Mumbai",'0319350710,Chemical Engineering,Un-Aided,Unknown,GVJH,104955,65.6307130,G,H,VJ,B.Tech,2025,4
'03193,"Shivajirao S. Jondhale College of Engineering, Dombivali,Mumbai",'0319361210,Mechanical Engineering,Un-Aided,Unknown,GOPENO,116527,60.4221150,G,O,OPEN,B.Tech,2025,4
'03193,"Shivajirao S. Jondhale College of Engineering, Dombivali,Mumbai",'0319361210,Mechanical Engineering,Un-Aided,Unknown,GOBCO,180649,22.3617813,G,O,OBC,B.Tech,2025,4
'03193,"Shivajirao S. Jondhale College of Engineering, Dombivali,Mumbai",'0319361210,Mechanical Engineering,Un-Aided,Unknown,LOPENO,157772,39.2302050,L,O,OPEN,B.Tech,2025,4
'03193,"Shivajirao S. Jondhale College of Engineering, Dombivali,Mumbai",'0319361210,Mechanical Engineering,Un-Aided,Unknown,GSTO,175889,25.7272727,G,O,ST,B.Tech,2025,4
'03193,"Shivajirao S. Jondhale College of Engineering, Dombivali,Mumbai",'0319361210,Mechanical Engineering,Un-Aided,Unknown,GNT2O,161308,36.1161649,G,O,NT2,B.Tech,2025,4
'03193,"Shivajirao S. Jondhale College of Engineering, Dombivali,Mumbai",'0319392110,Artificial Intelligence and Machine Learning,Un-Aided,Unknown,GOBCH,77898,75.6075065,G,H,OBC,B.Tech,2025,4
'03193,"Shivajirao S. Jondhale College of Engineering, Dombivali,Mumbai",'0319392110,Artificial Intelligence and Machine Learning,Un-Aided,Unknown,LOPENH,47536,85.8824755,L,H,OPEN,B.Tech,2025,4
'03193,"Shivajirao S. Jondhale College of Engineering, Dombivali,Mumbai",'0319392110,Artificial Intelligence and Machine Learning,Un-Aided,Unknown,LOBCH,77734,75.6522650,L,H,OBC,B.Tech,2025,4
'03194,"Vidyavardhini's College of Engineering and Technology, Vasai",'0319419110,Civil Engineering,Un-Aided,Unknown,LOPENH,89558,71.5562808,L,H,OPEN,B.Tech,2025,4
'03194,"Vidyavardhini's College of Engineering and Technology, Vasai",'0319424510,Computer Engineering,Un-Aided,Unknown,GOPENH,29223,91.4198717,G,H,OPEN,B.Tech,2025,4
'03194,"Vidyavardhini's College of Engineering and Technology, Vasai",'0319424510,Computer Engineering,Un-Aided,Unknown,GOBCH,39847,88.1880330,G,H,OBC,B.Tech,2025,4
'03194,"Vidyavardhini's College of Engineering and Technology, Vasai",'0319424510,Computer Engineering,Un-Aided,Unknown,LOPENH,30822,90.9705380,L,H,OPEN,B.Tech,2025,4
'03194,"Vidyavardhini's College of Engineering and Technology, Vasai",'0319424510,Computer Engineering,Un-Aided,Unknown,LSCH,87269,72.3760958,L,H,SC,B.Tech,2025,4
'03194,"Vidyavardhini's College of Engineering and Technology, Vasai",'0319424510,Computer Engineering,Un-Aided,Unknown,PWDSEBCH,118099,59.9607019,P,H,PWD,B.Tech,2025,4
'03194,"Vidyavardhini's College of Engineering and Technology, Vasai",'0319424610,Information Technology,Un-Aided,Unknown,GOPENH,36905,89.1476381,G,H,OPEN,B.Tech,2025,4
'03194,"Vidyavardhini's College of Engineering and Technology, Vasai",'0319424610,Information Technology,Un-Aided,Unknown,GOBCH,42402,87.4115391,G,H,OBC,B.Tech,2025,4
'03194,"Vidyavardhini's College of Engineering and Technology, Vasai",'0319424610,Information Technology,Un-Aided,Unknown,GSEBCH,157653,39.2328654,G,H,SEBC,B.Tech,2025,4
'03194,"Vidyavardhini's College of Engineering and Technology, Vasai",'0319424610,Information Technology,Un-Aided,Unknown,LOPENH,33500,90.1404001,L,H,OPEN,B.Tech,2025,4
'03194,"Vidyavardhini's College of Engineering and Technology, Vasai",'0319424610,Information Technology,Un-Aided,Unknown,LVJH,136175,50.7016833,L,H,VJ,B.Tech,2025,4
'03194,"Vidyavardhini's College of Engineering and Technology, Vasai",'0319424610,Information Technology,Un-Aided,Unknown,LSEBCH,203211,0.8024146,L,H,SEBC,B.Tech,2025,4
'03194,"Vidyavardhini's College of Engineering and Technology, Vasai",'0319437210,Electronics and Telecommunication Engg,Un-Aided,Unknown,GOPENH,52426,84.3018999,G,H,OPEN,B.Tech,2025,4
'03194,"Vidyavardhini's College of Engineering and Technology, Vasai",'0319437210,Electronics and Telecommunication Engg,Un-Aided,Unknown,GOBCH,67758,79.4832155,G,H,OBC,B.Tech,2025,4
'03194,"Vidyavardhini's College of Engineering and Technology, Vasai",'0319437210,Electronics and Telecommunication Engg,Un-Aided,Unknown,GSEBCH,123339,57.4017459,G,H,SEBC,B.Tech,2025,4
'03194,"Vidyavardhini's College of Engineering and Technology, Vasai",'0319437210,Electronics and Telecommunication Engg,Un-Aided,Unknown,LOBCH,90305,71.4755245,L,H,OBC,B.Tech,2025,4
'03194,"Vidyavardhini's College of Engineering and Technology, Vasai",'0319437210,Electronics and Telecommunication Engg,Un-Aided,Unknown,GSTH,57242,82.8332926,G,H,ST,B.Tech,2025,4
'03194,"Vidyavardhini's College of Engineering and Technology, Vasai",'0319437210,Electronics and Telecommunication Engg,Un-Aided,Unknown,GVJH,58176,82.3938224,G,H,VJ,B.Tech,2025,4
'03194,"Vidyavardhini's College of Engineering and Technology, Vasai",'0319461210,Mechanical Engineering,Un-Aided,Unknown,GOPENH,71098,78.3357644,G,H,OPEN,B.Tech,2025,4
'03194,"Vidyavardhini's College of Engineering and Technology, Vasai",'0319461210,Mechanical Engineering,Un-Aided,Unknown,LOPENH,90459,71.4755245,L,H,OPEN,B.Tech,2025,4
'03194,"Vidyavardhini's College of Engineering and Technology, Vasai",'0319461210,Mechanical Engineering,Un-Aided,Unknown,GSTH,73945,77.0149774,G,H,ST,B.Tech,2025,4
'03194,"Vidyavardhini's College of Engineering and Technology, Vasai",'0319491210,Computer Science and Engineering(Data Science),Un-Aided,Unknown,GOPENH,39726,88.2484746,G,H,OPEN,B.Tech,2025,4
'03194,"Vidyavardhini's College of Engineering and Technology, Vasai",'0319491210,Computer Science and Engineering(Data Science),Un-Aided,Unknown,LOPENH,40798,87.9272878,L,H,OPEN,B.Tech,2025,4
'03194,"Vidyavardhini's College of Engineering and Technology, Vasai",'0319491210,Computer Science and Engineering(Data Science),Un-Aided,Unknown,LSCH,66388,79.7946282,L,H,SC,B.Tech,2025,4
'03194,"Vidyavardhini's College of Engineering and Technology, Vasai",'0319491210,Computer Science and Engineering(Data Science),Un-Aided,Unknown,PWDSEBCH,135261,51.1762787,P,H,PWD,B.Tech,2025,4
'03194,"Vidyavardhini's College of Engineering and Technology, Vasai",'0319491210,Computer Science and Engineering(Data Science),Un-Aided,Unknown,LSTH,34294,89.9712654,L,H,ST,B.Tech,2025,4
'03194,"Vidyavardhini's College of Engineering and Technology, Vasai",'0319499510,Artificial Intelligence and Data Science,Un-Aided,Unknown,GOPENH,37327,88.9773781,G,H,OPEN,B.Tech,2025,4
'03194,"Vidyavardhini's College of Engineering and Technology, Vasai",'0319499510,Artificial Intelligence and Data Science,Un-Aided,Unknown,GSCH,65878,79.9072027,G,H,SC,B.Tech,2025,4
'03194,"Vidyavardhini's College of Engineering and Technology, Vasai",'0319499510,Artificial Intelligence and Data Science,Un-Aided,Unknown,GOBCH,42961,87.3029561,G,H,OBC,B.Tech,2025,4
'03194,"Vidyavardhini's College of Engineering and Technology, Vasai",'0319499510,Artificial Intelligence and Data Science,Un-Aided,Unknown,LOPENH,38686,88.5573886,L,H,OPEN,B.Tech,2025,4
'03194,"Vidyavardhini's College of Engineering and Technology, Vasai",'0319499510,Artificial Intelligence and Data Science,Un-Aided,Unknown,PWDOPENH,37577,88.9550679,P,H,PWD,B.Tech,2025,4
'03196,"Lokmanya Tilak College of Engineering, Kopar Khairane, Navi Mumbai",'0319624510,Computer Engineering,Un-Aided Autonomous Linguistic Minority - Hindi,Unknown,GOPENS,35897,89.3717407,G,S,OPEN,B.Tech,2025,4
'03196,"Lokmanya Tilak College of Engineering, Kopar Khairane, Navi Mumbai",'0319624510,Computer Engineering,Un-Aided Autonomous Linguistic Minority - Hindi,Unknown,LOPENS,32496,90.4894438,L,S,OPEN,B.Tech,2025,4
'03196,"Lokmanya Tilak College of Engineering, Kopar Khairane, Navi Mumbai",'0319624510,Computer Engineering,Un-Aided Autonomous Linguistic Minority - Hindi,Unknown,MI,59827,81.9404030,M,I,MI,B.Tech,2025,4
'03196,"Lokmanya Tilak College of Engineering, Kopar Khairane, Navi Mumbai",'0319629310,Electrical Engineering,Un-Aided Autonomous Linguistic Minority - Hindi,Unknown,GOPENS,73058,77.2287062,G,S,OPEN,B.Tech,2025,4
'03196,"Lokmanya Tilak College of Engineering, Kopar Khairane, Navi Mumbai",'0319629310,Electrical Engineering,Un-Aided Autonomous Linguistic Minority - Hindi,Unknown,MI,166857,32.4837011,M,I,MI,B.Tech,2025,4
'03196,"Lokmanya Tilak College of Engineering, Kopar Khairane, Navi Mumbai",'0319637210,Electronics and Telecommunication Engg,Un-Aided Autonomous Linguistic Minority - Hindi,Unknown,GOPENS,61622,81.2846613,G,S,OPEN,B.Tech,2025,4
'03196,"Lokmanya Tilak College of Engineering, Kopar Khairane, Navi Mumbai",'0319637210,Electronics and Telecommunication Engg,Un-Aided Autonomous Linguistic Minority - Hindi,Unknown,LOPENS,52740,84.1437716,L,S,OPEN,B.Tech,2025,4
'03196,"Lokmanya Tilak College of Engineering, Kopar Khairane, Navi Mumbai",'0319637210,Electronics and Telecommunication Engg,Un-Aided Autonomous Linguistic Minority - Hindi,Unknown,MI,71057,78.3357644,M,I,MI,B.Tech,2025,4
'03196,"Lokmanya Tilak College of Engineering, Kopar Khairane, Navi Mumbai",'0319637210,Electronics and Telecommunication Engg,Un-Aided Autonomous Linguistic Minority - Hindi,Unknown,TFWS,58041,82.3938224,T,S,TFWS,B.Tech,2025,4
'03196,"Lokmanya Tilak College of Engineering, Kopar Khairane, Navi Mumbai",'0319661210,Mechanical Engineering,Un-Aided Autonomous Linguistic Minority - Hindi,Unknown,GOPENS,89286,71.5830116,G,S,OPEN,B.Tech,2025,4
'03196,"Lokmanya Tilak College of Engineering, Kopar Khairane, Navi Mumbai",'0319661210,Mechanical Engineering,Un-Aided Autonomous Linguistic Minority - Hindi,Unknown,LOPENS,85718,73.1347962,L,S,OPEN,B.Tech,2025,4
'03196,"Lokmanya Tilak College of Engineering, Kopar Khairane, Navi Mumbai",'0319661210,Mechanical Engineering,Un-Aided Autonomous Linguistic Minority - Hindi,Unknown,MI,167436,32.1650475,M,I,MI,B.Tech,2025,4
'03196,"Lokmanya Tilak College of Engineering, Kopar Khairane, Navi Mumbai",'0319691110,Computer Science and Engineering(Artificial Intelligence and Machine Learning),Un-Aided Autonomous Linguistic Minority - Hindi,Unknown,GOPENS,33742,90.0917161,G,S,OPEN,B.Tech,2025,4
'03196,"Lokmanya Tilak College of Engineering, Kopar Khairane, Navi Mumbai",'0319691110,Computer Science and Engineering(Artificial Intelligence and Machine Learning),Un-Aided Autonomous Linguistic Minority - Hindi,Unknown,LOPENS,32961,90.3099038,L,S,OPEN,B.Tech,2025,4
'03196,"Lokmanya Tilak College of Engineering, Kopar Khairane, Navi Mumbai",'0319691210,Computer Science and Engineering(Data Science),Un-Aided Autonomous Linguistic Minority - Hindi,Unknown,GOPENS,31460,90.7235685,G,S,OPEN,B.Tech,2025,4
'03196,"Lokmanya Tilak College of Engineering, Kopar Khairane, Navi Mumbai",'0319691210,Computer Science and Engineering(Data Science),Un-Aided Autonomous Linguistic Minority - Hindi,Unknown,MI,63645,80.7175218,M,I,MI,B.Tech,2025,4
'03196,"Lokmanya Tilak College of Engineering, Kopar Khairane, Navi Mumbai",'0319692010,Computer Science and Engineering (Internet of Things and Cyber Security Including Block Chain,Un-Aided Autonomous Linguistic Minority - Hindi,Unknown,GOPENS,36518,89.2727273,G,S,OPEN,B.Tech,2025,4
'03196,"Lokmanya Tilak College of Engineering, Kopar Khairane, Navi Mumbai",'0319692010,Computer Science and Engineering (Internet of Things and Cyber Security Including Block Chain,Un-Aided Autonomous Linguistic Minority - Hindi,Unknown,LOPENS,23055,93.2766093,L,S,OPEN,B.Tech,2025,4
'03196,"Lokmanya Tilak College of Engineering, Kopar Khairane, Navi Mumbai",'0319692010,Computer Science and Engineering (Internet of Things and Cyber Security Including Block Chain,Un-Aided Autonomous Linguistic Minority - Hindi,Unknown,MI,64455,80.3575863,M,I,MI,B.Tech,2025,4
'03197,"Agnel Charities' FR. C. Rodrigues Institute of Technology, Vashi, Navi Mumbai",'0319724210,Computer Science and Engineering,Un-Aided Autonomous Religious Minority - Christian,Unknown,GOPENS,12975,96.3081750,G,S,OPEN,B.Tech,2025,4
'03197,"Agnel Charities' FR. C. Rodrigues Institute of Technology, Vashi, Navi Mumbai",'0319724210,Computer Science and Engineering,Un-Aided Autonomous Religious Minority - Christian,Unknown,LOPENS,12772,96.3424067,L,S,OPEN,B.Tech,2025,4
'03197,"Agnel Charities' FR. C. Rodrigues Institute of Technology, Vashi, Navi Mumbai",'0319724210,Computer Science and Engineering,Un-Aided Autonomous Religious Minority - Christian,Unknown,MI,98930,68.1164395,M,I,MI,B.Tech,2025,4
'03197,"Agnel Charities' FR. C. Rodrigues Institute of Technology, Vashi, Navi Mumbai",'0319724510,Computer Engineering,Un-Aided Autonomous Religious Minority - Christian,Unknown,GOPENS,11278,96.7783105,G,S,OPEN,B.Tech,2025,4
'03197,"Agnel Charities' FR. C. Rodrigues Institute of Technology, Vashi, Navi Mumbai",'0319724510,Computer Engineering,Un-Aided Autonomous Religious Minority - Christian,Unknown,LOPENS,11817,96.6434983,L,S,OPEN,B.Tech,2025,4
'03197,"Agnel Charities' FR. C. Rodrigues Institute of Technology, Vashi, Navi Mumbai",'0319724510,Computer Engineering,Un-Aided Autonomous Religious Minority - Christian,Unknown,MI,203395,0.5011843,M,I,MI,B.Tech,2025,4
'03197,"Agnel Charities' FR. C. Rodrigues Institute of Technology, Vashi, Navi Mumbai",'0319724510,Computer Engineering,Un-Aided Autonomous Religious Minority - Christian,Unknown,MI,11564,96.6812774,M,I,MI,B.Tech,2025,4
'03197,"Agnel Charities' FR. C. Rodrigues Institute of Technology, Vashi, Navi Mumbai",'0319729310,Electrical Engineering,Un-Aided Autonomous Religious Minority - Christian,Unknown,GOPENS,28772,91.5650868,G,S,OPEN,B.Tech,2025,4
'03197,"Agnel Charities' FR. C. Rodrigues Institute of Technology, Vashi, Navi Mumbai",'0319729310,Electrical Engineering,Un-Aided Autonomous Religious Minority - Christian,Unknown,LOPENS,29600,91.3131313,L,S,OPEN,B.Tech,2025,4
'03197,"Agnel Charities' FR. C. Rodrigues Institute of Technology, Vashi, Navi Mumbai",'0319729310,Electrical Engineering,Un-Aided Autonomous Religious Minority - Christian,Unknown,MI,42216,87.4135301,M,I,MI,B.Tech,2025,4
'03197,"Agnel Charities' FR. C. Rodrigues Institute of Technology, Vashi, Navi Mumbai",'0319737210,Electronics and Telecommunication Engg,Un-Aided Autonomous Religious Minority - Christian,Unknown,GOPENS,19186,94.4741287,G,S,OPEN,B.Tech,2025,4
'03197,"Agnel Charities' FR. C. Rodrigues Institute of Technology, Vashi, Navi Mumbai",'0319737210,Electronics and Telecommunication Engg,Un-Aided Autonomous Religious Minority - Christian,Unknown,TFWS,17123,95.0636221,T,S,TFWS,B.Tech,2025,4
'03197,"Agnel Charities' FR. C. Rodrigues Institute of Technology, Vashi, Navi Mumbai",'0319737210,Electronics and Telecommunication Engg,Un-Aided Autonomous Religious Minority - Christian,Unknown,MI,27939,91.8376367,M,I,MI,B.Tech,2025,4
'03197,"Agnel Charities' FR. C. Rodrigues Institute of Technology, Vashi, Navi Mumbai",'0319761210,Mechanical Engineering,Un-Aided Autonomous Religious Minority - Christian,Unknown,GOPENS,7166,97.9446841,G,S,OPEN,B.Tech,2025,4
'03197,"Agnel Charities' FR. C. Rodrigues Institute of Technology, Vashi, Navi Mumbai",'0319761210,Mechanical Engineering,Un-Aided Autonomous Religious Minority - Christian,Unknown,MI,45155,86.6223776,M,I,MI,B.Tech,2025,4
'03198,"Konkan Gyanpeeth College of Engineering, Karjat",'0319824210,Computer Science and Engineering,Un-Aided,Unknown,GOPENH,113697,61.6834321,G,H,OPEN,B.Tech,2025,4
'03198,"Konkan Gyanpeeth College of Engineering, Karjat",'0319824210,Computer Science and Engineering,Un-Aided,Unknown,GSCH,149491,43.5338318,G,H,SC,B.Tech,2025,4
'03198,"Konkan Gyanpeeth College of Engineering, Karjat",'0319824210,Computer Science and Engineering,Un-Aided,Unknown,GNT2H,147247,44.5303298,G,H,NT2,B.Tech,2025,4
'03198,"Konkan Gyanpeeth College of Engineering, Karjat",'0319824210,Computer Science and Engineering,Un-Aided,Unknown,LOPENH,101188,66.9498069,L,H,OPEN,B.Tech,2025,4
'03198,"Konkan Gyanpeeth College of Engineering, Karjat",'0319824210,Computer Science and Engineering,Un-Aided,Unknown,PWDOPENH,89086,71.5830116,P,H,PWD,B.Tech,2025,4
'03198,"Konkan Gyanpeeth College of Engineering, Karjat",'0319824210,Computer Science and Engineering,Un-Aided,Unknown,LSTH,103388,66.1695365,L,H,ST,B.Tech,2025,4
'03198,"Konkan Gyanpeeth College of Engineering, Karjat",'0319824510,Computer Engineering,Un-Aided,Unknown,GOPENH,92181,70.5072010,G,H,OPEN,B.Tech,2025,4
'03198,"Konkan Gyanpeeth College of Engineering, Karjat",'0319824510,Computer Engineering,Un-Aided,Unknown,GOBCH,141013,47.8905633,G,H,OBC,B.Tech,2025,4
'03198,"Konkan Gyanpeeth College of Engineering, Karjat",'0319824510,Computer Engineering,Un-Aided,Unknown,LOPENH,109828,63.3986014,L,H,OPEN,B.Tech,2025,4
'03198,"Konkan Gyanpeeth College of Engineering, Karjat",'0319824510,Computer Engineering,Un-Aided,Unknown,LNT2H,192318,12.5776664,L,H,NT2,B.Tech,2025,4
'03198,"Konkan Gyanpeeth College of Engineering, Karjat",'0319824510,Computer Engineering,Un-Aided,Unknown,GVJH,110397,63.2914656,G,H,VJ,B.Tech,2025,4
'03198,"Konkan Gyanpeeth College of Engineering, Karjat",'0319824610,Information Technology,Un-Aided,Unknown,GOPENH,111315,62.8632493,G,H,OPEN,B.Tech,2025,4
'03198,"Konkan Gyanpeeth College of Engineering, Karjat",'0319824610,Information Technology,Un-Aided,Unknown,GOBCH,127977,54.5872518,G,H,OBC,B.Tech,2025,4
'03198,"Konkan Gyanpeeth College of Engineering, Karjat",'0319824610,Information Technology,Un-Aided,Unknown,GSTH,119413,58.8994542,G,H,ST,B.Tech,2025,4
'03198,"Konkan Gyanpeeth College of Engineering, Karjat",'0319824610,Information Technology,Un-Aided,Unknown,GSEBCH,133703,52.1817116,G,H,SEBC,B.Tech,2025,4
'03198,"Konkan Gyanpeeth College of Engineering, Karjat",'0319861210,Mechanical Engineering,Un-Aided,Unknown,GOPENH,154766,40.0432529,G,H,OPEN,B.Tech,2025,4
'03198,"Konkan Gyanpeeth College of Engineering, Karjat",'0319861210,Mechanical Engineering,Un-Aided,Unknown,LOPENH,144700,46.6242967,L,H,OPEN,B.Tech,2025,4
'03198,"Konkan Gyanpeeth College of Engineering, Karjat",'0319899510,Artificial Intelligence and Data Science,Un-Aided,Unknown,GOPENH,67090,79.6925092,G,H,OPEN,B.Tech,2025,4
'03198,"Konkan Gyanpeeth College of Engineering, Karjat",'0319899510,Artificial Intelligence and Data Science,Un-Aided,Unknown,GOBCH,92379,70.5072010,G,H,OBC,B.Tech,2025,4
'03198,"Konkan Gyanpeeth College of Engineering, Karjat",'0319899510,Artificial Intelligence and Data Science,Un-Aided,Unknown,GSEBCH,119296,58.8994542,G,H,SEBC,B.Tech,2025,4
'03198,"Konkan Gyanpeeth College of Engineering, Karjat",'0319899510,Artificial Intelligence and Data Science,Un-Aided,Unknown,LOPENH,110206,63.2914656,L,H,OPEN,B.Tech,2025,4
'03198,"Konkan Gyanpeeth College of Engineering, Karjat",'0319899510,Artificial Intelligence and Data Science,Un-Aided,Unknown,GSTH,70082,78.5512207,G,H,ST,B.Tech,2025,4
'03199,"Shri Vile Parle Kelvani Mandal's Dwarkadas J. Sanghvi College of Engineering, Vile Parle,Mumbai",'0319924510,Computer Engineering,Un-Aided Autonomous Linguistic Minority - Gujarathi,Unknown,GOPENS,2130,99.3239281,G,S,OPEN,B.Tech,2025,4
'03199,"Shri Vile Parle Kelvani Mandal's Dwarkadas J. Sanghvi College of Engineering, Vile Parle,Mumbai",'0319924510,Computer Engineering,Un-Aided Autonomous Linguistic Minority - Gujarathi,Unknown,LOPENS,3253,99.0185463,L,S,OPEN,B.Tech,2025,4
'03199,"Shri Vile Parle Kelvani Mandal's Dwarkadas J. Sanghvi College of Engineering, Vile Parle,Mumbai",'0319924510,Computer Engineering,Un-Aided Autonomous Linguistic Minority - Gujarathi,Unknown,MI,4892,98.5616226,M,I,MI,B.Tech,2025,4
'03199,"Shri Vile Parle Kelvani Mandal's Dwarkadas J. Sanghvi College of Engineering, Vile Parle,Mumbai",'0319924610,Information Technology,Un-Aided Autonomous Linguistic Minority - Gujarathi,Unknown,GOPENS,3159,99.0384615,G,S,OPEN,B.Tech,2025,4
'03199,"Shri Vile Parle Kelvani Mandal's Dwarkadas J. Sanghvi College of Engineering, Vile Parle,Mumbai",'0319924610,Information Technology,Un-Aided Autonomous Linguistic Minority - Gujarathi,Unknown,LOPENS,4262,98.7329183,L,S,OPEN,B.Tech,2025,4
'03199,"Shri Vile Parle Kelvani Mandal's Dwarkadas J. Sanghvi College of Engineering, Vile Parle,Mumbai",'0319924610,Information Technology,Un-Aided Autonomous Linguistic Minority - Gujarathi,Unknown,MI,11371,96.7527319,M,I,MI,B.Tech,2025,4
'03199,"Shri Vile Parle Kelvani Mandal's Dwarkadas J. Sanghvi College of Engineering, Vile Parle,Mumbai",'0319924610,Information Technology,Un-Aided Autonomous Linguistic Minority - Gujarathi,Unknown,TFWS,3202,99.0347823,T,S,TFWS,B.Tech,2025,4
'03199,"Shri Vile Parle Kelvani Mandal's Dwarkadas J. Sanghvi College of Engineering, Vile Parle,Mumbai",'0319926310,Artificial Intelligence (AI) and Data Science,Un-Aided Autonomous Linguistic Minority - Gujarathi,Unknown,GOPENS,3235,99.0282686,G,S,OPEN,B.Tech,2025,4
'03199,"Shri Vile Parle Kelvani Mandal's Dwarkadas J. Sanghvi College of Engineering, Vile Parle,Mumbai",'0319926310,Artificial Intelligence (AI) and Data Science,Un-Aided Autonomous Linguistic Minority - Gujarathi,Unknown,LOPENS,4750,98.6028629,L,S,OPEN,B.Tech,2025,4
'03199,"Shri Vile Parle Kelvani Mandal's Dwarkadas J. Sanghvi College of Engineering, Vile Parle,Mumbai",'0319926310,Artificial Intelligence (AI) and Data Science,Un-Aided Autonomous Linguistic Minority - Gujarathi,Unknown,MI,12673,96.3500457,M,I,MI,B.Tech,2025,4
'03199,"Shri Vile Parle Kelvani Mandal's Dwarkadas J. Sanghvi College of Engineering, Vile Parle,Mumbai",'0319937210,Electronics and Telecommunication Engg,Un-Aided Autonomous Linguistic Minority - Gujarathi,Unknown,GOPENS,5277,98.4702940,G,S,OPEN,B.Tech,2025,4
'03199,"Shri Vile Parle Kelvani Mandal's Dwarkadas J. Sanghvi College of Engineering, Vile Parle,Mumbai",'0319937210,Electronics and Telecommunication Engg,Un-Aided Autonomous Linguistic Minority - Gujarathi,Unknown,LOPENS,7521,97.8540931,L,S,OPEN,B.Tech,2025,4
'03199,"Shri Vile Parle Kelvani Mandal's Dwarkadas J. Sanghvi College of Engineering, Vile Parle,Mumbai",'0319937210,Electronics and Telecommunication Engg,Un-Aided Autonomous Linguistic Minority - Gujarathi,Unknown,MI,20258,94.1411405,M,I,MI,B.Tech,2025,4
'03199,"Shri Vile Parle Kelvani Mandal's Dwarkadas J. Sanghvi College of Engineering, Vile Parle,Mumbai",'0319937210,Electronics and Telecommunication Engg,Un-Aided Autonomous Linguistic Minority - Gujarathi,Unknown,TFWS,6652,98.0856128,T,S,TFWS,B.Tech,2025,4
'03199,"Shri Vile Parle Kelvani Mandal's Dwarkadas J. Sanghvi College of Engineering, Vile Parle,Mumbai",'0319961210,Mechanical Engineering,Un-Aided Autonomous Linguistic Minority - Gujarathi,Unknown,GOPENS,7734,97.7678736,G,S,OPEN,B.Tech,2025,4
'03199,"Shri Vile Parle Kelvani Mandal's Dwarkadas J. Sanghvi College of Engineering, Vile Parle,Mumbai",'0319961210,Mechanical Engineering,Un-Aided Autonomous Linguistic Minority - Gujarathi,Unknown,LOPENS,15837,95.4261304,L,S,OPEN,B.Tech,2025,4
'03199,"Shri Vile Parle Kelvani Mandal's Dwarkadas J. Sanghvi College of Engineering, Vile Parle,Mumbai",'0319961210,Mechanical Engineering,Un-Aided Autonomous Linguistic Minority - Gujarathi,Unknown,MI,32636,90.4142665,M,I,MI,B.Tech,2025,4
'03199,"Shri Vile Parle Kelvani Mandal's Dwarkadas J. Sanghvi College of Engineering, Vile Parle,Mumbai",'0319961210,Mechanical Engineering,Un-Aided Autonomous Linguistic Minority - Gujarathi,Unknown,TFWS,7642,97.8062478,T,S,TFWS,B.Tech,2025,4
'03199,"Shri Vile Parle Kelvani Mandal's Dwarkadas J. Sanghvi College of Engineering, Vile Parle,Mumbai",'0319991210,Computer Science and Engineering(Data Science),Un-Aided Autonomous Linguistic Minority - Gujarathi,Unknown,GOPENS,3663,98.9097204,G,S,OPEN,B.Tech,2025,4
'03199,"Shri Vile Parle Kelvani Mandal's Dwarkadas J. Sanghvi College of Engineering, Vile Parle,Mumbai",'0319991210,Computer Science and Engineering(Data Science),Un-Aided Autonomous Linguistic Minority - Gujarathi,Unknown,LOPENS,4358,98.7176394,L,S,OPEN,B.Tech,2025,4
'03199,"Shri Vile Parle Kelvani Mandal's Dwarkadas J. Sanghvi College of Engineering, Vile Parle,Mumbai",'0319991210,Computer Science and Engineering(Data Science),Un-Aided Autonomous Linguistic Minority - Gujarathi,Unknown,MI,12472,96.4193661,M,I,MI,B.Tech,2025,4
'03199,"Shri Vile Parle Kelvani Mandal's Dwarkadas J. Sanghvi College of Engineering, Vile Parle,Mumbai",'0319991210,Computer Science and Engineering(Data Science),Un-Aided Autonomous Linguistic Minority - Gujarathi,Unknown,TFWS,3353,98.9927909,T,S,TFWS,B.Tech,2025,4
'03199,"Shri Vile Parle Kelvani Mandal's Dwarkadas J. Sanghvi College of Engineering, Vile Parle,Mumbai",'0319992010,Computer Science and Engineering (Internet of Things and Cyber Security Including Block Chain,Un-Aided Autonomous Linguistic Minority - Gujarathi,Unknown,GOPENS,3877,98.8444690,G,S,OPEN,B.Tech,2025,4
'03199,"Shri Vile Parle Kelvani Mandal's Dwarkadas J. Sanghvi College of Engineering, Vile Parle,Mumbai",'0319992010,Computer Science and Engineering (Internet of Things and Cyber Security Including Block Chain,Un-Aided Autonomous Linguistic Minority - Gujarathi,Unknown,LOPENS,5615,98.3671329,L,S,OPEN,B.Tech,2025,4
'03199,"Shri Vile Parle Kelvani Mandal's Dwarkadas J. Sanghvi College of Engineering, Vile Parle,Mumbai",'0319992010,Computer Science and Engineering (Internet of Things and Cyber Security Including Block Chain,Un-Aided Autonomous Linguistic Minority - Gujarathi,Unknown,MI,15143,95.6414531,M,I,MI,B.Tech,2025,4
'03199,"Shri Vile Parle Kelvani Mandal's Dwarkadas J. Sanghvi College of Engineering, Vile Parle,Mumbai",'0319992110,Artificial Intelligence and Machine Learning,Un-Aided Autonomous Linguistic Minority - Gujarathi,Unknown,GOPENS,3760,98.8843500,G,S,OPEN,B.Tech,2025,4
'03199,"Shri Vile Parle Kelvani Mandal's Dwarkadas J. Sanghvi College of Engineering, Vile Parle,Mumbai",'0319992110,Artificial Intelligence and Machine Learning,Un-Aided Autonomous Linguistic Minority - Gujarathi,Unknown,LOPENS,5116,98.4988371,L,S,OPEN,B.Tech,2025,4
'03199,"Shri Vile Parle Kelvani Mandal's Dwarkadas J. Sanghvi College of Engineering, Vile Parle,Mumbai",'0319992110,Artificial Intelligence and Machine Learning,Un-Aided Autonomous Linguistic Minority - Gujarathi,Unknown,MI,14137,95.9560746,M,I,MI,B.Tech,2025,4
'03199,"Shri Vile Parle Kelvani Mandal's Dwarkadas J. Sanghvi College of Engineering, Vile Parle,Mumbai",'0319992110,Artificial Intelligence and Machine Learning,Un-Aided Autonomous Linguistic Minority - Gujarathi,Unknown,TFWS,2547,99.2156179,T,S,TFWS,B.Tech,2025,4
'03200,"Hope Foundation and research center's Finolex Academy of Management and Technology, Ratnagiri",'0320024610,Information Technology,Un-Aided,Unknown,GSCH,169446,31.5596589,G,H,SC,B.Tech,2025,4
'03200,"Hope Foundation and research center's Finolex Academy of Management and Technology, Ratnagiri",'0320029310,Electrical Engineering,Un-Aided,Unknown,LSCO,54224,83.7674516,L,O,SC,B.Tech,2025,4
'03200,"Hope Foundation and research center's Finolex Academy of Management and Technology, Ratnagiri",'0320037210,Electronics and Telecommunication Engg,Un-Aided,Unknown,GSEBCH,159450,37.6293706,G,H,SEBC,B.Tech,2025,4
'03200,"Hope Foundation and research center's Finolex Academy of Management and Technology, Ratnagiri",'0320050710,Chemical Engineering,Un-Aided,Unknown,GOPENH,183549,20.2849168,G,H,OPEN,B.Tech,2025,4
'03200,"Hope Foundation and research center's Finolex Academy of Management and Technology, Ratnagiri",'0320050710,Chemical Engineering,Un-Aided,Unknown,LOPENH,175944,25.7272727,L,H,OPEN,B.Tech,2025,4
'03200,"Hope Foundation and research center's Finolex Academy of Management and Technology, Ratnagiri",'0320050710,Chemical Engineering,Un-Aided,Unknown,GNT3H,183779,19.8246656,G,H,NT3,B.Tech,2025,4
'03200,"Hope Foundation and research center's Finolex Academy of Management and Technology, Ratnagiri",'0320061210,Mechanical Engineering,Un-Aided,Unknown,GOPENO,98045,68.3753318,G,O,OPEN,B.Tech,2025,4
'03200,"Hope Foundation and research center's Finolex Academy of Management and Technology, Ratnagiri",'0320061210,Mechanical Engineering,Un-Aided,Unknown,GSCO,189128,15.4704064,G,O,SC,B.Tech,2025,4
'03200,"Hope Foundation and research center's Finolex Academy of Management and Technology, Ratnagiri",'0320061210,Mechanical Engineering,Un-Aided,Unknown,GSTO,102412,66.3795642,G,O,ST,B.Tech,2025,4
'03200,"Hope Foundation and research center's Finolex Academy of Management and Technology, Ratnagiri",'0320091010,Computer Science and Engineering(Cyber Security),Un-Aided,Unknown,LOBCH,79509,75.2107280,L,H,OBC,B.Tech,2025,4
'03201,"Rizvi Education Society's Rizvi College of Engineering, Bandra,Mumbai",'0320119110,Civil Engineering,Un-Aided Religious Minority - Muslim,Unknown,GOPENH,75800,76.7635852,G,H,OPEN,B.Tech,2025,4
'03201,"Rizvi Education Society's Rizvi College of Engineering, Bandra,Mumbai",'0320124510,Computer Engineering,Un-Aided Religious Minority - Muslim,Unknown,GOPENH,37207,89.0414266,G,H,OPEN,B.Tech,2025,4
'03201,"Rizvi Education Society's Rizvi College of Engineering, Bandra,Mumbai",'0320124510,Computer Engineering,Un-Aided Religious Minority - Muslim,Unknown,LOPENH,37664,88.8689717,L,H,OPEN,B.Tech,2025,4
'03201,"Rizvi Education Society's Rizvi College of Engineering, Bandra,Mumbai",'0320161210,Mechanical Engineering,Un-Aided Religious Minority - Muslim,Unknown,GOPENH,92565,70.5005064,G,H,OPEN,B.Tech,2025,4
'03201,"Rizvi Education Society's Rizvi College of Engineering, Bandra,Mumbai",'0320161210,Mechanical Engineering,Un-Aided Religious Minority - Muslim,Unknown,LOPENH,110870,62.9184580,L,H,OPEN,B.Tech,2025,4
'03201,"Rizvi Education Society's Rizvi College of Engineering, Bandra,Mumbai",'0320190010,Electronics and Computer Science,Un-Aided Religious Minority - Muslim,Unknown,GOPENO,145102,46.3957696,G,O,OPEN,B.Tech,2025,4
'03201,"Rizvi Education Society's Rizvi College of Engineering, Bandra,Mumbai",'0320199510,Artificial Intelligence and Data Science,Un-Aided Religious Minority - Muslim,Unknown,GOPENH,38589,88.6282029,G,H,OPEN,B.Tech,2025,4
'03201,"Rizvi Education Society's Rizvi College of Engineering, Bandra,Mumbai",'0320199510,Artificial Intelligence and Data Science,Un-Aided Religious Minority - Muslim,Unknown,LOPENH,33862,90.0449693,L,H,OPEN,B.Tech,2025,4
'03202,Rajendra Mane College of Engineering & Technology Ambav Deorukh,'0320224510,Computer Engineering,Un-Aided,Unknown,GOPENH,149513,43.5338318,G,H,OPEN,B.Tech,2025,4
'03202,Rajendra Mane College of Engineering & Technology Ambav Deorukh,'0320224510,Computer Engineering,Un-Aided,Unknown,GOBCH,179897,22.8933117,G,H,OBC,B.Tech,2025,4
'03202,Rajendra Mane College of Engineering & Technology Ambav Deorukh,'0320224510,Computer Engineering,Un-Aided,Unknown,LOBCH,86449,72.7429418,L,H,OBC,B.Tech,2025,4
'03202,Rajendra Mane College of Engineering & Technology Ambav Deorukh,'0320224510,Computer Engineering,Un-Aided,Unknown,GSCH,182508,21.5408750,G,H,SC,B.Tech,2025,4
'03202,Rajendra Mane College of Engineering & Technology Ambav Deorukh,'0320224510,Computer Engineering,Un-Aided,Unknown,GVJH,182651,21.3037657,G,H,VJ,B.Tech,2025,4
'03202,Rajendra Mane College of Engineering & Technology Ambav Deorukh,'0320224510,Computer Engineering,Un-Aided,Unknown,GNT2H,183364,20.3327444,G,H,NT2,B.Tech,2025,4
'03202,Rajendra Mane College of Engineering & Technology Ambav Deorukh,'0320261210,Mechanical Engineering,Un-Aided,Unknown,GOPENO,201239,3.3856527,G,O,OPEN,B.Tech,2025,4
'03202,Rajendra Mane College of Engineering & Technology Ambav Deorukh,'0320290010,Electronics and Computer Science,Un-Aided,Unknown,GNT2H,199137,5.7167832,G,H,NT2,B.Tech,2025,4
'03202,Rajendra Mane College of Engineering & Technology Ambav Deorukh,'0320290010,Electronics and Computer Science,Un-Aided,Unknown,LSCH,126976,55.4922986,L,H,SC,B.Tech,2025,4
'03203,"Atharva College of Engineering,Malad(West),Mumbai",'0320324510,Computer Engineering,Un-Aided,Unknown,GOPENH,25110,92.6886627,G,H,OPEN,B.Tech,2025,4
'03203,"Atharva College of Engineering,Malad(West),Mumbai",'0320324510,Computer Engineering,Un-Aided,Unknown,GSCH,28782,91.5650868,G,H,SC,B.Tech,2025,4
'03203,"Atharva College of Engineering,Malad(West),Mumbai",'0320324510,Computer Engineering,Un-Aided,Unknown,GNT2H,38698,88.5573886,G,H,NT2,B.Tech,2025,4
'03203,"Atharva College of Engineering,Malad(West),Mumbai",'0320324510,Computer Engineering,Un-Aided,Unknown,GOBCH,29924,91.2937063,G,H,OBC,B.Tech,2025,4
'03203,"Atharva College of Engineering,Malad(West),Mumbai",'0320324510,Computer Engineering,Un-Aided,Unknown,LOPENH,20609,94.0000000,L,H,OPEN,B.Tech,2025,4
'03203,"Atharva College of Engineering,Malad(West),Mumbai",'0320324510,Computer Engineering,Un-Aided,Unknown,LVJH,173888,28.3031822,L,H,VJ,B.Tech,2025,4
'03203,"Atharva College of Engineering,Malad(West),Mumbai",'0320324510,Computer Engineering,Un-Aided,Unknown,LOBCH,34800,89.8231024,L,H,OBC,B.Tech,2025,4
'03203,"Atharva College of Engineering,Malad(West),Mumbai",'0320324610,Information Technology,Un-Aided,Unknown,GOPENH,31337,90.8461538,G,H,OPEN,B.Tech,2025,4
'03203,"Atharva College of Engineering,Malad(West),Mumbai",'0320324610,Information Technology,Un-Aided,Unknown,GSCH,52042,84.4752545,G,H,SC,B.Tech,2025,4
'03203,"Atharva College of Engineering,Malad(West),Mumbai",'0320324610,Information Technology,Un-Aided,Unknown,GOBCH,37354,88.9773781,G,H,OBC,B.Tech,2025,4
'03203,"Atharva College of Engineering,Malad(West),Mumbai",'0320324610,Information Technology,Un-Aided,Unknown,LOPENH,29334,91.3979682,L,H,OPEN,B.Tech,2025,4
'03203,"Atharva College of Engineering,Malad(West),Mumbai",'0320324610,Information Technology,Un-Aided,Unknown,PWDOPENH,29634,91.3084967,P,H,PWD,B.Tech,2025,4
'03203,"Atharva College of Engineering,Malad(West),Mumbai",'0320324610,Information Technology,Un-Aided,Unknown,PWDOBCH,34167,89.9860676,P,H,PWD,B.Tech,2025,4
'03203,"Atharva College of Engineering,Malad(West),Mumbai",'0320329310,Electrical Engineering,Un-Aided,Unknown,GOPENH,68263,79.3004726,G,H,OPEN,B.Tech,2025,4
'03203,"Atharva College of Engineering,Malad(West),Mumbai",'0320329310,Electrical Engineering,Un-Aided,Unknown,GNT2H,161806,35.9909439,G,H,NT2,B.Tech,2025,4
'03203,"Atharva College of Engineering,Malad(West),Mumbai",'0320329310,Electrical Engineering,Un-Aided,Unknown,GOBCH,69899,78.5819586,G,H,OBC,B.Tech,2025,4
'03203,"Atharva College of Engineering,Malad(West),Mumbai",'0320329310,Electrical Engineering,Un-Aided,Unknown,GSEBCH,128830,54.4314351,G,H,SEBC,B.Tech,2025,4
'03203,"Atharva College of Engineering,Malad(West),Mumbai",'0320329310,Electrical Engineering,Un-Aided,Unknown,LSCH,91442,70.7504568,L,H,SC,B.Tech,2025,4
'03203,"Atharva College of Engineering,Malad(West),Mumbai",'0320337210,Electronics and Telecommunication Engg,Un-Aided,Unknown,GOPENH,51671,84.5176078,G,H,OPEN,B.Tech,2025,4
'03203,"Atharva College of Engineering,Malad(West),Mumbai",'0320337210,Electronics and Telecommunication Engg,Un-Aided,Unknown,GSCH,65002,80.0000000,G,H,SC,B.Tech,2025,4
'03203,"Atharva College of Engineering,Malad(West),Mumbai",'0320337210,Electronics and Telecommunication Engg,Un-Aided,Unknown,GVJH,129154,54.4314351,G,H,VJ,B.Tech,2025,4
'03203,"Atharva College of Engineering,Malad(West),Mumbai",'0320337210,Electronics and Telecommunication Engg,Un-Aided,Unknown,GOBCH,67667,79.4832155,G,H,OBC,B.Tech,2025,4
'03203,"Atharva College of Engineering,Malad(West),Mumbai",'0320337210,Electronics and Telecommunication Engg,Un-Aided,Unknown,GSEBCH,120479,58.6907687,G,H,SEBC,B.Tech,2025,4
'03203,"Atharva College of Engineering,Malad(West),Mumbai",'0320337210,Electronics and Telecommunication Engg,Un-Aided,Unknown,LOPENH,52477,84.3018999,L,H,OPEN,B.Tech,2025,4
'03203,"Atharva College of Engineering,Malad(West),Mumbai",'0320337210,Electronics and Telecommunication Engg,Un-Aided,Unknown,LOBCH,55015,83.4741816,L,H,OBC,B.Tech,2025,4
'03203,"Atharva College of Engineering,Malad(West),Mumbai",'0320337210,Electronics and Telecommunication Engg,Un-Aided,Unknown,PWDOPENH,53987,83.7934335,P,H,PWD,B.Tech,2025,4
'03203,"Atharva College of Engineering,Malad(West),Mumbai",'0320337210,Electronics and Telecommunication Engg,Un-Aided,Unknown,PWDOBCH,66793,79.6986029,P,H,PWD,B.Tech,2025,4
'03203,"Atharva College of Engineering,Malad(West),Mumbai",'0320337210,Electronics and Telecommunication Engg,Un-Aided,Unknown,GSTH,55231,83.4378744,G,H,ST,B.Tech,2025,4
'03203,"Atharva College of Engineering,Malad(West),Mumbai",'0320337210,Electronics and Telecommunication Engg,Un-Aided,Unknown,LSTH,53997,83.7934335,L,H,ST,B.Tech,2025,4
'03203,"Atharva College of Engineering,Malad(West),Mumbai",'0320390010,Electronics and Computer Science,Un-Aided,Unknown,GOPENH,40134,88.0840044,G,H,OPEN,B.Tech,2025,4
'03203,"Atharva College of Engineering,Malad(West),Mumbai",'0320390010,Electronics and Computer Science,Un-Aided,Unknown,LOPENH,37319,88.9773781,L,H,OPEN,B.Tech,2025,4
'03203,"Atharva College of Engineering,Malad(West),Mumbai",'0320390010,Electronics and Computer Science,Un-Aided,Unknown,LOBCH,47637,85.8501253,L,H,OBC,B.Tech,2025,4
'03203,"Atharva College of Engineering,Malad(West),Mumbai",'0320390010,Electronics and Computer Science,Un-Aided,Unknown,LSEBCH,115752,60.6344780,L,H,SEBC,B.Tech,2025,4
'03203,"Atharva College of Engineering,Malad(West),Mumbai",'0320390010,Electronics and Computer Science,Un-Aided,Unknown,GSTH,41727,87.6322867,G,H,ST,B.Tech,2025,4
'03203,"Atharva College of Engineering,Malad(West),Mumbai",'0320390010,Electronics and Computer Science,Un-Aided,Unknown,LSTH,40699,87.9289094,L,H,ST,B.Tech,2025,4
'03204,"St. Francis Institute of Technology,Borivali, Mumbai",'0320424510,Computer Engineering,Un-Aided Autonomous Religious Minority - Christian,Unknown,GOPENS,19345,94.4196840,G,S,OPEN,B.Tech,2025,4
'03204,"St. Francis Institute of Technology,Borivali, Mumbai",'0320424510,Computer Engineering,Un-Aided Autonomous Religious Minority - Christian,Unknown,LOPENS,17518,94.9425795,L,S,OPEN,B.Tech,2025,4
'03204,"St. Francis Institute of Technology,Borivali, Mumbai",'0320424510,Computer Engineering,Un-Aided Autonomous Religious Minority - Christian,Unknown,TFWS,16046,95.3983854,T,S,TFWS,B.Tech,2025,4
'03204,"St. Francis Institute of Technology,Borivali, Mumbai",'0320424610,Information Technology,Un-Aided Autonomous Religious Minority - Christian,Unknown,GOPENS,22917,93.3597277,G,S,OPEN,B.Tech,2025,4
'03204,"St. Francis Institute of Technology,Borivali, Mumbai",'0320424610,Information Technology,Un-Aided Autonomous Religious Minority - Christian,Unknown,LOPENS,25633,92.5367989,L,S,OPEN,B.Tech,2025,4
'03204,"St. Francis Institute of Technology,Borivali, Mumbai",'0320424610,Information Technology,Un-Aided Autonomous Religious Minority - Christian,Unknown,TFWS,19838,94.2598398,T,S,TFWS,B.Tech,2025,4
'03204,"St. Francis Institute of Technology,Borivali, Mumbai",'0320429310,Electrical Engineering,Un-Aided Autonomous Religious Minority - Christian,Unknown,GOPENS,59162,82.1319232,G,S,OPEN,B.Tech,2025,4
'03204,"St. Francis Institute of Technology,Borivali, Mumbai",'0320429310,Electrical Engineering,Un-Aided Autonomous Religious Minority - Christian,Unknown,LOPENS,63456,80.7807182,L,S,OPEN,B.Tech,2025,4
'03204,"St. Francis Institute of Technology,Borivali, Mumbai",'0320429310,Electrical Engineering,Un-Aided Autonomous Religious Minority - Christian,Unknown,MI,81405,74.6802716,M,I,MI,B.Tech,2025,4
'03204,"St. Francis Institute of Technology,Borivali, Mumbai",'0320437210,Electronics and Telecommunication Engg,Un-Aided Autonomous Religious Minority - Christian,Unknown,GOPENS,34937,89.7089209,G,S,OPEN,B.Tech,2025,4
'03204,"St. Francis Institute of Technology,Borivali, Mumbai",'0320437210,Electronics and Telecommunication Engg,Un-Aided Autonomous Religious Minority - Christian,Unknown,LOPENS,33979,90.0175917,L,S,OPEN,B.Tech,2025,4
'03204,"St. Francis Institute of Technology,Borivali, Mumbai",'0320437210,Electronics and Telecommunication Engg,Un-Aided Autonomous Religious Minority - Christian,Unknown,TFWS,46222,86.2326458,T,S,TFWS,B.Tech,2025,4
'03204,"St. Francis Institute of Technology,Borivali, Mumbai",'0320437210,Electronics and Telecommunication Engg,Un-Aided Autonomous Religious Minority - Christian,Unknown,MI,49377,85.2053352,M,I,MI,B.Tech,2025,4
'03204,"St. Francis Institute of Technology,Borivali, Mumbai",'0320461210,Mechanical Engineering,Un-Aided Autonomous Religious Minority - Christian,Unknown,GOPENS,55290,83.4378744,G,S,OPEN,B.Tech,2025,4
'03204,"St. Francis Institute of Technology,Borivali, Mumbai",'0320461210,Mechanical Engineering,Un-Aided Autonomous Religious Minority - Christian,Unknown,LOPENS,52209,84.3296195,L,S,OPEN,B.Tech,2025,4
'03204,"St. Francis Institute of Technology,Borivali, Mumbai",'0320461210,Mechanical Engineering,Un-Aided Autonomous Religious Minority - Christian,Unknown,MI,69521,78.6137148,M,I,MI,B.Tech,2025,4
'03204,"St. Francis Institute of Technology,Borivali, Mumbai",'0320490010,Electronics and Computer Science,Un-Aided Autonomous Religious Minority - Christian,Unknown,GOPENS,30205,91.0820780,G,S,OPEN,B.Tech,2025,4
'03204,"St. Francis Institute of Technology,Borivali, Mumbai",'0320490010,Electronics and Computer Science,Un-Aided Autonomous Religious Minority - Christian,Unknown,LOPENS,28737,91.6321516,L,S,OPEN,B.Tech,2025,4
'03204,"St. Francis Institute of Technology,Borivali, Mumbai",'0320490010,Electronics and Computer Science,Un-Aided Autonomous Religious Minority - Christian,Unknown,MI,189207,15.4365886,M,I,MI,B.Tech,2025,4
'03204,"St. Francis Institute of Technology,Borivali, Mumbai",'0320490010,Electronics and Computer Science,Un-Aided Autonomous Religious Minority - Christian,Unknown,TFWS,28397,91.7067224,T,S,TFWS,B.Tech,2025,4
'03204,"St. Francis Institute of Technology,Borivali, Mumbai",'0320490010,Electronics and Computer Science,Un-Aided Autonomous Religious Minority - Christian,Unknown,MI,33042,90.3035355,M,I,MI,B.Tech,2025,4
'03204,"St. Francis Institute of Technology,Borivali, Mumbai",'0320492110,Artificial Intelligence and Machine Learning,Un-Aided Autonomous Religious Minority - Christian,Unknown,GOPENS,19692,94.2944140,G,S,OPEN,B.Tech,2025,4
'03204,"St. Francis Institute of Technology,Borivali, Mumbai",'0320492110,Artificial Intelligence and Machine Learning,Un-Aided Autonomous Religious Minority - Christian,Unknown,LOPENS,21712,93.6950602,L,S,OPEN,B.Tech,2025,4
'03206,"S.S.P.M.'s College of Engineering, Kankavli",'0320624510,Computer Engineering,Un-Aided,Unknown,GOPENH,97358,68.4887011,G,H,OPEN,B.Tech,2025,4
'03206,"S.S.P.M.'s College of Engineering, Kankavli",'0320624510,Computer Engineering,Un-Aided,Unknown,GSCH,192497,12.4732664,G,H,SC,B.Tech,2025,4
'03206,"S.S.P.M.'s College of Engineering, Kankavli",'0320624510,Computer Engineering,Un-Aided,Unknown,GOBCH,132652,52.8806012,G,H,OBC,B.Tech,2025,4
'03206,"S.S.P.M.'s College of Engineering, Kankavli",'0320624510,Computer Engineering,Un-Aided,Unknown,GSCH,99738,67.8210479,G,H,SC,B.Tech,2025,4
'03206,"S.S.P.M.'s College of Engineering, Kankavli",'0320624510,Computer Engineering,Un-Aided,Unknown,GNT2H,107078,64.3871019,G,H,NT2,B.Tech,2025,4
'03206,"S.S.P.M.'s College of Engineering, Kankavli",'0320629310,Electrical Engineering,Un-Aided,Unknown,GOPENO,167723,32.1281783,G,O,OPEN,B.Tech,2025,4
'03206,"S.S.P.M.'s College of Engineering, Kankavli",'0320629310,Electrical Engineering,Un-Aided,Unknown,GOBCO,195848,9.1134840,G,O,OBC,B.Tech,2025,4
'03206,"S.S.P.M.'s College of Engineering, Kankavli",'0320656610,Computer Science,Un-Aided,Unknown,GOPENH,78205,75.6075065,G,H,OPEN,B.Tech,2025,4
'03206,"S.S.P.M.'s College of Engineering, Kankavli",'0320656610,Computer Science,Un-Aided,Unknown,GSCH,132017,53.2228937,G,H,SC,B.Tech,2025,4
'03206,"S.S.P.M.'s College of Engineering, Kankavli",'0320656610,Computer Science,Un-Aided,Unknown,GSTH,87528,72.1363369,G,H,ST,B.Tech,2025,4
'03206,"S.S.P.M.'s College of Engineering, Kankavli",'0320661210,Mechanical Engineering,Un-Aided,Unknown,GSTH,139751,49.2256217,G,H,ST,B.Tech,2025,4
'03206,"S.S.P.M.'s College of Engineering, Kankavli",'0320661210,Mechanical Engineering,Un-Aided,Unknown,LOPENH,184211,19.4484962,L,H,OPEN,B.Tech,2025,4
'03206,"S.S.P.M.'s College of Engineering, Kankavli",'0320690010,Electronics and Computer Science,Un-Aided,Unknown,GOPENO,151909,42.6339209,G,O,OPEN,B.Tech,2025,4
'03206,"S.S.P.M.'s College of Engineering, Kankavli",'0320691110,Computer Science and Engineering(Artificial Intelligence and Machine Learning),Un-Aided,Unknown,GOPENH,101264,66.9039004,G,H,OPEN,B.Tech,2025,4
'03207,"Mahatma Education Society's Pillai College of Engineering, New Panvel",'0320724510,Computer Engineering,Un-Aided Autonomous Linguistic Minority - Malyalam,Unknown,GOPENS,24210,92.9335890,G,S,OPEN,B.Tech,2025,4
'03207,"Mahatma Education Society's Pillai College of Engineering, New Panvel",'0320724510,Computer Engineering,Un-Aided Autonomous Linguistic Minority - Malyalam,Unknown,LOPENS,24807,92.7805181,L,S,OPEN,B.Tech,2025,4
'03207,"Mahatma Education Society's Pillai College of Engineering, New Panvel",'0320724510,Computer Engineering,Un-Aided Autonomous Linguistic Minority - Malyalam,Unknown,MI,62304,81.1295102,M,I,MI,B.Tech,2025,4
'03207,"Mahatma Education Society's Pillai College of Engineering, New Panvel",'0320724510,Computer Engineering,Un-Aided Autonomous Linguistic Minority - Malyalam,Unknown,MI,25793,92.4230769,M,I,MI,B.Tech,2025,4
'03207,"Mahatma Education Society's Pillai College of Engineering, New Panvel",'0320724610,Information Technology,Un-Aided Autonomous Linguistic Minority - Malyalam,Unknown,GOPENS,28999,91.5026371,G,S,OPEN,B.Tech,2025,4
'03207,"Mahatma Education Society's Pillai College of Engineering, New Panvel",'0320724610,Information Technology,Un-Aided Autonomous Linguistic Minority - Malyalam,Unknown,LOPENS,28386,91.7067224,L,S,OPEN,B.Tech,2025,4
'03207,"Mahatma Education Society's Pillai College of Engineering, New Panvel",'0320724610,Information Technology,Un-Aided Autonomous Linguistic Minority - Malyalam,Unknown,MI,34266,89.9712654,M,I,MI,B.Tech,2025,4
'03207,"Mahatma Education Society's Pillai College of Engineering, New Panvel",'0320737210,Electronics and Telecommunication Engg,Un-Aided Autonomous Linguistic Minority - Malyalam,Unknown,GOPENS,52116,84.4752545,G,S,OPEN,B.Tech,2025,4
'03207,"Mahatma Education Society's Pillai College of Engineering, New Panvel",'0320737210,Electronics and Telecommunication Engg,Un-Aided Autonomous Linguistic Minority - Malyalam,Unknown,LOPENS,50640,84.8736599,L,S,OPEN,B.Tech,2025,4
'03207,"Mahatma Education Society's Pillai College of Engineering, New Panvel",'0320737210,Electronics and Telecommunication Engg,Un-Aided Autonomous Linguistic Minority - Malyalam,Unknown,MI,64366,80.3575863,M,I,MI,B.Tech,2025,4
'03207,"Mahatma Education Society's Pillai College of Engineering, New Panvel",'0320760210,Automobile Engineering,Un-Aided Autonomous Linguistic Minority - Malyalam,Unknown,GOPENS,87396,72.1363369,G,S,OPEN,B.Tech,2025,4
'03207,"Mahatma Education Society's Pillai College of Engineering, New Panvel",'0320760210,Automobile Engineering,Un-Aided Autonomous Linguistic Minority - Malyalam,Unknown,LOPENS,119728,58.8994542,L,S,OPEN,B.Tech,2025,4
'03207,"Mahatma Education Society's Pillai College of Engineering, New Panvel",'0320760210,Automobile Engineering,Un-Aided Autonomous Linguistic Minority - Malyalam,Unknown,MI,116667,60.4221150,M,I,MI,B.Tech,2025,4
'03207,"Mahatma Education Society's Pillai College of Engineering, New Panvel",'0320761210,Mechanical Engineering,Un-Aided Autonomous Linguistic Minority - Malyalam,Unknown,GOPENS,65849,79.9072027,G,S,OPEN,B.Tech,2025,4
'03207,"Mahatma Education Society's Pillai College of Engineering, New Panvel",'0320761210,Mechanical Engineering,Un-Aided Autonomous Linguistic Minority - Malyalam,Unknown,MI,88876,71.6607627,M,I,MI,B.Tech,2025,4
'03207,"Mahatma Education Society's Pillai College of Engineering, New Panvel",'0320790010,Electronics and Computer Science,Un-Aided Autonomous Linguistic Minority - Malyalam,Unknown,GOPENS,36825,89.1476381,G,S,OPEN,B.Tech,2025,4
'03207,"Mahatma Education Society's Pillai College of Engineering, New Panvel",'0320790010,Electronics and Computer Science,Un-Aided Autonomous Linguistic Minority - Malyalam,Unknown,LOPENS,36778,89.1725752,L,S,OPEN,B.Tech,2025,4
'03207,"Mahatma Education Society's Pillai College of Engineering, New Panvel",'0320790010,Electronics and Computer Science,Un-Aided Autonomous Linguistic Minority - Malyalam,Unknown,MI,42784,87.3196408,M,I,MI,B.Tech,2025,4
'03208,"Don Bosco Institute of Technology, Mumbai",'0320824510,Computer Engineering,Un-Aided Autonomous Religious Minority - Roman Catholics,Unknown,GOPENS,19165,94.4741287,G,S,OPEN,B.Tech,2025,4
'03208,"Don Bosco Institute of Technology, Mumbai",'0320824510,Computer Engineering,Un-Aided Autonomous Religious Minority - Roman Catholics,Unknown,LOPENS,20671,93.9899228,L,S,OPEN,B.Tech,2025,4
'03208,"Don Bosco Institute of Technology, Mumbai",'0320824510,Computer Engineering,Un-Aided Autonomous Religious Minority - Roman Catholics,Unknown,MI,21414,93.8107171,M,I,MI,B.Tech,2025,4
'03208,"Don Bosco Institute of Technology, Mumbai",'0320824610,Information Technology,Un-Aided Autonomous Religious Minority - Roman Catholics,Unknown,GOPENS,22792,93.3751306,G,S,OPEN,B.Tech,2025,4
'03208,"Don Bosco Institute of Technology, Mumbai",'0320824610,Information Technology,Un-Aided Autonomous Religious Minority - Roman Catholics,Unknown,LOPENS,23159,93.2751767,L,S,OPEN,B.Tech,2025,4
'03208,"Don Bosco Institute of Technology, Mumbai",'0320824610,Information Technology,Un-Aided Autonomous Religious Minority - Roman Catholics,Unknown,MI,26150,92.3780367,M,I,MI,B.Tech,2025,4
'03208,"Don Bosco Institute of Technology, Mumbai",'0320837210,Electronics and Telecommunication Engg,Un-Aided Autonomous Religious Minority - Roman Catholics,Unknown,GOPENS,32932,90.3099038,G,S,OPEN,B.Tech,2025,4
'03208,"Don Bosco Institute of Technology, Mumbai",'0320837210,Electronics and Telecommunication Engg,Un-Aided Autonomous Religious Minority - Roman Catholics,Unknown,LOPENS,30802,90.9705380,L,S,OPEN,B.Tech,2025,4
'03208,"Don Bosco Institute of Technology, Mumbai",'0320837210,Electronics and Telecommunication Engg,Un-Aided Autonomous Religious Minority - Roman Catholics,Unknown,MI,42218,87.4135301,M,I,MI,B.Tech,2025,4
'03208,"Don Bosco Institute of Technology, Mumbai",'0320861210,Mechanical Engineering,Un-Aided Autonomous Religious Minority - Roman Catholics,Unknown,GOPENS,50445,84.8811189,G,S,OPEN,B.Tech,2025,4
'03208,"Don Bosco Institute of Technology, Mumbai",'0320861210,Mechanical Engineering,Un-Aided Autonomous Religious Minority - Roman Catholics,Unknown,LOPENS,69168,78.6729363,L,S,OPEN,B.Tech,2025,4
'03208,"Don Bosco Institute of Technology, Mumbai",'0320861210,Mechanical Engineering,Un-Aided Autonomous Religious Minority - Roman Catholics,Unknown,MI,68242,79.3004726,M,I,MI,B.Tech,2025,4
'03209,K J Somaiya Institute of Technology,'0320924510,Computer Engineering,Un-Aided Autonomous Linguistic Minority - Gujarathi,Unknown,GOPENS,11415,96.7467781,G,S,OPEN,B.Tech,2025,4
'03209,K J Somaiya Institute of Technology,'0320924510,Computer Engineering,Un-Aided Autonomous Linguistic Minority - Gujarathi,Unknown,LOPENS,13231,96.2208795,L,S,OPEN,B.Tech,2025,4
'03209,K J Somaiya Institute of Technology,'0320924510,Computer Engineering,Un-Aided Autonomous Linguistic Minority - Gujarathi,Unknown,MI,39485,88.3176594,M,I,MI,B.Tech,2025,4
'03209,K J Somaiya Institute of Technology,'0320924510,Computer Engineering,Un-Aided Autonomous Linguistic Minority - Gujarathi,Unknown,TFWS,10501,96.9785372,T,S,TFWS,B.Tech,2025,4
'03209,K J Somaiya Institute of Technology,'0320924610,Information Technology,Un-Aided Autonomous Linguistic Minority - Gujarathi,Unknown,GOPENS,16625,95.2309569,G,S,OPEN,B.Tech,2025,4
'03209,K J Somaiya Institute of Technology,'0320924610,Information Technology,Un-Aided Autonomous Linguistic Minority - Gujarathi,Unknown,LOPENS,18017,94.7837750,L,S,OPEN,B.Tech,2025,4
'03209,K J Somaiya Institute of Technology,'0320924610,Information Technology,Un-Aided Autonomous Linguistic Minority - Gujarathi,Unknown,MI,77600,75.6522650,M,I,MI,B.Tech,2025,4
'03209,K J Somaiya Institute of Technology,'0320924610,Information Technology,Un-Aided Autonomous Linguistic Minority - Gujarathi,Unknown,TFWS,12407,96.4286945,T,S,TFWS,B.Tech,2025,4
'03209,K J Somaiya Institute of Technology,'0320937210,Electronics and Telecommunication Engg,Un-Aided Autonomous Linguistic Minority - Gujarathi,Unknown,GOPENS,23017,93.2783433,G,S,OPEN,B.Tech,2025,4
'03209,K J Somaiya Institute of Technology,'0320937210,Electronics and Telecommunication Engg,Un-Aided Autonomous Linguistic Minority - Gujarathi,Unknown,LOPENS,23418,93.2031170,L,S,OPEN,B.Tech,2025,4
'03209,K J Somaiya Institute of Technology,'0320937210,Electronics and Telecommunication Engg,Un-Aided Autonomous Linguistic Minority - Gujarathi,Unknown,MI,198065,7.1251441,M,I,MI,B.Tech,2025,4
'03209,K J Somaiya Institute of Technology,'0320937210,Electronics and Telecommunication Engg,Un-Aided Autonomous Linguistic Minority - Gujarathi,Unknown,TFWS,21240,93.8574939,T,S,TFWS,B.Tech,2025,4
'03209,K J Somaiya Institute of Technology,'0320937210,Electronics and Telecommunication Engg,Un-Aided Autonomous Linguistic Minority - Gujarathi,Unknown,MI,25167,92.6752061,M,I,MI,B.Tech,2025,4
'03209,K J Somaiya Institute of Technology,'0320999510,Artificial Intelligence and Data Science,Un-Aided Autonomous Linguistic Minority - Gujarathi,Unknown,GOPENS,17779,94.8426756,G,S,OPEN,B.Tech,2025,4
'03209,K J Somaiya Institute of Technology,'0320999510,Artificial Intelligence and Data Science,Un-Aided Autonomous Linguistic Minority - Gujarathi,Unknown,LOPENS,20068,94.1814562,L,S,OPEN,B.Tech,2025,4
'03209,K J Somaiya Institute of Technology,'0320999510,Artificial Intelligence and Data Science,Un-Aided Autonomous Linguistic Minority - Gujarathi,Unknown,MI,83021,73.7482517,M,I,MI,B.Tech,2025,4
'03209,K J Somaiya Institute of Technology,'0320999510,Artificial Intelligence and Data Science,Un-Aided Autonomous Linguistic Minority - Gujarathi,Unknown,TFWS,16441,95.2524802,T,S,TFWS,B.Tech,2025,4
'03210,"Excelsior Education Society's K.C. College of Engineering and Management Studies and Research, Kopri, Thane (E)",'0321024510,Computer Engineering,Un-Aided Linguistic Minority - Punjabi,Unknown,GOPENH,47318,85.9058498,G,H,OPEN,B.Tech,2025,4
'03210,"Excelsior Education Society's K.C. College of Engineering and Management Studies and Research, Kopri, Thane (E)",'0321024510,Computer Engineering,Un-Aided Linguistic Minority - Punjabi,Unknown,LOPENH,51851,84.4950314,L,H,OPEN,B.Tech,2025,4
'03210,"Excelsior Education Society's K.C. College of Engineering and Management Studies and Research, Kopri, Thane (E)",'0321024610,Information Technology,Un-Aided Linguistic Minority - Punjabi,Unknown,GOPENH,59050,82.1358690,G,H,OPEN,B.Tech,2025,4
'03210,"Excelsior Education Society's K.C. College of Engineering and Management Studies and Research, Kopri, Thane (E)",'0321024610,Information Technology,Un-Aided Linguistic Minority - Punjabi,Unknown,LOPENH,66176,79.8919296,L,H,OPEN,B.Tech,2025,4
'03210,"Excelsior Education Society's K.C. College of Engineering and Management Studies and Research, Kopri, Thane (E)",'0321037210,Electronics and Telecommunication Engg,Un-Aided Linguistic Minority - Punjabi,Unknown,GOPENH,72767,77.5384615,G,H,OPEN,B.Tech,2025,4
'03211,"S.I.E.S. Graduate School of Technology, Nerul, Navi Mumbai",'0321124510,Computer Engineering,Un-Aided Autonomous Linguistic Minority - Tamil,Unknown,GOPENS,15601,95.5106068,G,S,OPEN,B.Tech,2025,4
'03211,"S.I.E.S. Graduate School of Technology, Nerul, Navi Mumbai",'0321124510,Computer Engineering,Un-Aided Autonomous Linguistic Minority - Tamil,Unknown,LOPENS,13337,96.1719670,L,S,OPEN,B.Tech,2025,4
'03211,"S.I.E.S. Graduate School of Technology, Nerul, Navi Mumbai",'0321124510,Computer Engineering,Un-Aided Autonomous Linguistic Minority - Tamil,Unknown,MI,129731,54.0903901,M,I,MI,B.Tech,2025,4
'03211,"S.I.E.S. Graduate School of Technology, Nerul, Navi Mumbai",'0321124510,Computer Engineering,Un-Aided Autonomous Linguistic Minority - Tamil,Unknown,MI,15609,95.5106068,M,I,MI,B.Tech,2025,4
'03211,"S.I.E.S. Graduate School of Technology, Nerul, Navi Mumbai",'0321124610,Information Technology,Un-Aided Autonomous Linguistic Minority - Tamil,Unknown,GOPENS,20724,93.9883008,G,S,OPEN,B.Tech,2025,4
'03211,"S.I.E.S. Graduate School of Technology, Nerul, Navi Mumbai",'0321124610,Information Technology,Un-Aided Autonomous Linguistic Minority - Tamil,Unknown,TFWS,19696,94.2944140,T,S,TFWS,B.Tech,2025,4
'03211,"S.I.E.S. Graduate School of Technology, Nerul, Navi Mumbai",'0321124610,Information Technology,Un-Aided Autonomous Linguistic Minority - Tamil,Unknown,MI,25796,92.4230769,M,I,MI,B.Tech,2025,4
'03211,"S.I.E.S. Graduate School of Technology, Nerul, Navi Mumbai",'0321126310,Artificial Intelligence (AI) and Data Science,Un-Aided Autonomous Linguistic Minority - Tamil,Unknown,GOPENS,19346,94.4196840,G,S,OPEN,B.Tech,2025,4
'03211,"S.I.E.S. Graduate School of Technology, Nerul, Navi Mumbai",'0321126310,Artificial Intelligence (AI) and Data Science,Un-Aided Autonomous Linguistic Minority - Tamil,Unknown,LOPENS,23390,93.2031170,L,S,OPEN,B.Tech,2025,4
'03211,"S.I.E.S. Graduate School of Technology, Nerul, Navi Mumbai",'0321137210,Electronics and Telecommunication Engg,Un-Aided Autonomous Linguistic Minority - Tamil,Unknown,GOPENS,30471,91.0675835,G,S,OPEN,B.Tech,2025,4
'03211,"S.I.E.S. Graduate School of Technology, Nerul, Navi Mumbai",'0321137210,Electronics and Telecommunication Engg,Un-Aided Autonomous Linguistic Minority - Tamil,Unknown,MI,41233,87.7787039,M,I,MI,B.Tech,2025,4
'03211,"S.I.E.S. Graduate School of Technology, Nerul, Navi Mumbai",'0321190010,Electronics and Computer Science,Un-Aided Autonomous Linguistic Minority - Tamil,Unknown,GOPENS,29139,91.4450061,G,S,OPEN,B.Tech,2025,4
'03211,"S.I.E.S. Graduate School of Technology, Nerul, Navi Mumbai",'0321190010,Electronics and Computer Science,Un-Aided Autonomous Linguistic Minority - Tamil,Unknown,LOPENS,24500,92.8770798,L,S,OPEN,B.Tech,2025,4
'03211,"S.I.E.S. Graduate School of Technology, Nerul, Navi Mumbai",'0321190010,Electronics and Computer Science,Un-Aided Autonomous Linguistic Minority - Tamil,Unknown,MI,35843,89.4898417,M,I,MI,B.Tech,2025,4
'03211,"S.I.E.S. Graduate School of Technology, Nerul, Navi Mumbai",'0321192010,Computer Science and Engineering (Internet of Things and Cyber Security Including Block Chain,Un-Aided Autonomous Linguistic Minority - Tamil,Unknown,GOPENS,19831,94.2598398,G,S,OPEN,B.Tech,2025,4
'03211,"S.I.E.S. Graduate School of Technology, Nerul, Navi Mumbai",'0321192010,Computer Science and Engineering (Internet of Things and Cyber Security Including Block Chain,Un-Aided Autonomous Linguistic Minority - Tamil,Unknown,LOPENS,23571,93.1561968,L,S,OPEN,B.Tech,2025,4
'03211,"S.I.E.S. Graduate School of Technology, Nerul, Navi Mumbai",'0321192010,Computer Science and Engineering (Internet of Things and Cyber Security Including Block Chain,Un-Aided Autonomous Linguistic Minority - Tamil,Unknown,MI,37397,88.9609194,M,I,MI,B.Tech,2025,4
'03211,"S.I.E.S. Graduate School of Technology, Nerul, Navi Mumbai",'0321192110,Artificial Intelligence and Machine Learning,Un-Aided Autonomous Linguistic Minority - Tamil,Unknown,GOPENS,19078,94.4922123,G,S,OPEN,B.Tech,2025,4
'03212,"Watumull Institute of Engineering & Technology, Ulhasnagar",'0321219110,Civil Engineering,Un-Aided Linguistic Minority - Sindhi,Unknown,GOPENH,147118,45.2322221,G,H,OPEN,B.Tech,2025,4
'03212,"Watumull Institute of Engineering & Technology, Ulhasnagar",'0321219110,Civil Engineering,Un-Aided Linguistic Minority - Sindhi,Unknown,LOPENH,147237,44.5303298,L,H,OPEN,B.Tech,2025,4
'03212,"Watumull Institute of Engineering & Technology, Ulhasnagar",'0321224510,Computer Engineering,Un-Aided Linguistic Minority - Sindhi,Unknown,GOPENH,71855,78.1688442,G,H,OPEN,B.Tech,2025,4
'03212,"Watumull Institute of Engineering & Technology, Ulhasnagar",'0321224510,Computer Engineering,Un-Aided Linguistic Minority - Sindhi,Unknown,LOPENH,77090,75.8001957,L,H,OPEN,B.Tech,2025,4
'03214,"Xavier Institute Of Engineering C/O Xavier Technical Institute,Mahim,Mumbai",'0321424510,Computer Engineering,Un-Aided Autonomous Religious Minority - Christian,Unknown,GOPENS,23216,93.2612864,G,S,OPEN,B.Tech,2025,4
'03214,"Xavier Institute Of Engineering C/O Xavier Technical Institute,Mahim,Mumbai",'0321424510,Computer Engineering,Un-Aided Autonomous Religious Minority - Christian,Unknown,LOPENS,23115,93.2751767,L,S,OPEN,B.Tech,2025,4
'03214,"Xavier Institute Of Engineering C/O Xavier Technical Institute,Mahim,Mumbai",'0321424510,Computer Engineering,Un-Aided Autonomous Religious Minority - Christian,Unknown,MI,199885,4.8178570,M,I,MI,B.Tech,2025,4
'03214,"Xavier Institute Of Engineering C/O Xavier Technical Institute,Mahim,Mumbai",'0321424510,Computer Engineering,Un-Aided Autonomous Religious Minority - Christian,Unknown,MI,27612,91.9353149,M,I,MI,B.Tech,2025,4
'03214,"Xavier Institute Of Engineering C/O Xavier Technical Institute,Mahim,Mumbai",'0321424610,Information Technology,Un-Aided Autonomous Religious Minority - Christian,Unknown,GOPENS,28190,91.7377622,G,S,OPEN,B.Tech,2025,4
'03214,"Xavier Institute Of Engineering C/O Xavier Technical Institute,Mahim,Mumbai",'0321424610,Information Technology,Un-Aided Autonomous Religious Minority - Christian,Unknown,LOPENS,29218,91.4198717,L,S,OPEN,B.Tech,2025,4
'03214,"Xavier Institute Of Engineering C/O Xavier Technical Institute,Mahim,Mumbai",'0321424610,Information Technology,Un-Aided Autonomous Religious Minority - Christian,Unknown,MI,174754,26.7336064,M,I,MI,B.Tech,2025,4
'03214,"Xavier Institute Of Engineering C/O Xavier Technical Institute,Mahim,Mumbai",'0321424610,Information Technology,Un-Aided Autonomous Religious Minority - Christian,Unknown,TFWS,22805,93.3751306,T,S,TFWS,B.Tech,2025,4
'03214,"Xavier Institute Of Engineering C/O Xavier Technical Institute,Mahim,Mumbai",'0321424610,Information Technology,Un-Aided Autonomous Religious Minority - Christian,Unknown,MI,31380,90.8403987,M,I,MI,B.Tech,2025,4
'03214,"Xavier Institute Of Engineering C/O Xavier Technical Institute,Mahim,Mumbai",'0321484410,Electronics and Computer Engineering,Un-Aided Autonomous Religious Minority - Christian,Unknown,GOPENS,36142,89.2945239,G,S,OPEN,B.Tech,2025,4
'03214,"Xavier Institute Of Engineering C/O Xavier Technical Institute,Mahim,Mumbai",'0321484410,Electronics and Computer Engineering,Un-Aided Autonomous Religious Minority - Christian,Unknown,LOPENS,43486,87.0323929,L,S,OPEN,B.Tech,2025,4
'03214,"Xavier Institute Of Engineering C/O Xavier Technical Institute,Mahim,Mumbai",'0321484410,Electronics and Computer Engineering,Un-Aided Autonomous Religious Minority - Christian,Unknown,MI,39175,88.4967904,M,I,MI,B.Tech,2025,4
'03214,"Xavier Institute Of Engineering C/O Xavier Technical Institute,Mahim,Mumbai",'0321492010,Computer Science and Engineering (Internet of Things and Cyber Security Including Block Chain,Un-Aided Autonomous Religious Minority - Christian,Unknown,GOPENS,29541,91.3131313,G,S,OPEN,B.Tech,2025,4
'03214,"Xavier Institute Of Engineering C/O Xavier Technical Institute,Mahim,Mumbai",'0321492010,Computer Science and Engineering (Internet of Things and Cyber Security Including Block Chain,Un-Aided Autonomous Religious Minority - Christian,Unknown,LOPENS,27415,92.0330624,L,S,OPEN,B.Tech,2025,4
'03214,"Xavier Institute Of Engineering C/O Xavier Technical Institute,Mahim,Mumbai",'0321492010,Computer Science and Engineering (Internet of Things and Cyber Security Including Block Chain,Un-Aided Autonomous Religious Minority - Christian,Unknown,TFWS,30842,90.9705380,T,S,TFWS,B.Tech,2025,4
'03214,"Xavier Institute Of Engineering C/O Xavier Technical Institute,Mahim,Mumbai",'0321492010,Computer Science and Engineering (Internet of Things and Cyber Security Including Block Chain,Un-Aided Autonomous Religious Minority - Christian,Unknown,MI,33627,90.1133687,M,I,MI,B.Tech,2025,4
'03215,"Bhartiya Vidya Bhavan's Sardar Patel Institute of Technology , Andheri, Mumbai",'0321524210,Computer Science and Engineering,Un-Aided Autonomous,Unknown,GOPENS,1134,99.6068796,G,S,OPEN,B.Tech,2025,4
'03215,"Bhartiya Vidya Bhavan's Sardar Patel Institute of Technology , Andheri, Mumbai",'0321524210,Computer Science and Engineering,Un-Aided Autonomous,Unknown,GNT2S,4776,98.5969299,G,S,NT2,B.Tech,2025,4
'03215,"Bhartiya Vidya Bhavan's Sardar Patel Institute of Technology , Andheri, Mumbai",'0321524210,Computer Science and Engineering,Un-Aided Autonomous,Unknown,GNT3S,3176,99.0376324,G,S,NT3,B.Tech,2025,4
'03215,"Bhartiya Vidya Bhavan's Sardar Patel Institute of Technology , Andheri, Mumbai",'0321524210,Computer Science and Engineering,Un-Aided Autonomous,Unknown,GOBCS,1606,99.4760923,G,S,OBC,B.Tech,2025,4
'03215,"Bhartiya Vidya Bhavan's Sardar Patel Institute of Technology , Andheri, Mumbai",'0321524210,Computer Science and Engineering,Un-Aided Autonomous,Unknown,GSEBCS,1613,99.4760923,G,S,SEBC,B.Tech,2025,4
'03215,"Bhartiya Vidya Bhavan's Sardar Patel Institute of Technology , Andheri, Mumbai",'0321524210,Computer Science and Engineering,Un-Aided Autonomous,Unknown,LSCS,13756,96.0454545,L,S,SC,B.Tech,2025,4
'03215,"Bhartiya Vidya Bhavan's Sardar Patel Institute of Technology , Andheri, Mumbai",'0321524210,Computer Science and Engineering,Un-Aided Autonomous,Unknown,LOBCS,3745,98.8843500,L,S,OBC,B.Tech,2025,4
'03215,"Bhartiya Vidya Bhavan's Sardar Patel Institute of Technology , Andheri, Mumbai",'0321524210,Computer Science and Engineering,Un-Aided Autonomous,Unknown,LSEBCS,4264,98.7329183,L,S,SEBC,B.Tech,2025,4
'03215,"Bhartiya Vidya Bhavan's Sardar Patel Institute of Technology , Andheri, Mumbai",'0321524510,Computer Engineering,Un-Aided Autonomous,Unknown,GOPENS,1204,99.5904735,G,S,OPEN,B.Tech,2025,4
'03215,"Bhartiya Vidya Bhavan's Sardar Patel Institute of Technology , Andheri, Mumbai",'0321524510,Computer Engineering,Un-Aided Autonomous,Unknown,GVJS,3995,98.8156946,G,S,VJ,B.Tech,2025,4
'03215,"Bhartiya Vidya Bhavan's Sardar Patel Institute of Technology , Andheri, Mumbai",'0321524510,Computer Engineering,Un-Aided Autonomous,Unknown,GNT3S,3099,99.0556065,G,S,NT3,B.Tech,2025,4
'03215,"Bhartiya Vidya Bhavan's Sardar Patel Institute of Technology , Andheri, Mumbai",'0321524510,Computer Engineering,Un-Aided Autonomous,Unknown,GOBCS,1883,99.3956503,G,S,OBC,B.Tech,2025,4
'03215,"Bhartiya Vidya Bhavan's Sardar Patel Institute of Technology , Andheri, Mumbai",'0321524510,Computer Engineering,Un-Aided Autonomous,Unknown,GSEBCS,2409,99.2485911,G,S,SEBC,B.Tech,2025,4
'03215,"Bhartiya Vidya Bhavan's Sardar Patel Institute of Technology , Andheri, Mumbai",'0321524510,Computer Engineering,Un-Aided Autonomous,Unknown,LOPENS,1736,99.4474935,L,S,OPEN,B.Tech,2025,4
'03215,"Bhartiya Vidya Bhavan's Sardar Patel Institute of Technology , Andheri, Mumbai",'0321524510,Computer Engineering,Un-Aided Autonomous,Unknown,LSCS,14779,95.7536628,L,S,SC,B.Tech,2025,4
'03215,"Bhartiya Vidya Bhavan's Sardar Patel Institute of Technology , Andheri, Mumbai",'0321524510,Computer Engineering,Un-Aided Autonomous,Unknown,LSTS,67791,79.3730892,L,S,ST,B.Tech,2025,4
'03215,"Bhartiya Vidya Bhavan's Sardar Patel Institute of Technology , Andheri, Mumbai",'0321524510,Computer Engineering,Un-Aided Autonomous,Unknown,LOBCS,3831,98.8487188,L,S,OBC,B.Tech,2025,4
'03215,"Bhartiya Vidya Bhavan's Sardar Patel Institute of Technology , Andheri, Mumbai",'0321524510,Computer Engineering,Un-Aided Autonomous,Unknown,LSEBCS,6675,98.0845148,L,S,SEBC,B.Tech,2025,4
'03215,"Bhartiya Vidya Bhavan's Sardar Patel Institute of Technology , Andheri, Mumbai",'0321524510,Computer Engineering,Un-Aided Autonomous,Unknown,DEFOPENS,5571,98.3713584,D,S,OPEN,B.Tech,2025,4
'03215,"Bhartiya Vidya Bhavan's Sardar Patel Institute of Technology , Andheri, Mumbai",'0321524510,Computer Engineering,Un-Aided Autonomous,Unknown,DEFROBCS,9750,97.2163775,D,S,OBC,B.Tech,2025,4
'03215,"Bhartiya Vidya Bhavan's Sardar Patel Institute of Technology , Andheri, Mumbai",'0321524510,Computer Engineering,Un-Aided Autonomous,Unknown,EWS,3509,98.9411355,E,S,EWS,B.Tech,2025,4
'03215,"Bhartiya Vidya Bhavan's Sardar Patel Institute of Technology , Andheri, Mumbai",'0321537210,Electronics and Telecommunication Engg,Un-Aided Autonomous,Unknown,GOPENS,2226,99.3006993,G,S,OPEN,B.Tech,2025,4
'03215,"Bhartiya Vidya Bhavan's Sardar Patel Institute of Technology , Andheri, Mumbai",'0321537210,Electronics and Telecommunication Engg,Un-Aided Autonomous,Unknown,GSCS,13840,96.0008239,G,S,SC,B.Tech,2025,4
'03215,"Bhartiya Vidya Bhavan's Sardar Patel Institute of Technology , Andheri, Mumbai",'0321537210,Electronics and Telecommunication Engg,Un-Aided Autonomous,Unknown,GOBCS,3828,98.8487188,G,S,OBC,B.Tech,2025,4
'03215,"Bhartiya Vidya Bhavan's Sardar Patel Institute of Technology , Andheri, Mumbai",'0321537210,Electronics and Telecommunication Engg,Un-Aided Autonomous,Unknown,GSEBCS,5490,98.4064020,G,S,SEBC,B.Tech,2025,4
'03215,"Bhartiya Vidya Bhavan's Sardar Patel Institute of Technology , Andheri, Mumbai",'0321537210,Electronics and Telecommunication Engg,Un-Aided Autonomous,Unknown,LOPENS,3510,98.9411355,L,S,OPEN,B.Tech,2025,4
'03215,"Bhartiya Vidya Bhavan's Sardar Patel Institute of Technology , Andheri, Mumbai",'0321537210,Electronics and Telecommunication Engg,Un-Aided Autonomous,Unknown,LSCS,19707,94.2944140,L,S,SC,B.Tech,2025,4
'03215,"Bhartiya Vidya Bhavan's Sardar Patel Institute of Technology , Andheri, Mumbai",'0321537210,Electronics and Telecommunication Engg,Un-Aided Autonomous,Unknown,PWDOPENS,92821,70.5005064,P,S,PWD,B.Tech,2025,4
'03215,"Bhartiya Vidya Bhavan's Sardar Patel Institute of Technology , Andheri, Mumbai",'0321537210,Electronics and Telecommunication Engg,Un-Aided Autonomous,Unknown,DEFOPENS,6024,98.2592149,D,S,OPEN,B.Tech,2025,4
'03215,"Bhartiya Vidya Bhavan's Sardar Patel Institute of Technology , Andheri, Mumbai",'0321537210,Electronics and Telecommunication Engg,Un-Aided Autonomous,Unknown,EWS,6158,98.2046366,E,S,EWS,B.Tech,2025,4
'03215,"Bhartiya Vidya Bhavan's Sardar Patel Institute of Technology , Andheri, Mumbai",'0321537210,Electronics and Telecommunication Engg,Un-Aided Autonomous,Unknown,ORPHAN,2237,99.3003951,O,N,ORPHAN,B.Tech,2025,4
'03216,"Gharda Foundation's Gharda Institute of Technology,Khed, Ratnagiri",'0321619110,Civil Engineering,Un-Aided,Unknown,GOPENH,186020,18.4184219,G,H,OPEN,B.Tech,2025,4
'03216,"Gharda Foundation's Gharda Institute of Technology,Khed, Ratnagiri",'0321624510,Computer Engineering,Un-Aided,Unknown,PWDOPENH,120572,58.6907687,P,H,PWD,B.Tech,2025,4
'03216,"Gharda Foundation's Gharda Institute of Technology,Khed, Ratnagiri",'0321624510,Computer Engineering,Un-Aided,Unknown,PWDOBCH,144788,46.6242967,P,H,PWD,B.Tech,2025,4
'03216,"Gharda Foundation's Gharda Institute of Technology,Khed, Ratnagiri",'0321637210,Electronics and Telecommunication Engg,Un-Aided,Unknown,GOPENH,166316,32.5553935,G,H,OPEN,B.Tech,2025,4
'03216,"Gharda Foundation's Gharda Institute of Technology,Khed, Ratnagiri",'0321637210,Electronics and Telecommunication Engg,Un-Aided,Unknown,GOBCH,194696,10.4152841,G,H,OBC,B.Tech,2025,4
'03216,"Gharda Foundation's Gharda Institute of Technology,Khed, Ratnagiri",'0321650710,Chemical Engineering,Un-Aided,Unknown,GSCH,130881,53.6771201,G,H,SC,B.Tech,2025,4
'03216,"Gharda Foundation's Gharda Institute of Technology,Khed, Ratnagiri",'0321650710,Chemical Engineering,Un-Aided,Unknown,LSEBCH,138557,49.6043895,L,H,SEBC,B.Tech,2025,4
'03216,"Gharda Foundation's Gharda Institute of Technology,Khed, Ratnagiri",'0321661210,Mechanical Engineering,Un-Aided,Unknown,GOBCO,199017,5.8085422,G,O,OBC,B.Tech,2025,4
'03216,"Gharda Foundation's Gharda Institute of Technology,Khed, Ratnagiri",'0321661210,Mechanical Engineering,Un-Aided,Unknown,GNT2O,114074,61.5619516,G,O,NT2,B.Tech,2025,4
'03216,"Gharda Foundation's Gharda Institute of Technology,Khed, Ratnagiri",'0321661210,Mechanical Engineering,Un-Aided,Unknown,LSCO,170733,29.5314685,L,O,SC,B.Tech,2025,4
'03216,"Gharda Foundation's Gharda Institute of Technology,Khed, Ratnagiri",'0321691110,Computer Science and Engineering(Artificial Intelligence and Machine Learning),Un-Aided,Unknown,GSEBCO,98010,68.3753318,G,O,SEBC,B.Tech,2025,4
'03217,"Vighnaharata Trust's Shivajirao S. Jondhale College of Engineering & Technology, Shahapur, Asangaon, Dist Thane",'0321719110,Civil Engineering,Un-Aided,Unknown,GSCH,119118,59.1762367,G,H,SC,B.Tech,2025,4
'03217,"Vighnaharata Trust's Shivajirao S. Jondhale College of Engineering & Technology, Shahapur, Asangaon, Dist Thane",'0321719110,Civil Engineering,Un-Aided,Unknown,LOBCH,152342,42.2674623,L,H,OBC,B.Tech,2025,4
'03217,"Vighnaharata Trust's Shivajirao S. Jondhale College of Engineering & Technology, Shahapur, Asangaon, Dist Thane",'0321719110,Civil Engineering,Un-Aided,Unknown,GNT1H,107143,64.3453843,G,H,NT1,B.Tech,2025,4
'03217,"Vighnaharata Trust's Shivajirao S. Jondhale College of Engineering & Technology, Shahapur, Asangaon, Dist Thane",'0321719110,Civil Engineering,Un-Aided,Unknown,GNT2H,133461,52.3622324,G,H,NT2,B.Tech,2025,4
'03217,"Vighnaharata Trust's Shivajirao S. Jondhale College of Engineering & Technology, Shahapur, Asangaon, Dist Thane",'0321724510,Computer Engineering,Un-Aided,Unknown,LOBCO,186364,18.1456181,L,O,OBC,B.Tech,2025,4
'03217,"Vighnaharata Trust's Shivajirao S. Jondhale College of Engineering & Technology, Shahapur, Asangaon, Dist Thane",'0321737210,Electronics and Telecommunication Engg,Un-Aided,Unknown,GOPENH,115284,60.8775137,G,H,OPEN,B.Tech,2025,4
'03217,"Vighnaharata Trust's Shivajirao S. Jondhale College of Engineering & Technology, Shahapur, Asangaon, Dist Thane",'0321737210,Electronics and Telecommunication Engg,Un-Aided,Unknown,GSCH,184286,19.2944893,G,H,SC,B.Tech,2025,4
'03217,"Vighnaharata Trust's Shivajirao S. Jondhale College of Engineering & Technology, Shahapur, Asangaon, Dist Thane",'0321737210,Electronics and Telecommunication Engg,Un-Aided,Unknown,LOPENH,101141,66.9498069,L,H,OPEN,B.Tech,2025,4
'03217,"Vighnaharata Trust's Shivajirao S. Jondhale College of Engineering & Technology, Shahapur, Asangaon, Dist Thane",'0321737210,Electronics and Telecommunication Engg,Un-Aided,Unknown,LSCH,162904,35.6771832,L,H,SC,B.Tech,2025,4
'03217,"Vighnaharata Trust's Shivajirao S. Jondhale College of Engineering & Technology, Shahapur, Asangaon, Dist Thane",'0321737210,Electronics and Telecommunication Engg,Un-Aided,Unknown,LOBCH,126211,55.6405756,L,H,OBC,B.Tech,2025,4
'03217,"Vighnaharata Trust's Shivajirao S. Jondhale College of Engineering & Technology, Shahapur, Asangaon, Dist Thane",'0321737210,Electronics and Telecommunication Engg,Un-Aided,Unknown,PWDOPENH,107651,64.2631037,P,H,PWD,B.Tech,2025,4
'03217,"Vighnaharata Trust's Shivajirao S. Jondhale College of Engineering & Technology, Shahapur, Asangaon, Dist Thane",'0321761210,Mechanical Engineering,Un-Aided,Unknown,GOPENH,192898,11.8670556,G,H,OPEN,B.Tech,2025,4
'03217,"Vighnaharata Trust's Shivajirao S. Jondhale College of Engineering & Technology, Shahapur, Asangaon, Dist Thane",'0321761210,Mechanical Engineering,Un-Aided,Unknown,GSCH,200121,4.5709952,G,H,SC,B.Tech,2025,4
'03217,"Vighnaharata Trust's Shivajirao S. Jondhale College of Engineering & Technology, Shahapur, Asangaon, Dist Thane",'0321761210,Mechanical Engineering,Un-Aided,Unknown,GOBCH,195808,9.1134840,G,H,OBC,B.Tech,2025,4
'03217,"Vighnaharata Trust's Shivajirao S. Jondhale College of Engineering & Technology, Shahapur, Asangaon, Dist Thane",'0321791610,Automation and Robotics,Un-Aided,Unknown,GOPENH,110414,63.2914656,G,H,OPEN,B.Tech,2025,4
'03217,"Vighnaharata Trust's Shivajirao S. Jondhale College of Engineering & Technology, Shahapur, Asangaon, Dist Thane",'0321791610,Automation and Robotics,Un-Aided,Unknown,GOBCH,155375,39.9024730,G,H,OBC,B.Tech,2025,4
'03217,"Vighnaharata Trust's Shivajirao S. Jondhale College of Engineering & Technology, Shahapur, Asangaon, Dist Thane",'0321791610,Automation and Robotics,Un-Aided,Unknown,GVJH,171597,29.0442453,G,H,VJ,B.Tech,2025,4
'03217,"Vighnaharata Trust's Shivajirao S. Jondhale College of Engineering & Technology, Shahapur, Asangaon, Dist Thane",'0321791610,Automation and Robotics,Un-Aided,Unknown,GNT1H,160054,36.5248856,G,H,NT1,B.Tech,2025,4
'03217,"Vighnaharata Trust's Shivajirao S. Jondhale College of Engineering & Technology, Shahapur, Asangaon, Dist Thane",'0321791610,Automation and Robotics,Un-Aided,Unknown,LSTH,159090,37.6293706,L,H,ST,B.Tech,2025,4
'03218,"Aldel Education Trust's St. John College of Engineering & Management, Vevoor, Palghar",'0321819110,Civil Engineering,Un-Aided Autonomous Religious Minority - Christian,Unknown,GOPENS,154467,40.0936536,G,S,OPEN,B.Tech,2025,4
'03218,"Aldel Education Trust's St. John College of Engineering & Management, Vevoor, Palghar",'0321819110,Civil Engineering,Un-Aided Autonomous Religious Minority - Christian,Unknown,MI,192476,12.4732664,M,I,MI,B.Tech,2025,4
'03218,"Aldel Education Trust's St. John College of Engineering & Management, Vevoor, Palghar",'0321824510,Computer Engineering,Un-Aided Autonomous Religious Minority - Christian,Unknown,GOPENS,67414,79.6033896,G,S,OPEN,B.Tech,2025,4
'03218,"Aldel Education Trust's St. John College of Engineering & Management, Vevoor, Palghar",'0321824510,Computer Engineering,Un-Aided Autonomous Religious Minority - Christian,Unknown,LOPENS,78219,75.6075065,L,S,OPEN,B.Tech,2025,4
'03218,"Aldel Education Trust's St. John College of Engineering & Management, Vevoor, Palghar",'0321824510,Computer Engineering,Un-Aided Autonomous Religious Minority - Christian,Unknown,MI,90418,71.4755245,M,I,MI,B.Tech,2025,4
'03218,"Aldel Education Trust's St. John College of Engineering & Management, Vevoor, Palghar",'0321824610,Information Technology,Un-Aided Autonomous Religious Minority - Christian,Unknown,GOPENS,88049,71.8498844,G,S,OPEN,B.Tech,2025,4
'03218,"Aldel Education Trust's St. John College of Engineering & Management, Vevoor, Palghar",'0321824610,Information Technology,Un-Aided Autonomous Religious Minority - Christian,Unknown,LOPENS,82058,74.0630785,L,S,OPEN,B.Tech,2025,4
'03218,"Aldel Education Trust's St. John College of Engineering & Management, Vevoor, Palghar",'0321824610,Information Technology,Un-Aided Autonomous Religious Minority - Christian,Unknown,MI,90496,71.4755245,M,I,MI,B.Tech,2025,4
'03218,"Aldel Education Trust's St. John College of Engineering & Management, Vevoor, Palghar",'0321861210,Mechanical Engineering,Un-Aided Autonomous Religious Minority - Christian,Unknown,GOPENS,129350,54.1537389,G,S,OPEN,B.Tech,2025,4
'03218,"Aldel Education Trust's St. John College of Engineering & Management, Vevoor, Palghar",'0321861210,Mechanical Engineering,Un-Aided Autonomous Religious Minority - Christian,Unknown,LOPENS,95265,69.3295893,L,S,OPEN,B.Tech,2025,4
'03218,"Aldel Education Trust's St. John College of Engineering & Management, Vevoor, Palghar",'0321861210,Mechanical Engineering,Un-Aided Autonomous Religious Minority - Christian,Unknown,LOPENS,113637,61.6834321,L,S,OPEN,B.Tech,2025,4
'03218,"Aldel Education Trust's St. John College of Engineering & Management, Vevoor, Palghar",'0321861210,Mechanical Engineering,Un-Aided Autonomous Religious Minority - Christian,Unknown,MI,148329,8.6241811,M,I,MI,B.Tech,2025,4
'03218,"Aldel Education Trust's St. John College of Engineering & Management, Vevoor, Palghar",'0321890010,Electronics and Computer Science,Un-Aided Autonomous Religious Minority - Christian,Unknown,GOPENS,100247,67.2177090,G,S,OPEN,B.Tech,2025,4
'03218,"Aldel Education Trust's St. John College of Engineering & Management, Vevoor, Palghar",'0321890010,Electronics and Computer Science,Un-Aided Autonomous Religious Minority - Christian,Unknown,MI,102108,66.3866132,M,I,MI,B.Tech,2025,4
'03218,"Aldel Education Trust's St. John College of Engineering & Management, Vevoor, Palghar",'0321891210,Computer Science and Engineering(Data Science),Un-Aided Autonomous Religious Minority - Christian,Unknown,GOPENS,27073,92.0769231,G,S,OPEN,B.Tech,2025,4
'03218,"Aldel Education Trust's St. John College of Engineering & Management, Vevoor, Palghar",'0321891210,Computer Science and Engineering(Data Science),Un-Aided Autonomous Religious Minority - Christian,Unknown,MI,86918,72.6730266,M,I,MI,B.Tech,2025,4
'03218,"Aldel Education Trust's St. John College of Engineering & Management, Vevoor, Palghar",'0321892110,Artificial Intelligence and Machine Learning,Un-Aided Autonomous Religious Minority - Christian,Unknown,GOPENS,55830,83.2058578,G,S,OPEN,B.Tech,2025,4
'03218,"Aldel Education Trust's St. John College of Engineering & Management, Vevoor, Palghar",'0321892110,Artificial Intelligence and Machine Learning,Un-Aided Autonomous Religious Minority - Christian,Unknown,MI,82176,74.0094972,M,I,MI,B.Tech,2025,4
'03219,"Koti Vidya Charitable Trust's Smt. Alamuri Ratnamala Institute of Engineering and Technology, Sapgaon, Tal. Shahapur",'0321924510,Computer Engineering,Un-Aided Linguistic Minority - Hindi,Unknown,GOPENH,136454,50.7016833,G,H,OPEN,B.Tech,2025,4
'03219,"Koti Vidya Charitable Trust's Smt. Alamuri Ratnamala Institute of Engineering and Technology, Sapgaon, Tal. Shahapur",'0321924610,Information Technology,Un-Aided Linguistic Minority - Hindi,Unknown,GOPENH,101495,66.9039004,G,H,OPEN,B.Tech,2025,4
'03219,"Koti Vidya Charitable Trust's Smt. Alamuri Ratnamala Institute of Engineering and Technology, Sapgaon, Tal. Shahapur",'0321924610,Information Technology,Un-Aided Linguistic Minority - Hindi,Unknown,LOPENH,177164,25.2088452,L,H,OPEN,B.Tech,2025,4
'03219,"Koti Vidya Charitable Trust's Smt. Alamuri Ratnamala Institute of Engineering and Technology, Sapgaon, Tal. Shahapur",'0321937210,Electronics and Telecommunication Engg,Un-Aided Linguistic Minority - Hindi,Unknown,LOPENO,125500,56.2929777,L,O,OPEN,B.Tech,2025,4
'03219,"Koti Vidya Charitable Trust's Smt. Alamuri Ratnamala Institute of Engineering and Technology, Sapgaon, Tal. Shahapur",'0321961210,Mechanical Engineering,Un-Aided Linguistic Minority - Hindi,Unknown,TFWS,89681,71.5562808,T,S,TFWS,B.Tech,2025,4
'03219,"Koti Vidya Charitable Trust's Smt. Alamuri Ratnamala Institute of Engineering and Technology, Sapgaon, Tal. Shahapur",'0321991110,Computer Science and Engineering(Artificial Intelligence and Machine Learning),Un-Aided Linguistic Minority - Hindi,Unknown,GOPENH,65336,79.9894700,G,H,OPEN,B.Tech,2025,4
'03219,"Koti Vidya Charitable Trust's Smt. Alamuri Ratnamala Institute of Engineering and Technology, Sapgaon, Tal. Shahapur",'0321991110,Computer Science and Engineering(Artificial Intelligence and Machine Learning),Un-Aided Linguistic Minority - Hindi,Unknown,LOPENH,128177,54.5872518,L,H,OPEN,B.Tech,2025,4
'03219,"Koti Vidya Charitable Trust's Smt. Alamuri Ratnamala Institute of Engineering and Technology, Sapgaon, Tal. Shahapur",'0321991110,Computer Science and Engineering(Artificial Intelligence and Machine Learning),Un-Aided Linguistic Minority - Hindi,Unknown,LOPENH,100216,67.2177090,L,H,OPEN,B.Tech,2025,4
'03220,Yadavrao Tasgaonkar College of Engineering & Management,'0322024510,Computer Engineering,Un-Aided,Unknown,GOPENH,109174,63.5767823,G,H,OPEN,B.Tech,2025,4
'03220,Yadavrao Tasgaonkar College of Engineering & Management,'0322024510,Computer Engineering,Un-Aided,Unknown,LOPENH,124638,56.6213771,L,H,OPEN,B.Tech,2025,4
'03220,Yadavrao Tasgaonkar College of Engineering & Management,'0322024510,Computer Engineering,Un-Aided,Unknown,LSCH,191914,13.0166500,L,H,SC,B.Tech,2025,4
'03220,Yadavrao Tasgaonkar College of Engineering & Management,'0322024510,Computer Engineering,Un-Aided,Unknown,GNT2H,120955,58.4401523,G,H,NT2,B.Tech,2025,4
'03220,Yadavrao Tasgaonkar College of Engineering & Management,'0322024510,Computer Engineering,Un-Aided,Unknown,GSEBCH,114624,60.9090909,G,H,SEBC,B.Tech,2025,4
'03220,Yadavrao Tasgaonkar College of Engineering & Management,'0322024610,Information Technology,Un-Aided,Unknown,GOPENH,134447,51.7009371,G,H,OPEN,B.Tech,2025,4
'03220,Yadavrao Tasgaonkar College of Engineering & Management,'0322024610,Information Technology,Un-Aided,Unknown,LOBCH,187680,16.5233632,L,H,OBC,B.Tech,2025,4
'03220,Yadavrao Tasgaonkar College of Engineering & Management,'0322024610,Information Technology,Un-Aided,Unknown,GSTH,176136,25.7272727,G,H,ST,B.Tech,2025,4
'03220,Yadavrao Tasgaonkar College of Engineering & Management,'0322024610,Information Technology,Un-Aided,Unknown,GVJH,177276,25.0722391,G,H,VJ,B.Tech,2025,4
'03220,Yadavrao Tasgaonkar College of Engineering & Management,'0322024610,Information Technology,Un-Aided,Unknown,GSEBCH,180900,22.1740686,G,H,SEBC,B.Tech,2025,4
'03220,Yadavrao Tasgaonkar College of Engineering & Management,'0322025210,Cyber Security,Un-Aided,Unknown,GOPENH,88083,71.8498844,G,H,OPEN,B.Tech,2025,4
'03220,Yadavrao Tasgaonkar College of Engineering & Management,'0322025210,Cyber Security,Un-Aided,Unknown,GSTH,130462,53.7591782,G,H,ST,B.Tech,2025,4
'03220,Yadavrao Tasgaonkar College of Engineering & Management,'0322025210,Cyber Security,Un-Aided,Unknown,LSTH,123198,57.4376852,L,H,ST,B.Tech,2025,4
'03220,Yadavrao Tasgaonkar College of Engineering & Management,'0322025210,Cyber Security,Un-Aided,Unknown,LNT3H,96741,68.8687467,L,H,NT3,B.Tech,2025,4
'03220,Yadavrao Tasgaonkar College of Engineering & Management,'0322037210,Electronics and Telecommunication Engg,Un-Aided,Unknown,GNT2H,106789,64.3871019,G,H,NT2,B.Tech,2025,4
'03220,Yadavrao Tasgaonkar College of Engineering & Management,'0322037210,Electronics and Telecommunication Engg,Un-Aided,Unknown,LOBCH,169609,31.5596589,L,H,OBC,B.Tech,2025,4
'03220,Yadavrao Tasgaonkar College of Engineering & Management,'0322037210,Electronics and Telecommunication Engg,Un-Aided,Unknown,LSEBCH,119649,58.8994542,L,H,SEBC,B.Tech,2025,4
'03220,Yadavrao Tasgaonkar College of Engineering & Management,'0322037210,Electronics and Telecommunication Engg,Un-Aided,Unknown,LNT1H,136938,50.5909012,L,H,NT1,B.Tech,2025,4
'03220,Yadavrao Tasgaonkar College of Engineering & Management,'0322092110,Artificial Intelligence and Machine Learning,Un-Aided,Unknown,GOPENH,83243,73.6345056,G,H,OPEN,B.Tech,2025,4
'03220,Yadavrao Tasgaonkar College of Engineering & Management,'0322092110,Artificial Intelligence and Machine Learning,Un-Aided,Unknown,GOBCH,142516,47.3563218,G,H,OBC,B.Tech,2025,4
'03220,Yadavrao Tasgaonkar College of Engineering & Management,'0322092110,Artificial Intelligence and Machine Learning,Un-Aided,Unknown,LOPENH,126003,55.9381337,L,H,OPEN,B.Tech,2025,4
'03220,Yadavrao Tasgaonkar College of Engineering & Management,'0322092110,Artificial Intelligence and Machine Learning,Un-Aided,Unknown,GSTH,133096,52.5968356,G,H,ST,B.Tech,2025,4
'03221,"Vishnu Waman Thakur Charitable Trust's VIVA Institute of Technology, Virar",'0322119110,Civil Engineering,Un-Aided,Unknown,GOPENH,168434,32.0008834,G,H,OPEN,B.Tech,2025,4
'03221,"Vishnu Waman Thakur Charitable Trust's VIVA Institute of Technology, Virar",'0322119110,Civil Engineering,Un-Aided,Unknown,GOBCH,183974,19.7061157,G,H,OBC,B.Tech,2025,4
'03221,"Vishnu Waman Thakur Charitable Trust's VIVA Institute of Technology, Virar",'0322119110,Civil Engineering,Un-Aided,Unknown,LOPENH,163473,35.5422955,L,H,OPEN,B.Tech,2025,4
'03221,"Vishnu Waman Thakur Charitable Trust's VIVA Institute of Technology, Virar",'0322124510,Computer Engineering,Un-Aided,Unknown,GSEBCH,170893,29.4125763,G,H,SEBC,B.Tech,2025,4
'03221,"Vishnu Waman Thakur Charitable Trust's VIVA Institute of Technology, Virar",'0322124510,Computer Engineering,Un-Aided,Unknown,LOPENH,57345,82.8332926,L,H,OPEN,B.Tech,2025,4
'03221,"Vishnu Waman Thakur Charitable Trust's VIVA Institute of Technology, Virar",'0322124510,Computer Engineering,Un-Aided,Unknown,PWDOPENH,71543,78.2396759,P,H,PWD,B.Tech,2025,4
'03221,"Vishnu Waman Thakur Charitable Trust's VIVA Institute of Technology, Virar",'0322124510,Computer Engineering,Un-Aided,Unknown,GSTH,74963,76.8973331,G,H,ST,B.Tech,2025,4
'03221,"Vishnu Waman Thakur Charitable Trust's VIVA Institute of Technology, Virar",'0322124510,Computer Engineering,Un-Aided,Unknown,LSTH,74427,76.9322569,L,H,ST,B.Tech,2025,4
'03221,"Vishnu Waman Thakur Charitable Trust's VIVA Institute of Technology, Virar",'0322137210,Electronics and Telecommunication Engg,Un-Aided,Unknown,GOPENH,112175,62.1365556,G,H,OPEN,B.Tech,2025,4
'03221,"Vishnu Waman Thakur Charitable Trust's VIVA Institute of Technology, Virar",'0322137210,Electronics and Telecommunication Engg,Un-Aided,Unknown,GOBCH,114064,61.5619516,G,H,OBC,B.Tech,2025,4
'03221,"Vishnu Waman Thakur Charitable Trust's VIVA Institute of Technology, Virar",'0322137210,Electronics and Telecommunication Engg,Un-Aided,Unknown,LOPENH,81246,74.6802716,L,H,OPEN,B.Tech,2025,4
'03221,"Vishnu Waman Thakur Charitable Trust's VIVA Institute of Technology, Virar",'0322137210,Electronics and Telecommunication Engg,Un-Aided,Unknown,LSCH,171920,28.9849310,L,H,SC,B.Tech,2025,4
'03221,"Vishnu Waman Thakur Charitable Trust's VIVA Institute of Technology, Virar",'0322137210,Electronics and Telecommunication Engg,Un-Aided,Unknown,PWDOBCH,119260,59.1762367,P,H,PWD,B.Tech,2025,4
'03221,"Vishnu Waman Thakur Charitable Trust's VIVA Institute of Technology, Virar",'0322137210,Electronics and Telecommunication Engg,Un-Aided,Unknown,GSTH,118169,59.3210117,G,H,ST,B.Tech,2025,4
'03221,"Vishnu Waman Thakur Charitable Trust's VIVA Institute of Technology, Virar",'0322137210,Electronics and Telecommunication Engg,Un-Aided,Unknown,GSEBCH,112539,62.1365556,G,H,SEBC,B.Tech,2025,4
'03221,"Vishnu Waman Thakur Charitable Trust's VIVA Institute of Technology, Virar",'0322161210,Mechanical Engineering,Un-Aided,Unknown,GOPENH,107874,64.2631037,G,H,OPEN,B.Tech,2025,4
'03221,"Vishnu Waman Thakur Charitable Trust's VIVA Institute of Technology, Virar",'0322161210,Mechanical Engineering,Un-Aided,Unknown,LOPENH,125173,56.5039753,L,H,OPEN,B.Tech,2025,4
'03221,"Vishnu Waman Thakur Charitable Trust's VIVA Institute of Technology, Virar",'0322161210,Mechanical Engineering,Un-Aided,Unknown,GSTH,113738,61.6834321,G,H,ST,B.Tech,2025,4
'03221,"Vishnu Waman Thakur Charitable Trust's VIVA Institute of Technology, Virar",'0322161210,Mechanical Engineering,Un-Aided,Unknown,LSEBCH,140969,47.8905633,L,H,SEBC,B.Tech,2025,4
'03221,"Vishnu Waman Thakur Charitable Trust's VIVA Institute of Technology, Virar",'0322191110,Computer Science and Engineering(Artificial Intelligence and Machine Learning),Un-Aided,Unknown,GOPENH,76094,76.6755200,G,H,OPEN,B.Tech,2025,4
'03221,"Vishnu Waman Thakur Charitable Trust's VIVA Institute of Technology, Virar",'0322191110,Computer Science and Engineering(Artificial Intelligence and Machine Learning),Un-Aided,Unknown,GSCH,82170,74.0094972,G,H,SC,B.Tech,2025,4
'03221,"Vishnu Waman Thakur Charitable Trust's VIVA Institute of Technology, Virar",'0322191110,Computer Science and Engineering(Artificial Intelligence and Machine Learning),Un-Aided,Unknown,GNT1H,111870,62.1412608,G,H,NT1,B.Tech,2025,4
'03221,"Vishnu Waman Thakur Charitable Trust's VIVA Institute of Technology, Virar",'0322191110,Computer Science and Engineering(Artificial Intelligence and Machine Learning),Un-Aided,Unknown,GOBCH,86539,72.7429418,G,H,OBC,B.Tech,2025,4
'03221,"Vishnu Waman Thakur Charitable Trust's VIVA Institute of Technology, Virar",'0322191110,Computer Science and Engineering(Artificial Intelligence and Machine Learning),Un-Aided,Unknown,LOPENH,71431,78.2396759,L,H,OPEN,B.Tech,2025,4
'03221,"Vishnu Waman Thakur Charitable Trust's VIVA Institute of Technology, Virar",'0322191110,Computer Science and Engineering(Artificial Intelligence and Machine Learning),Un-Aided,Unknown,LSCH,103209,66.1695365,L,H,SC,B.Tech,2025,4
'03221,"Vishnu Waman Thakur Charitable Trust's VIVA Institute of Technology, Virar",'0322191110,Computer Science and Engineering(Artificial Intelligence and Machine Learning),Un-Aided,Unknown,LOBCH,80617,75.1620214,L,H,OBC,B.Tech,2025,4
'03221,"Vishnu Waman Thakur Charitable Trust's VIVA Institute of Technology, Virar",'0322191110,Computer Science and Engineering(Artificial Intelligence and Machine Learning),Un-Aided,Unknown,PWDOPENH,44899,86.6751751,P,H,PWD,B.Tech,2025,4
'03221,"Vishnu Waman Thakur Charitable Trust's VIVA Institute of Technology, Virar",'0322191110,Computer Science and Engineering(Artificial Intelligence and Machine Learning),Un-Aided,Unknown,GSTH,78487,75.4880541,G,H,ST,B.Tech,2025,4
'03221,"Vishnu Waman Thakur Charitable Trust's VIVA Institute of Technology, Virar",'0322191110,Computer Science and Engineering(Artificial Intelligence and Machine Learning),Un-Aided,Unknown,GVJH,76246,76.6755200,G,H,VJ,B.Tech,2025,4
'03221,"Vishnu Waman Thakur Charitable Trust's VIVA Institute of Technology, Virar",'0322192610,Electrical and Computer Engineering,Un-Aided,Unknown,GOPENH,90877,71.1730870,G,H,OPEN,B.Tech,2025,4
'03221,"Vishnu Waman Thakur Charitable Trust's VIVA Institute of Technology, Virar",'0322192610,Electrical and Computer Engineering,Un-Aided,Unknown,GSTH,91369,70.7504568,G,H,ST,B.Tech,2025,4
'03222,"Haji Jamaluddin Thim Trust's Theem College of Engineering, At. Villege Betegaon, Boisar",'0322224510,Computer Engineering,Un-Aided Religious Minority - Muslim,Unknown,GOPENH,114731,60.9090909,G,H,OPEN,B.Tech,2025,4
'03222,"Haji Jamaluddin Thim Trust's Theem College of Engineering, At. Villege Betegaon, Boisar",'0322224510,Computer Engineering,Un-Aided Religious Minority - Muslim,Unknown,LOPENH,90532,71.1730870,L,H,OPEN,B.Tech,2025,4
'03222,"Haji Jamaluddin Thim Trust's Theem College of Engineering, At. Villege Betegaon, Boisar",'0322224610,Information Technology,Un-Aided Religious Minority - Muslim,Unknown,GOPENH,103006,66.2972028,G,H,OPEN,B.Tech,2025,4
'03222,"Haji Jamaluddin Thim Trust's Theem College of Engineering, At. Villege Betegaon, Boisar",'0322224610,Information Technology,Un-Aided Religious Minority - Muslim,Unknown,LOPENH,123088,57.4376852,L,H,OPEN,B.Tech,2025,4
'03222,"Haji Jamaluddin Thim Trust's Theem College of Engineering, At. Villege Betegaon, Boisar",'0322229310,Electrical Engineering,Un-Aided Religious Minority - Muslim,Unknown,GOPENO,134559,51.5716400,G,O,OPEN,B.Tech,2025,4
'03222,"Haji Jamaluddin Thim Trust's Theem College of Engineering, At. Villege Betegaon, Boisar",'0322260210,Automobile Engineering,Un-Aided Religious Minority - Muslim,Unknown,GOPENH,197524,7.4355245,G,H,OPEN,B.Tech,2025,4
'03222,"Haji Jamaluddin Thim Trust's Theem College of Engineering, At. Villege Betegaon, Boisar",'0322261210,Mechanical Engineering,Un-Aided Religious Minority - Muslim,Unknown,MI,198387,6.4874627,M,I,MI,B.Tech,2025,4
'03222,"Haji Jamaluddin Thim Trust's Theem College of Engineering, At. Villege Betegaon, Boisar",'0322291110,Computer Science and Engineering(Artificial Intelligence and Machine Learning),Un-Aided Religious Minority - Muslim,Unknown,GOPENH,122398,57.5410529,G,H,OPEN,B.Tech,2025,4
'03223,"Mahatma Education Society's Pillai HOC College of Engineering & Technology, Tal. Khalapur. Dist. Raigad",'0322319110,Civil Engineering,Un-Aided Autonomous Linguistic Minority - Malyalam,Unknown,MI,103073,66.2972028,M,I,MI,B.Tech,2025,4
'03223,"Mahatma Education Society's Pillai HOC College of Engineering & Technology, Tal. Khalapur. Dist. Raigad",'0322324510,Computer Engineering,Un-Aided Autonomous Linguistic Minority - Malyalam,Unknown,GOPENS,55528,83.2103258,G,S,OPEN,B.Tech,2025,4
'03223,"Mahatma Education Society's Pillai HOC College of Engineering & Technology, Tal. Khalapur. Dist. Raigad",'0322324510,Computer Engineering,Un-Aided Autonomous Linguistic Minority - Malyalam,Unknown,LOPENS,67134,79.6925092,L,S,OPEN,B.Tech,2025,4
'03223,"Mahatma Education Society's Pillai HOC College of Engineering & Technology, Tal. Khalapur. Dist. Raigad",'0322324510,Computer Engineering,Un-Aided Autonomous Linguistic Minority - Malyalam,Unknown,MI,75391,76.8955509,M,I,MI,B.Tech,2025,4
'03223,"Mahatma Education Society's Pillai HOC College of Engineering & Technology, Tal. Khalapur. Dist. Raigad",'0322324610,Information Technology,Un-Aided Autonomous Linguistic Minority - Malyalam,Unknown,MI,79815,75.2107280,M,I,MI,B.Tech,2025,4
'03223,"Mahatma Education Society's Pillai HOC College of Engineering & Technology, Tal. Khalapur. Dist. Raigad",'0322361210,Mechanical Engineering,Un-Aided Autonomous Linguistic Minority - Malyalam,Unknown,GOPENS,110640,63.2000580,G,S,OPEN,B.Tech,2025,4
'03223,"Mahatma Education Society's Pillai HOC College of Engineering & Technology, Tal. Khalapur. Dist. Raigad",'0322361210,Mechanical Engineering,Un-Aided Autonomous Linguistic Minority - Malyalam,Unknown,LOPENS,148317,43.9154166,L,S,OPEN,B.Tech,2025,4
'03223,"Mahatma Education Society's Pillai HOC College of Engineering & Technology, Tal. Khalapur. Dist. Raigad",'0322361210,Mechanical Engineering,Un-Aided Autonomous Linguistic Minority - Malyalam,Unknown,MI,127685,55.1895416,M,I,MI,B.Tech,2025,4
'03223,"Mahatma Education Society's Pillai HOC College of Engineering & Technology, Tal. Khalapur. Dist. Raigad",'0322390010,Electronics and Computer Science,Un-Aided Autonomous Linguistic Minority - Malyalam,Unknown,GOPENS,82419,74.0094972,G,S,OPEN,B.Tech,2025,4
'03223,"Mahatma Education Society's Pillai HOC College of Engineering & Technology, Tal. Khalapur. Dist. Raigad",'0322390010,Electronics and Computer Science,Un-Aided Autonomous Linguistic Minority - Malyalam,Unknown,MI,83839,73.6159498,M,I,MI,B.Tech,2025,4
'03223,"Mahatma Education Society's Pillai HOC College of Engineering & Technology, Tal. Khalapur. Dist. Raigad",'0322392610,Electrical and Computer Engineering,Un-Aided Autonomous Linguistic Minority - Malyalam,Unknown,GOPENS,90817,71.1730870,G,S,OPEN,B.Tech,2025,4
'03223,"Mahatma Education Society's Pillai HOC College of Engineering & Technology, Tal. Khalapur. Dist. Raigad",'0322392610,Electrical and Computer Engineering,Un-Aided Autonomous Linguistic Minority - Malyalam,Unknown,LOPENS,80313,75.1716925,L,S,OPEN,B.Tech,2025,4
'03223,"Mahatma Education Society's Pillai HOC College of Engineering & Technology, Tal. Khalapur. Dist. Raigad",'0322392610,Electrical and Computer Engineering,Un-Aided Autonomous Linguistic Minority - Malyalam,Unknown,MI,104661,65.6692751,M,I,MI,B.Tech,2025,4
'03223,"Mahatma Education Society's Pillai HOC College of Engineering & Technology, Tal. Khalapur. Dist. Raigad",'0322399510,Artificial Intelligence and Data Science,Un-Aided Autonomous Linguistic Minority - Malyalam,Unknown,GOPENS,59292,82.1319232,G,S,OPEN,B.Tech,2025,4
'03223,"Mahatma Education Society's Pillai HOC College of Engineering & Technology, Tal. Khalapur. Dist. Raigad",'0322399510,Artificial Intelligence and Data Science,Un-Aided Autonomous Linguistic Minority - Malyalam,Unknown,LOPENS,39684,88.2484746,L,S,OPEN,B.Tech,2025,4
'03223,"Mahatma Education Society's Pillai HOC College of Engineering & Technology, Tal. Khalapur. Dist. Raigad",'0322399510,Artificial Intelligence and Data Science,Un-Aided Autonomous Linguistic Minority - Malyalam,Unknown,MI,77997,76.5755291,M,I,MI,B.Tech,2025,4
'03224,"Leela Education Society, G.V. Acharya Institute of Engineering and Technology, Shelu, Karjat",'0322419110,Civil Engineering,Un-Aided,Unknown,GOPENH,154493,40.0936536,G,H,OPEN,B.Tech,2025,4
'03224,"Leela Education Society, G.V. Acharya Institute of Engineering and Technology, Shelu, Karjat",'0322424510,Computer Engineering,Un-Aided,Unknown,GOBCH,83362,73.6345056,G,H,OBC,B.Tech,2025,4
'03224,"Leela Education Society, G.V. Acharya Institute of Engineering and Technology, Shelu, Karjat",'0322424510,Computer Engineering,Un-Aided,Unknown,LOPENH,89866,71.4842352,L,H,OPEN,B.Tech,2025,4
'03224,"Leela Education Society, G.V. Acharya Institute of Engineering and Technology, Shelu, Karjat",'0322424510,Computer Engineering,Un-Aided,Unknown,LSCH,186989,17.2365618,L,H,SC,B.Tech,2025,4
'03224,"Leela Education Society, G.V. Acharya Institute of Engineering and Technology, Shelu, Karjat",'0322424510,Computer Engineering,Un-Aided,Unknown,LOBCH,135925,50.8281802,L,H,OBC,B.Tech,2025,4
'03224,"Leela Education Society, G.V. Acharya Institute of Engineering and Technology, Shelu, Karjat",'0322424510,Computer Engineering,Un-Aided,Unknown,GSTH,79476,75.2107280,G,H,ST,B.Tech,2025,4
'03224,"Leela Education Society, G.V. Acharya Institute of Engineering and Technology, Shelu, Karjat",'0322456810,Computer Science and Information Technology,Un-Aided,Unknown,GOPENH,127467,55.2744499,G,H,OPEN,B.Tech,2025,4
'03224,"Leela Education Society, G.V. Acharya Institute of Engineering and Technology, Shelu, Karjat",'0322456810,Computer Science and Information Technology,Un-Aided,Unknown,GVJH,145134,46.3957696,G,H,VJ,B.Tech,2025,4
'03224,"Leela Education Society, G.V. Acharya Institute of Engineering and Technology, Shelu, Karjat",'0322456810,Computer Science and Information Technology,Un-Aided,Unknown,LOPENH,136459,50.7016833,L,H,OPEN,B.Tech,2025,4
'03224,"Leela Education Society, G.V. Acharya Institute of Engineering and Technology, Shelu, Karjat",'0322456810,Computer Science and Information Technology,Un-Aided,Unknown,GSEBCH,160257,36.2260120,G,H,SEBC,B.Tech,2025,4
'03224,"Leela Education Society, G.V. Acharya Institute of Engineering and Technology, Shelu, Karjat",'0322456810,Computer Science and Information Technology,Un-Aided,Unknown,LSTH,104273,65.8462319,L,H,ST,B.Tech,2025,4
'03224,"Leela Education Society, G.V. Acharya Institute of Engineering and Technology, Shelu, Karjat",'0322461210,Mechanical Engineering,Un-Aided,Unknown,LNT2O,158475,38.3392226,L,O,NT2,B.Tech,2025,4
'03224,"Leela Education Society, G.V. Acharya Institute of Engineering and Technology, Shelu, Karjat",'0322491110,Computer Science and Engineering(Artificial Intelligence and Machine Learning),Un-Aided,Unknown,GOPENH,102544,66.3795642,G,H,OPEN,B.Tech,2025,4
'03224,"Leela Education Society, G.V. Acharya Institute of Engineering and Technology, Shelu, Karjat",'0322491110,Computer Science and Engineering(Artificial Intelligence and Machine Learning),Un-Aided,Unknown,LOBCH,177832,24.9543245,L,H,OBC,B.Tech,2025,4
'03224,"Leela Education Society, G.V. Acharya Institute of Engineering and Technology, Shelu, Karjat",'0322491110,Computer Science and Engineering(Artificial Intelligence and Machine Learning),Un-Aided,Unknown,LNT2H,150607,43.1964993,L,H,NT2,B.Tech,2025,4
'03224,"Leela Education Society, G.V. Acharya Institute of Engineering and Technology, Shelu, Karjat",'0322491110,Computer Science and Engineering(Artificial Intelligence and Machine Learning),Un-Aided,Unknown,PWDOPENH,111070,62.9184580,P,H,PWD,B.Tech,2025,4
'03224,"Leela Education Society, G.V. Acharya Institute of Engineering and Technology, Shelu, Karjat",'0322491110,Computer Science and Engineering(Artificial Intelligence and Machine Learning),Un-Aided,Unknown,GNT1H,111758,62.1412608,G,H,NT1,B.Tech,2025,4
'03224,"Leela Education Society, G.V. Acharya Institute of Engineering and Technology, Shelu, Karjat",'0322491110,Computer Science and Engineering(Artificial Intelligence and Machine Learning),Un-Aided,Unknown,LVJH,106073,64.7148712,L,H,VJ,B.Tech,2025,4
'03224,"Leela Education Society, G.V. Acharya Institute of Engineering and Technology, Shelu, Karjat",'0322492010,Computer Science and Engineering (Internet of Things and Cyber Security Including Block Chain,Un-Aided,Unknown,GOPENH,109504,63.4714222,G,H,OPEN,B.Tech,2025,4
'03224,"Leela Education Society, G.V. Acharya Institute of Engineering and Technology, Shelu, Karjat",'0322492010,Computer Science and Engineering (Internet of Things and Cyber Security Including Block Chain,Un-Aided,Unknown,GSCH,159827,37.1950556,G,H,SC,B.Tech,2025,4
'03224,"Leela Education Society, G.V. Acharya Institute of Engineering and Technology, Shelu, Karjat",'0322492010,Computer Science and Engineering (Internet of Things and Cyber Security Including Block Chain,Un-Aided,Unknown,GNT3H,157495,39.2328654,G,H,NT3,B.Tech,2025,4
'03224,"Leela Education Society, G.V. Acharya Institute of Engineering and Technology, Shelu, Karjat",'0322492010,Computer Science and Engineering (Internet of Things and Cyber Security Including Block Chain,Un-Aided,Unknown,GSEBCH,140030,49.2256217,G,H,SEBC,B.Tech,2025,4
'03224,"Leela Education Society, G.V. Acharya Institute of Engineering and Technology, Shelu, Karjat",'0322492010,Computer Science and Engineering (Internet of Things and Cyber Security Including Block Chain,Un-Aided,Unknown,LSTH,129918,54.0903901,L,H,ST,B.Tech,2025,4
'03257,"Vidya Prasarak Mandal's College of Engineering, Thane",'0325724510,Computer Engineering,Un-Aided,Unknown,GOPENH,54024,83.7934335,G,H,OPEN,B.Tech,2025,4
'03257,"Vidya Prasarak Mandal's College of Engineering, Thane",'0325724510,Computer Engineering,Un-Aided,Unknown,LOPENH,44782,86.6759630,L,H,OPEN,B.Tech,2025,4
'03257,"Vidya Prasarak Mandal's College of Engineering, Thane",'0325724510,Computer Engineering,Un-Aided,Unknown,LOBCH,71481,78.2396759,L,H,OBC,B.Tech,2025,4
'03257,"Vidya Prasarak Mandal's College of Engineering, Thane",'0325724510,Computer Engineering,Un-Aided,Unknown,GSTH,55554,83.2103258,G,H,ST,B.Tech,2025,4
'03257,"Vidya Prasarak Mandal's College of Engineering, Thane",'0325724610,Information Technology,Un-Aided,Unknown,GOPENH,65871,79.9072027,G,H,OPEN,B.Tech,2025,4
'03257,"Vidya Prasarak Mandal's College of Engineering, Thane",'0325724610,Information Technology,Un-Aided,Unknown,PWDOPENH,57796,82.4521073,P,H,PWD,B.Tech,2025,4
'03257,"Vidya Prasarak Mandal's College of Engineering, Thane",'0325729310,Electrical Engineering,Un-Aided,Unknown,GOPENH,62310,81.1295102,G,H,OPEN,B.Tech,2025,4
'03257,"Vidya Prasarak Mandal's College of Engineering, Thane",'0325729310,Electrical Engineering,Un-Aided,Unknown,GOBCH,101834,66.4263323,G,H,OBC,B.Tech,2025,4
'03257,"Vidya Prasarak Mandal's College of Engineering, Thane",'0325729310,Electrical Engineering,Un-Aided,Unknown,LOPENH,96623,68.8687467,L,H,OPEN,B.Tech,2025,4
'03257,"Vidya Prasarak Mandal's College of Engineering, Thane",'0325729310,Electrical Engineering,Un-Aided,Unknown,PWDOPENH,98362,68.2382408,P,H,PWD,B.Tech,2025,4
'03257,"Vidya Prasarak Mandal's College of Engineering, Thane",'0325737210,Electronics and Telecommunication Engg,Un-Aided,Unknown,GOPENO,106451,64.7131860,G,O,OPEN,B.Tech,2025,4
'03257,"Vidya Prasarak Mandal's College of Engineering, Thane",'0325791610,Automation and Robotics,Un-Aided,Unknown,GOPENH,78295,75.4880541,G,H,OPEN,B.Tech,2025,4
'03257,"Vidya Prasarak Mandal's College of Engineering, Thane",'0325791610,Automation and Robotics,Un-Aided,Unknown,GOBCH,101397,66.9039004,G,H,OBC,B.Tech,2025,4
'03277,Pravin Rohidas Patil College of Engineering & Technology,'0327724510,Computer Engineering,Un-Aided,Unknown,GOPENH,65068,80.0000000,G,H,OPEN,B.Tech,2025,4
'03277,Pravin Rohidas Patil College of Engineering & Technology,'0327724510,Computer Engineering,Un-Aided,Unknown,GNT2H,80856,74.9785452,G,H,NT2,B.Tech,2025,4
'03277,Pravin Rohidas Patil College of Engineering & Technology,'0327724510,Computer Engineering,Un-Aided,Unknown,GOBCH,81977,74.0630785,G,H,OBC,B.Tech,2025,4
'03277,Pravin Rohidas Patil College of Engineering & Technology,'0327724510,Computer Engineering,Un-Aided,Unknown,LOPENH,68831,78.8357161,L,H,OPEN,B.Tech,2025,4
'03277,Pravin Rohidas Patil College of Engineering & Technology,'0327724510,Computer Engineering,Un-Aided,Unknown,LOBCH,87372,72.1363369,L,H,OBC,B.Tech,2025,4
'03277,Pravin Rohidas Patil College of Engineering & Technology,'0327724510,Computer Engineering,Un-Aided,Unknown,PWDOBCH,72321,77.9513058,P,H,PWD,B.Tech,2025,4
'03277,Pravin Rohidas Patil College of Engineering & Technology,'0327724610,Information Technology,Un-Aided,Unknown,GOPENH,56249,83.0707711,G,H,OPEN,B.Tech,2025,4
'03277,Pravin Rohidas Patil College of Engineering & Technology,'0327735610,Electrical Engg[Electronics and Power],Un-Aided,Unknown,GOPENO,159545,37.1950556,G,O,OPEN,B.Tech,2025,4
'03277,Pravin Rohidas Patil College of Engineering & Technology,'0327761510,Mechanical & Automation Engineering,Un-Aided,Unknown,LOPENH,110043,63.3986014,L,H,OPEN,B.Tech,2025,4
'03277,Pravin Rohidas Patil College of Engineering & Technology,'0327761510,Mechanical & Automation Engineering,Un-Aided,Unknown,GSTH,99044,68.1117918,G,H,ST,B.Tech,2025,4
'03277,Pravin Rohidas Patil College of Engineering & Technology,'0327793410,Civil Engineering and Planning,Un-Aided,Unknown,GSCO,176891,25.4595013,G,O,SC,B.Tech,2025,4
'03277,Pravin Rohidas Patil College of Engineering & Technology,'0327793410,Civil Engineering and Planning,Un-Aided,Unknown,GNT1O,151038,42.9247346,G,O,NT1,B.Tech,2025,4
'03277,Pravin Rohidas Patil College of Engineering & Technology,'0327793410,Civil Engineering and Planning,Un-Aided,Unknown,LOPENO,160042,36.5248856,L,O,OPEN,B.Tech,2025,4
'03277,Pravin Rohidas Patil College of Engineering & Technology,'0327793510,Electronics and Biomedical Engineering,Un-Aided,Unknown,GOPENH,135541,50.9683037,G,H,OPEN,B.Tech,2025,4
'03277,Pravin Rohidas Patil College of Engineering & Technology,'0327793510,Electronics and Biomedical Engineering,Un-Aided,Unknown,GSCH,193854,11.1328671,G,H,SC,B.Tech,2025,4
'03277,Pravin Rohidas Patil College of Engineering & Technology,'0327793510,Electronics and Biomedical Engineering,Un-Aided,Unknown,GSEBCH,192620,12.3781915,G,H,SEBC,B.Tech,2025,4
'03277,Pravin Rohidas Patil College of Engineering & Technology,'0327793510,Electronics and Biomedical Engineering,Un-Aided,Unknown,LSEBCH,192650,12.3781915,L,H,SEBC,B.Tech,2025,4
'03351,"Bharat College of Engineering, Kanhor, Badlapur(W)",'0335119110,Civil Engineering,Un-Aided,Unknown,LOPENH,191598,13.2717448,L,H,OPEN,B.Tech,2025,4
'03351,"Bharat College of Engineering, Kanhor, Badlapur(W)",'0335124510,Computer Engineering,Un-Aided,Unknown,GOPENH,98709,68.1164395,G,H,OPEN,B.Tech,2025,4
'03351,"Bharat College of Engineering, Kanhor, Badlapur(W)",'0335124510,Computer Engineering,Un-Aided,Unknown,GSCH,110348,63.2914656,G,H,SC,B.Tech,2025,4
'03351,"Bharat College of Engineering, Kanhor, Badlapur(W)",'0335124510,Computer Engineering,Un-Aided,Unknown,GOBCH,158784,38.2479385,G,H,OBC,B.Tech,2025,4
'03351,"Bharat College of Engineering, Kanhor, Badlapur(W)",'0335124510,Computer Engineering,Un-Aided,Unknown,LOPENH,85981,72.8948543,L,H,OPEN,B.Tech,2025,4
'03351,"Bharat College of Engineering, Kanhor, Badlapur(W)",'0335124510,Computer Engineering,Un-Aided,Unknown,LOBCH,136342,50.7016833,L,H,OBC,B.Tech,2025,4
'03351,"Bharat College of Engineering, Kanhor, Badlapur(W)",'0335124510,Computer Engineering,Un-Aided,Unknown,GSTH,113660,61.6834321,G,H,ST,B.Tech,2025,4
'03351,"Bharat College of Engineering, Kanhor, Badlapur(W)",'0335124510,Computer Engineering,Un-Aided,Unknown,GSEBCH,105603,65.3084343,G,H,SEBC,B.Tech,2025,4
'03351,"Bharat College of Engineering, Kanhor, Badlapur(W)",'0335156810,Computer Science and Information Technology,Un-Aided,Unknown,GOPENH,163112,35.6771832,G,H,OPEN,B.Tech,2025,4
'03351,"Bharat College of Engineering, Kanhor, Badlapur(W)",'0335156810,Computer Science and Information Technology,Un-Aided,Unknown,GOBCH,196921,7.9877752,G,H,OBC,B.Tech,2025,4
'03351,"Bharat College of Engineering, Kanhor, Badlapur(W)",'0335156810,Computer Science and Information Technology,Un-Aided,Unknown,LOPENH,115740,60.6344780,L,H,OPEN,B.Tech,2025,4
'03351,"Bharat College of Engineering, Kanhor, Badlapur(W)",'0335156810,Computer Science and Information Technology,Un-Aided,Unknown,LOBCH,163507,35.5422955,L,H,OBC,B.Tech,2025,4
'03351,"Bharat College of Engineering, Kanhor, Badlapur(W)",'0335156810,Computer Science and Information Technology,Un-Aided,Unknown,PWDOBCH,197129,7.8969624,P,H,PWD,B.Tech,2025,4
'03351,"Bharat College of Engineering, Kanhor, Badlapur(W)",'0335156810,Computer Science and Information Technology,Un-Aided,Unknown,GNT1H,167261,32.3446384,G,H,NT1,B.Tech,2025,4
'03351,"Bharat College of Engineering, Kanhor, Badlapur(W)",'0335156810,Computer Science and Information Technology,Un-Aided,Unknown,GSEBCH,168135,32.0884521,G,H,SEBC,B.Tech,2025,4
'03351,"Bharat College of Engineering, Kanhor, Badlapur(W)",'0335161210,Mechanical Engineering,Un-Aided,Unknown,GOPENH,170742,29.4125763,G,H,OPEN,B.Tech,2025,4
'03351,"Bharat College of Engineering, Kanhor, Badlapur(W)",'0335161210,Mechanical Engineering,Un-Aided,Unknown,LOPENH,178391,24.7167509,L,H,OPEN,B.Tech,2025,4
'03351,"Bharat College of Engineering, Kanhor, Badlapur(W)",'0335191110,Computer Science and Engineering(Artificial Intelligence and Machine Learning),Un-Aided,Unknown,GOPENO,202546,1.7301157,G,O,OPEN,B.Tech,2025,4
'03351,"Bharat College of Engineering, Kanhor, Badlapur(W)",'0335191210,Computer Science and Engineering(Data Science),Un-Aided,Unknown,GOPENH,142187,47.7841578,G,H,OPEN,B.Tech,2025,4
'03351,"Bharat College of Engineering, Kanhor, Badlapur(W)",'0335191210,Computer Science and Engineering(Data Science),Un-Aided,Unknown,GSCH,173403,28.3463753,G,H,SC,B.Tech,2025,4
'03351,"Bharat College of Engineering, Kanhor, Badlapur(W)",'0335191210,Computer Science and Engineering(Data Science),Un-Aided,Unknown,LOPENH,156811,39.3601986,L,H,OPEN,B.Tech,2025,4
'03351,"Bharat College of Engineering, Kanhor, Badlapur(W)",'0335191210,Computer Science and Engineering(Data Science),Un-Aided,Unknown,LOBCH,159148,37.6293706,L,H,OBC,B.Tech,2025,4
'03351,"Bharat College of Engineering, Kanhor, Badlapur(W)",'0335191210,Computer Science and Engineering(Data Science),Un-Aided,Unknown,PWDOPENH,94081,69.8498837,P,H,PWD,B.Tech,2025,4
'03351,"Bharat College of Engineering, Kanhor, Badlapur(W)",'0335191210,Computer Science and Engineering(Data Science),Un-Aided,Unknown,PWDOBCH,167692,32.1281783,P,H,PWD,B.Tech,2025,4
'03351,"Bharat College of Engineering, Kanhor, Badlapur(W)",'0335191210,Computer Science and Engineering(Data Science),Un-Aided,Unknown,GVJH,164967,33.4650350,G,H,VJ,B.Tech,2025,4
'03351,"Bharat College of Engineering, Kanhor, Badlapur(W)",'0335191210,Computer Science and Engineering(Data Science),Un-Aided,Unknown,GSEBCH,159637,37.1950556,G,H,SEBC,B.Tech,2025,4
'03353,"Dilkap Research Institute Of Engineering and Management Studies, At.Mamdapur, Post- Neral, Tal- Karjat, Mumbai",'0335324510,Computer Engineering,Un-Aided,Unknown,GOPENH,142655,47.3563218,G,H,OPEN,B.Tech,2025,4
'03353,"Dilkap Research Institute Of Engineering and Management Studies, At.Mamdapur, Post- Neral, Tal- Karjat, Mumbai",'0335324510,Computer Engineering,Un-Aided,Unknown,GNT1H,186671,17.7120141,G,H,NT1,B.Tech,2025,4
'03353,"Dilkap Research Institute Of Engineering and Management Studies, At.Mamdapur, Post- Neral, Tal- Karjat, Mumbai",'0335324510,Computer Engineering,Un-Aided,Unknown,GNT2H,198256,6.6801689,G,H,NT2,B.Tech,2025,4
'03353,"Dilkap Research Institute Of Engineering and Management Studies, At.Mamdapur, Post- Neral, Tal- Karjat, Mumbai",'0335324510,Computer Engineering,Un-Aided,Unknown,LOBCH,191410,13.3124347,L,H,OBC,B.Tech,2025,4
'03353,"Dilkap Research Institute Of Engineering and Management Studies, At.Mamdapur, Post- Neral, Tal- Karjat, Mumbai",'0335324510,Computer Engineering,Un-Aided,Unknown,PWDOPENH,148135,43.9154166,P,H,PWD,B.Tech,2025,4
'03353,"Dilkap Research Institute Of Engineering and Management Studies, At.Mamdapur, Post- Neral, Tal- Karjat, Mumbai",'0335324510,Computer Engineering,Un-Aided,Unknown,GSTH,143464,47.1396200,G,H,ST,B.Tech,2025,4
'03353,"Dilkap Research Institute Of Engineering and Management Studies, At.Mamdapur, Post- Neral, Tal- Karjat, Mumbai",'0335324510,Computer Engineering,Un-Aided,Unknown,GSEBCH,151421,42.7403863,G,H,SEBC,B.Tech,2025,4
'03353,"Dilkap Research Institute Of Engineering and Management Studies, At.Mamdapur, Post- Neral, Tal- Karjat, Mumbai",'0335324510,Computer Engineering,Un-Aided,Unknown,LSEBCH,151124,42.9247346,L,H,SEBC,B.Tech,2025,4
'03353,"Dilkap Research Institute Of Engineering and Management Studies, At.Mamdapur, Post- Neral, Tal- Karjat, Mumbai",'0335324610,Information Technology,Un-Aided,Unknown,GOPENH,152673,41.7471281,G,H,OPEN,B.Tech,2025,4
'03353,"Dilkap Research Institute Of Engineering and Management Studies, At.Mamdapur, Post- Neral, Tal- Karjat, Mumbai",'0335324610,Information Technology,Un-Aided,Unknown,GOBCH,160580,36.1811489,G,H,OBC,B.Tech,2025,4
'03353,"Dilkap Research Institute Of Engineering and Management Studies, At.Mamdapur, Post- Neral, Tal- Karjat, Mumbai",'0335324610,Information Technology,Un-Aided,Unknown,GSEBCH,156945,39.3601986,G,H,SEBC,B.Tech,2025,4
'03353,"Dilkap Research Institute Of Engineering and Management Studies, At.Mamdapur, Post- Neral, Tal- Karjat, Mumbai",'0335329310,Electrical Engineering,Un-Aided,Unknown,LOPENO,88938,71.6607627,L,O,OPEN,B.Tech,2025,4
'03353,"Dilkap Research Institute Of Engineering and Management Studies, At.Mamdapur, Post- Neral, Tal- Karjat, Mumbai",'0335361210,Mechanical Engineering,Un-Aided,Unknown,GOPENH,147003,45.2322221,G,H,OPEN,B.Tech,2025,4
'03353,"Dilkap Research Institute Of Engineering and Management Studies, At.Mamdapur, Post- Neral, Tal- Karjat, Mumbai",'0335392010,Computer Science and Engineering (Internet of Things and Cyber Security Including Block Chain,Un-Aided,Unknown,GOPENO,180609,22.3617813,G,O,OPEN,B.Tech,2025,4
'03353,"Dilkap Research Institute Of Engineering and Management Studies, At.Mamdapur, Post- Neral, Tal- Karjat, Mumbai",'0335392110,Artificial Intelligence and Machine Learning,Un-Aided,Unknown,LSEBCH,129659,54.1537389,L,H,SEBC,B.Tech,2025,4
'03353,"Dilkap Research Institute Of Engineering and Management Studies, At.Mamdapur, Post- Neral, Tal- Karjat, Mumbai",'0335392110,Artificial Intelligence and Machine Learning,Un-Aided,Unknown,GNT1H,124720,56.6213771,G,H,NT1,B.Tech,2025,4
'03353,"Dilkap Research Institute Of Engineering and Management Studies, At.Mamdapur, Post- Neral, Tal- Karjat, Mumbai",'0335392110,Artificial Intelligence and Machine Learning,Un-Aided,Unknown,GSEBCH,100344,67.2177090,G,H,SEBC,B.Tech,2025,4
'03423,"Shree L.R. Tiwari College of Engineering, Mira Road, Mumbai",'0342324510,Computer Engineering,Un-Aided Autonomous Linguistic Minority - Hindi,Unknown,GOPENS,51260,84.6429815,G,S,OPEN,B.Tech,2025,4
'03423,"Shree L.R. Tiwari College of Engineering, Mira Road, Mumbai",'0342324510,Computer Engineering,Un-Aided Autonomous Linguistic Minority - Hindi,Unknown,LOPENS,54647,83.5597353,L,S,OPEN,B.Tech,2025,4
'03423,"Shree L.R. Tiwari College of Engineering, Mira Road, Mumbai",'0342324510,Computer Engineering,Un-Aided Autonomous Linguistic Minority - Hindi,Unknown,MI,70578,78.4242636,M,I,MI,B.Tech,2025,4
'03423,"Shree L.R. Tiwari College of Engineering, Mira Road, Mumbai",'0342324510,Computer Engineering,Un-Aided Autonomous Linguistic Minority - Hindi,Unknown,TFWS,38307,88.6801020,T,S,TFWS,B.Tech,2025,4
'03423,"Shree L.R. Tiwari College of Engineering, Mira Road, Mumbai",'0342324610,Information Technology,Un-Aided Autonomous Linguistic Minority - Hindi,Unknown,GOPENS,63578,80.7807182,G,S,OPEN,B.Tech,2025,4
'03423,"Shree L.R. Tiwari College of Engineering, Mira Road, Mumbai",'0342324610,Information Technology,Un-Aided Autonomous Linguistic Minority - Hindi,Unknown,LOPENS,66540,79.7185003,L,S,OPEN,B.Tech,2025,4
'03423,"Shree L.R. Tiwari College of Engineering, Mira Road, Mumbai",'0342324610,Information Technology,Un-Aided Autonomous Linguistic Minority - Hindi,Unknown,MI,87378,72.1363369,M,I,MI,B.Tech,2025,4
'03423,"Shree L.R. Tiwari College of Engineering, Mira Road, Mumbai",'0342324610,Information Technology,Un-Aided Autonomous Linguistic Minority - Hindi,Unknown,TFWS,51093,84.6429815,T,S,TFWS,B.Tech,2025,4
'03423,"Shree L.R. Tiwari College of Engineering, Mira Road, Mumbai",'0342325810,Civil Engineering with Computer Application,Un-Aided Autonomous Linguistic Minority - Hindi,Unknown,GOPENS,88897,71.6607627,G,S,OPEN,B.Tech,2025,4
'03423,"Shree L.R. Tiwari College of Engineering, Mira Road, Mumbai",'0342325810,Civil Engineering with Computer Application,Un-Aided Autonomous Linguistic Minority - Hindi,Unknown,MI,175875,25.7272727,M,I,MI,B.Tech,2025,4
'03423,"Shree L.R. Tiwari College of Engineering, Mira Road, Mumbai",'0342325810,Civil Engineering with Computer Application,Un-Aided Autonomous Linguistic Minority - Hindi,Unknown,MI,93170,70.2628092,M,I,MI,B.Tech,2025,4
'03423,"Shree L.R. Tiwari College of Engineering, Mira Road, Mumbai",'0342337210,Electronics and Telecommunication Engg,Un-Aided Autonomous Linguistic Minority - Hindi,Unknown,GOPENS,75310,76.8955509,G,S,OPEN,B.Tech,2025,4
'03423,"Shree L.R. Tiwari College of Engineering, Mira Road, Mumbai",'0342337210,Electronics and Telecommunication Engg,Un-Aided Autonomous Linguistic Minority - Hindi,Unknown,MI,120124,58.8525307,M,I,MI,B.Tech,2025,4
'03423,"Shree L.R. Tiwari College of Engineering, Mira Road, Mumbai",'0342361210,Mechanical Engineering,Un-Aided Autonomous Linguistic Minority - Hindi,Unknown,GOPENS,93867,69.8941051,G,S,OPEN,B.Tech,2025,4
'03423,"Shree L.R. Tiwari College of Engineering, Mira Road, Mumbai",'0342361210,Mechanical Engineering,Un-Aided Autonomous Linguistic Minority - Hindi,Unknown,MI,143507,47.1396200,M,I,MI,B.Tech,2025,4
'03423,"Shree L.R. Tiwari College of Engineering, Mira Road, Mumbai",'0342390010,Electronics and Computer Science,Un-Aided Autonomous Linguistic Minority - Hindi,Unknown,GOPENS,74981,76.8973331,G,S,OPEN,B.Tech,2025,4
'03423,"Shree L.R. Tiwari College of Engineering, Mira Road, Mumbai",'0342390010,Electronics and Computer Science,Un-Aided Autonomous Linguistic Minority - Hindi,Unknown,LOPENS,75686,76.7694659,L,S,OPEN,B.Tech,2025,4
'03423,"Shree L.R. Tiwari College of Engineering, Mira Road, Mumbai",'0342390010,Electronics and Computer Science,Un-Aided Autonomous Linguistic Minority - Hindi,Unknown,MI,89937,71.4842352,M,I,MI,B.Tech,2025,4
'03436,"B.R. Harne College of Engineering & Technology, Karav, Tal-Ambernath.",'0343624510,Computer Engineering,Un-Aided,Unknown,GOPENH,123903,57.0133407,G,H,OPEN,B.Tech,2025,4
'03436,"B.R. Harne College of Engineering & Technology, Karav, Tal-Ambernath.",'0343624510,Computer Engineering,Un-Aided,Unknown,GSCH,158468,38.3392226,G,H,SC,B.Tech,2025,4
'03436,"B.R. Harne College of Engineering & Technology, Karav, Tal-Ambernath.",'0343624510,Computer Engineering,Un-Aided,Unknown,GOBCH,176725,25.4741362,G,H,OBC,B.Tech,2025,4
'03436,"B.R. Harne College of Engineering & Technology, Karav, Tal-Ambernath.",'0343624510,Computer Engineering,Un-Aided,Unknown,LOPENH,121381,58.2180677,L,H,OPEN,B.Tech,2025,4
'03436,"B.R. Harne College of Engineering & Technology, Karav, Tal-Ambernath.",'0343624510,Computer Engineering,Un-Aided,Unknown,LOBCH,129107,54.4314351,L,H,OBC,B.Tech,2025,4
'03436,"B.R. Harne College of Engineering & Technology, Karav, Tal-Ambernath.",'0343624510,Computer Engineering,Un-Aided,Unknown,LNT3H,196271,8.8248475,L,H,NT3,B.Tech,2025,4
'03436,"B.R. Harne College of Engineering & Technology, Karav, Tal-Ambernath.",'0343624510,Computer Engineering,Un-Aided,Unknown,PWDOBCH,116406,60.4221150,P,H,PWD,B.Tech,2025,4
'03436,"B.R. Harne College of Engineering & Technology, Karav, Tal-Ambernath.",'0343624510,Computer Engineering,Un-Aided,Unknown,GSTH,151167,42.9247346,G,H,ST,B.Tech,2025,4
'03436,"B.R. Harne College of Engineering & Technology, Karav, Tal-Ambernath.",'0343624510,Computer Engineering,Un-Aided,Unknown,GNT2H,128605,54.5739657,G,H,NT2,B.Tech,2025,4
'03436,"B.R. Harne College of Engineering & Technology, Karav, Tal-Ambernath.",'0343624510,Computer Engineering,Un-Aided,Unknown,GSEBCH,137229,50.4913264,G,H,SEBC,B.Tech,2025,4
'03436,"B.R. Harne College of Engineering & Technology, Karav, Tal-Ambernath.",'0343624610,Information Technology,Un-Aided,Unknown,GOPENH,141516,47.8015007,G,H,OPEN,B.Tech,2025,4
'03436,"B.R. Harne College of Engineering & Technology, Karav, Tal-Ambernath.",'0343624610,Information Technology,Un-Aided,Unknown,GSCH,167596,32.1650475,G,H,SC,B.Tech,2025,4
'03436,"B.R. Harne College of Engineering & Technology, Karav, Tal-Ambernath.",'0343624610,Information Technology,Un-Aided,Unknown,GOBCH,145269,45.9816283,G,H,OBC,B.Tech,2025,4
'03436,"B.R. Harne College of Engineering & Technology, Karav, Tal-Ambernath.",'0343624610,Information Technology,Un-Aided,Unknown,PWDOPENH,113201,61.7969670,P,H,PWD,B.Tech,2025,4
'03436,"B.R. Harne College of Engineering & Technology, Karav, Tal-Ambernath.",'0343624610,Information Technology,Un-Aided,Unknown,GSTH,173080,28.4151863,G,H,ST,B.Tech,2025,4
'03436,"B.R. Harne College of Engineering & Technology, Karav, Tal-Ambernath.",'0343624610,Information Technology,Un-Aided,Unknown,GSEBCH,141763,47.8015007,G,H,SEBC,B.Tech,2025,4
'03436,"B.R. Harne College of Engineering & Technology, Karav, Tal-Ambernath.",'0343624610,Information Technology,Un-Aided,Unknown,LNT1H,159461,37.6293706,L,H,NT1,B.Tech,2025,4
'03436,"B.R. Harne College of Engineering & Technology, Karav, Tal-Ambernath.",'0343629310,Electrical Engineering,Un-Aided,Unknown,GSEBCO,166552,32.5451434,G,O,SEBC,B.Tech,2025,4
'03436,"B.R. Harne College of Engineering & Technology, Karav, Tal-Ambernath.",'0343690010,Electronics and Computer Science,Un-Aided,Unknown,GOPENH,194863,10.2639800,G,H,OPEN,B.Tech,2025,4
'03436,"B.R. Harne College of Engineering & Technology, Karav, Tal-Ambernath.",'0343690010,Electronics and Computer Science,Un-Aided,Unknown,GSCH,198775,6.2359571,G,H,SC,B.Tech,2025,4
'03436,"B.R. Harne College of Engineering & Technology, Karav, Tal-Ambernath.",'0343690010,Electronics and Computer Science,Un-Aided,Unknown,LOPENH,153416,41.4020979,L,H,OPEN,B.Tech,2025,4
'03436,"B.R. Harne College of Engineering & Technology, Karav, Tal-Ambernath.",'0343690010,Electronics and Computer Science,Un-Aided,Unknown,LSCH,184058,19.4484962,L,H,SC,B.Tech,2025,4
'03436,"B.R. Harne College of Engineering & Technology, Karav, Tal-Ambernath.",'0343691110,Computer Science and Engineering(Artificial Intelligence and Machine Learning),Un-Aided,Unknown,GOPENO,174424,28.1994074,G,O,OPEN,B.Tech,2025,4
'03436,"B.R. Harne College of Engineering & Technology, Karav, Tal-Ambernath.",'0343691110,Computer Science and Engineering(Artificial Intelligence and Machine Learning),Un-Aided,Unknown,GSCO,182113,21.5882968,G,O,SC,B.Tech,2025,4
'03439,"Anjuman-I-Islam's Kalsekar Technical Campus, Panvel",'0343919110,Civil Engineering,Un-Aided Autonomous Religious Minority - Muslim,Unknown,GOPENS,72323,77.9513058,G,S,OPEN,B.Tech,2025,4
'03439,"Anjuman-I-Islam's Kalsekar Technical Campus, Panvel",'0343919110,Civil Engineering,Un-Aided Autonomous Religious Minority - Muslim,Unknown,MI,43066,87.2335313,M,I,MI,B.Tech,2025,4
'03439,"Anjuman-I-Islam's Kalsekar Technical Campus, Panvel",'0343924510,Computer Engineering,Un-Aided Autonomous Religious Minority - Muslim,Unknown,GOPENS,90562,71.1730870,G,S,OPEN,B.Tech,2025,4
'03439,"Anjuman-I-Islam's Kalsekar Technical Campus, Panvel",'0343924510,Computer Engineering,Un-Aided Autonomous Religious Minority - Muslim,Unknown,MI,101407,66.9039004,M,I,MI,B.Tech,2025,4
'03439,"Anjuman-I-Islam's Kalsekar Technical Campus, Panvel",'0343961210,Mechanical Engineering,Un-Aided Autonomous Religious Minority - Muslim,Unknown,GOPENS,119606,58.8994542,G,S,OPEN,B.Tech,2025,4
'03439,"Anjuman-I-Islam's Kalsekar Technical Campus, Panvel",'0343961210,Mechanical Engineering,Un-Aided Autonomous Religious Minority - Muslim,Unknown,LOPENS,157328,39.3344201,L,S,OPEN,B.Tech,2025,4
'03439,"Anjuman-I-Islam's Kalsekar Technical Campus, Panvel",'0343990010,Electronics and Computer Science,Un-Aided Autonomous Religious Minority - Muslim,Unknown,GOPENS,100810,67.1459332,G,S,OPEN,B.Tech,2025,4
'03439,"Anjuman-I-Islam's Kalsekar Technical Campus, Panvel",'0343990010,Electronics and Computer Science,Un-Aided Autonomous Religious Minority - Muslim,Unknown,LOPENS,113274,61.7969670,L,S,OPEN,B.Tech,2025,4
'03439,"Anjuman-I-Islam's Kalsekar Technical Campus, Panvel",'0343991110,Computer Science and Engineering(Artificial Intelligence and Machine Learning),Un-Aided Autonomous Religious Minority - Muslim,Unknown,GOPENS,68123,79.3004726,G,S,OPEN,B.Tech,2025,4
'03439,"Anjuman-I-Islam's Kalsekar Technical Campus, Panvel",'0343991110,Computer Science and Engineering(Artificial Intelligence and Machine Learning),Un-Aided Autonomous Religious Minority - Muslim,Unknown,LOPENS,100140,67.2177090,L,S,OPEN,B.Tech,2025,4
'03439,"Anjuman-I-Islam's Kalsekar Technical Campus, Panvel",'0343991210,Computer Science and Engineering(Data Science),Un-Aided Autonomous Religious Minority - Muslim,Unknown,GOPENS,87242,72.3760958,G,S,OPEN,B.Tech,2025,4
'03439,"Anjuman-I-Islam's Kalsekar Technical Campus, Panvel",'0343991210,Computer Science and Engineering(Data Science),Un-Aided Autonomous Religious Minority - Muslim,Unknown,LOPENS,52236,84.3296195,L,S,OPEN,B.Tech,2025,4
'03439,"Anjuman-I-Islam's Kalsekar Technical Campus, Panvel",'0343991210,Computer Science and Engineering(Data Science),Un-Aided Autonomous Religious Minority - Muslim,Unknown,MI,80414,75.1716925,M,I,MI,B.Tech,2025,4
'03439,"Anjuman-I-Islam's Kalsekar Technical Campus, Panvel",'0343992610,Electrical and Computer Engineering,Un-Aided Autonomous Religious Minority - Muslim,Unknown,GOPENS,118502,59.2797111,G,S,OPEN,B.Tech,2025,4
'03439,"Anjuman-I-Islam's Kalsekar Technical Campus, Panvel",'0343992610,Electrical and Computer Engineering,Un-Aided Autonomous Religious Minority - Muslim,Unknown,MI,113608,61.6834321,M,I,MI,B.Tech,2025,4
'03440,"Metropolitan Institute of Technology & Management, Sukhalwad, Sindhudurg.",'0344024510,Computer Engineering,Un-Aided,Unknown,TFWS,182105,21.5882968,T,S,TFWS,B.Tech,2025,4
'03445,"Vishwatmak Jangli Maharaj Ashram Trust (Kokamthan), Atma Malik Institute Of Technology & Research",'0344524510,Computer Engineering,Un-Aided,Unknown,GOPENH,83449,73.6328536,G,H,OPEN,B.Tech,2025,4
'03445,"Vishwatmak Jangli Maharaj Ashram Trust (Kokamthan), Atma Malik Institute Of Technology & Research",'0344524510,Computer Engineering,Un-Aided,Unknown,LSEBCH,199346,5.6196618,L,H,SEBC,B.Tech,2025,4
'03445,"Vishwatmak Jangli Maharaj Ashram Trust (Kokamthan), Atma Malik Institute Of Technology & Research",'0344561210,Mechanical Engineering,Un-Aided,Unknown,GOPENO,171011,29.4125763,G,O,OPEN,B.Tech,2025,4
'03445,"Vishwatmak Jangli Maharaj Ashram Trust (Kokamthan), Atma Malik Institute Of Technology & Research",'0344561210,Mechanical Engineering,Un-Aided,Unknown,LOBCO,195035,9.9651616,L,O,OBC,B.Tech,2025,4
'03445,"Vishwatmak Jangli Maharaj Ashram Trust (Kokamthan), Atma Malik Institute Of Technology & Research",'0344592010,Computer Science and Engineering (Internet of Things and Cyber Security Including Block Chain,Un-Aided,Unknown,GSCH,159571,37.1950556,G,H,SC,B.Tech,2025,4
'03445,"Vishwatmak Jangli Maharaj Ashram Trust (Kokamthan), Atma Malik Institute Of Technology & Research",'0344592010,Computer Science and Engineering (Internet of Things and Cyber Security Including Block Chain,Un-Aided,Unknown,LSEBCH,115668,60.6344780,L,H,SEBC,B.Tech,2025,4
'03445,"Vishwatmak Jangli Maharaj Ashram Trust (Kokamthan), Atma Malik Institute Of Technology & Research",'0344592110,Artificial Intelligence and Machine Learning,Un-Aided,Unknown,GOPENH,136732,50.5909012,G,H,OPEN,B.Tech,2025,4
'03445,"Vishwatmak Jangli Maharaj Ashram Trust (Kokamthan), Atma Malik Institute Of Technology & Research",'0344592110,Artificial Intelligence and Machine Learning,Un-Aided,Unknown,GSEBCH,196973,7.9877752,G,H,SEBC,B.Tech,2025,4
'03445,"Vishwatmak Jangli Maharaj Ashram Trust (Kokamthan), Atma Malik Institute Of Technology & Research",'0344592110,Artificial Intelligence and Machine Learning,Un-Aided,Unknown,GSCH,145711,45.9245973,G,H,SC,B.Tech,2025,4
'03445,"Vishwatmak Jangli Maharaj Ashram Trust (Kokamthan), Atma Malik Institute Of Technology & Research",'0344592110,Artificial Intelligence and Machine Learning,Un-Aided,Unknown,GSTH,142434,47.3563218,G,H,ST,B.Tech,2025,4
'03445,"Vishwatmak Jangli Maharaj Ashram Trust (Kokamthan), Atma Malik Institute Of Technology & Research",'0344592110,Artificial Intelligence and Machine Learning,Un-Aided,Unknown,LSCH,122971,57.4376852,L,H,SC,B.Tech,2025,4
'03447,"G.M.Vedak Institute of Technology, Tala, Raigad.",'0344719110,Civil Engineering,Un-Aided,Unknown,GOPENO,192749,11.9485358,G,O,OPEN,B.Tech,2025,4
'03447,"G.M.Vedak Institute of Technology, Tala, Raigad.",'0344724510,Computer Engineering,Un-Aided,Unknown,GOPENH,99796,67.8210479,G,H,OPEN,B.Tech,2025,4
'03447,"G.M.Vedak Institute of Technology, Tala, Raigad.",'0344724510,Computer Engineering,Un-Aided,Unknown,GSCH,179417,22.9939635,G,H,SC,B.Tech,2025,4
'03447,"G.M.Vedak Institute of Technology, Tala, Raigad.",'0344761210,Mechanical Engineering,Un-Aided,Unknown,GOPENO,165459,33.0802795,G,O,OPEN,B.Tech,2025,4
'03462,"VPM's Maharshi Parshuram College of Engineering, Velneshwar, Ratnagiri.",'0346224510,Computer Engineering,Un-Aided,Unknown,GOPENH,195251,9.7858898,G,H,OPEN,B.Tech,2025,4
'03462,"VPM's Maharshi Parshuram College of Engineering, Velneshwar, Ratnagiri.",'0346224510,Computer Engineering,Un-Aided,Unknown,LOPENH,111198,62.9184580,L,H,OPEN,B.Tech,2025,4
'03462,"VPM's Maharshi Parshuram College of Engineering, Velneshwar, Ratnagiri.",'0346246610,Instrumentation Engineering,Un-Aided,Unknown,LOPENO,125874,55.9381337,L,O,OPEN,B.Tech,2025,4
'03462,"VPM's Maharshi Parshuram College of Engineering, Velneshwar, Ratnagiri.",'0346261210,Mechanical Engineering,Un-Aided,Unknown,GOPENH,201958,2.4831562,G,H,OPEN,B.Tech,2025,4
'03462,"VPM's Maharshi Parshuram College of Engineering, Velneshwar, Ratnagiri.",'0346284410,Electronics and Computer Engineering,Un-Aided,Unknown,GOPENH,105086,65.5190641,G,H,OPEN,B.Tech,2025,4
'03465,"Ideal Institute of Technology, Wada, Dist.Thane",'0346519110,Civil Engineering,Un-Aided,Unknown,GOPENH,189099,15.4704064,G,H,OPEN,B.Tech,2025,4
'03465,"Ideal Institute of Technology, Wada, Dist.Thane",'0346524210,Computer Science and Engineering,Un-Aided,Unknown,GOPENH,115137,60.8775137,G,H,OPEN,B.Tech,2025,4
'03465,"Ideal Institute of Technology, Wada, Dist.Thane",'0346524210,Computer Science and Engineering,Un-Aided,Unknown,GSCH,176973,25.4595013,G,H,SC,B.Tech,2025,4
'03465,"Ideal Institute of Technology, Wada, Dist.Thane",'0346524210,Computer Science and Engineering,Un-Aided,Unknown,GNT1H,137434,50.4913264,G,H,NT1,B.Tech,2025,4
'03465,"Ideal Institute of Technology, Wada, Dist.Thane",'0346524210,Computer Science and Engineering,Un-Aided,Unknown,GNT3H,197213,7.8234926,G,H,NT3,B.Tech,2025,4
'03465,"Ideal Institute of Technology, Wada, Dist.Thane",'0346524210,Computer Science and Engineering,Un-Aided,Unknown,GOBCH,183064,20.6428039,G,H,OBC,B.Tech,2025,4
'03465,"Ideal Institute of Technology, Wada, Dist.Thane",'0346524210,Computer Science and Engineering,Un-Aided,Unknown,LOPENH,74831,76.9213781,L,H,OPEN,B.Tech,2025,4
'03465,"Ideal Institute of Technology, Wada, Dist.Thane",'0346524210,Computer Science and Engineering,Un-Aided,Unknown,LSCH,173909,28.2789485,L,H,SC,B.Tech,2025,4
'03465,"Ideal Institute of Technology, Wada, Dist.Thane",'0346524210,Computer Science and Engineering,Un-Aided,Unknown,LOBCH,151381,42.9247346,L,H,OBC,B.Tech,2025,4
'03465,"Ideal Institute of Technology, Wada, Dist.Thane",'0346524210,Computer Science and Engineering,Un-Aided,Unknown,LSEBCH,95820,69.0979021,L,H,SEBC,B.Tech,2025,4
'03465,"Ideal Institute of Technology, Wada, Dist.Thane",'0346524210,Computer Science and Engineering,Un-Aided,Unknown,PWDOPENH,107277,64.3453843,P,H,PWD,B.Tech,2025,4
'03465,"Ideal Institute of Technology, Wada, Dist.Thane",'0346524210,Computer Science and Engineering,Un-Aided,Unknown,PWDOBCH,200794,3.8667565,P,H,PWD,B.Tech,2025,4
'03465,"Ideal Institute of Technology, Wada, Dist.Thane",'0346524210,Computer Science and Engineering,Un-Aided,Unknown,GSTH,121715,57.8195751,G,H,ST,B.Tech,2025,4
'03465,"Ideal Institute of Technology, Wada, Dist.Thane",'0346524210,Computer Science and Engineering,Un-Aided,Unknown,GOBCH,126629,55.6405756,G,H,OBC,B.Tech,2025,4
'03465,"Ideal Institute of Technology, Wada, Dist.Thane",'0346524210,Computer Science and Engineering,Un-Aided,Unknown,LVJH,112741,62.0615406,L,H,VJ,B.Tech,2025,4
'03465,"Ideal Institute of Technology, Wada, Dist.Thane",'0346524210,Computer Science and Engineering,Un-Aided,Unknown,LNT2H,107890,64.2631037,L,H,NT2,B.Tech,2025,4
'03465,"Ideal Institute of Technology, Wada, Dist.Thane",'0346561210,Mechanical Engineering,Un-Aided,Unknown,LOPENO,105254,65.5190641,L,O,OPEN,B.Tech,2025,4
'03465,"Ideal Institute of Technology, Wada, Dist.Thane",'0346592110,Artificial Intelligence and Machine Learning,Un-Aided,Unknown,GOPENH,145727,45.9245973,G,H,OPEN,B.Tech,2025,4
'03465,"Ideal Institute of Technology, Wada, Dist.Thane",'0346592110,Artificial Intelligence and Machine Learning,Un-Aided,Unknown,GOBCH,192690,11.9485358,G,H,OBC,B.Tech,2025,4
'03465,"Ideal Institute of Technology, Wada, Dist.Thane",'0346592110,Artificial Intelligence and Machine Learning,Un-Aided,Unknown,GSEBCH,180763,22.1740686,G,H,SEBC,B.Tech,2025,4
'03465,"Ideal Institute of Technology, Wada, Dist.Thane",'0346592110,Artificial Intelligence and Machine Learning,Un-Aided,Unknown,LOPENH,118366,59.3210117,L,H,OPEN,B.Tech,2025,4
'03465,"Ideal Institute of Technology, Wada, Dist.Thane",'0346592110,Artificial Intelligence and Machine Learning,Un-Aided,Unknown,LSCH,151022,43.0314730,L,H,SC,B.Tech,2025,4
'03465,"Ideal Institute of Technology, Wada, Dist.Thane",'0346592110,Artificial Intelligence and Machine Learning,Un-Aided,Unknown,LOBCH,126527,55.6405756,L,H,OBC,B.Tech,2025,4
'03465,"Ideal Institute of Technology, Wada, Dist.Thane",'0346592110,Artificial Intelligence and Machine Learning,Un-Aided,Unknown,PWDSCH,164585,33.6209084,P,H,PWD,B.Tech,2025,4
'03465,"Ideal Institute of Technology, Wada, Dist.Thane",'0346592110,Artificial Intelligence and Machine Learning,Un-Aided,Unknown,GSTH,155992,39.6653303,G,H,ST,B.Tech,2025,4
'03465,"Ideal Institute of Technology, Wada, Dist.Thane",'0346592110,Artificial Intelligence and Machine Learning,Un-Aided,Unknown,GVJH,148348,43.9154166,G,H,VJ,B.Tech,2025,4
'03465,"Ideal Institute of Technology, Wada, Dist.Thane",'0346592110,Artificial Intelligence and Machine Learning,Un-Aided,Unknown,GNT1H,154949,40.0432529,G,H,NT1,B.Tech,2025,4
'03465,"Ideal Institute of Technology, Wada, Dist.Thane",'0346592110,Artificial Intelligence and Machine Learning,Un-Aided,Unknown,GNT2H,148303,43.9154166,G,H,NT2,B.Tech,2025,4
'03465,"Ideal Institute of Technology, Wada, Dist.Thane",'0346592110,Artificial Intelligence and Machine Learning,Un-Aided,Unknown,GSEBCH,151775,42.7403863,G,H,SEBC,B.Tech,2025,4
'03465,"Ideal Institute of Technology, Wada, Dist.Thane",'0346592110,Artificial Intelligence and Machine Learning,Un-Aided,Unknown,LNT1H,129204,54.4314351,L,H,NT1,B.Tech,2025,4
'03465,"Ideal Institute of Technology, Wada, Dist.Thane",'0346592110,Artificial Intelligence and Machine Learning,Un-Aided,Unknown,LSEBCH,157722,39.2302050,L,H,SEBC,B.Tech,2025,4
'03465,"Ideal Institute of Technology, Wada, Dist.Thane",'0346599510,Artificial Intelligence and Data Science,Un-Aided,Unknown,GOPENH,119614,58.8994542,G,H,OPEN,B.Tech,2025,4
'03465,"Ideal Institute of Technology, Wada, Dist.Thane",'0346599510,Artificial Intelligence and Data Science,Un-Aided,Unknown,GSCH,140549,48.5587427,G,H,SC,B.Tech,2025,4
'03465,"Ideal Institute of Technology, Wada, Dist.Thane",'0346599510,Artificial Intelligence and Data Science,Un-Aided,Unknown,GOBCH,135623,50.9683037,G,H,OBC,B.Tech,2025,4
'03465,"Ideal Institute of Technology, Wada, Dist.Thane",'0346599510,Artificial Intelligence and Data Science,Un-Aided,Unknown,LOPENH,72367,77.9513058,L,H,OPEN,B.Tech,2025,4
'03465,"Ideal Institute of Technology, Wada, Dist.Thane",'0346599510,Artificial Intelligence and Data Science,Un-Aided,Unknown,GNT2H,131569,53.2657343,G,H,NT2,B.Tech,2025,4
'03465,"Ideal Institute of Technology, Wada, Dist.Thane",'0346599510,Artificial Intelligence and Data Science,Un-Aided,Unknown,GSEBCH,130440,53.7591782,G,H,SEBC,B.Tech,2025,4
'03465,"Ideal Institute of Technology, Wada, Dist.Thane",'0346599510,Artificial Intelligence and Data Science,Un-Aided,Unknown,LSTH,123351,57.4017459,L,H,ST,B.Tech,2025,4
'03465,"Ideal Institute of Technology, Wada, Dist.Thane",'0346599510,Artificial Intelligence and Data Science,Un-Aided,Unknown,LNT2H,104394,65.6692751,L,H,NT2,B.Tech,2025,4
'03467,"Vishwaniketan's Institute of Management Entrepreneurship and Engineering Technology(i MEET), Khalapur Dist Raigad",'0346719110,Civil Engineering,Un-Aided,Unknown,GOPENH,169418,31.9226076,G,H,OPEN,B.Tech,2025,4
'03467,"Vishwaniketan's Institute of Management Entrepreneurship and Engineering Technology(i MEET), Khalapur Dist Raigad",'0346719110,Civil Engineering,Un-Aided,Unknown,LOPENH,155831,39.6653303,L,H,OPEN,B.Tech,2025,4
'03467,"Vishwaniketan's Institute of Management Entrepreneurship and Engineering Technology(i MEET), Khalapur Dist Raigad",'0346724510,Computer Engineering,Un-Aided,Unknown,GOPENH,90310,71.4755245,G,H,OPEN,B.Tech,2025,4
'03467,"Vishwaniketan's Institute of Management Entrepreneurship and Engineering Technology(i MEET), Khalapur Dist Raigad",'0346724510,Computer Engineering,Un-Aided,Unknown,LOPENH,93305,70.2033567,L,H,OPEN,B.Tech,2025,4
'03467,"Vishwaniketan's Institute of Management Entrepreneurship and Engineering Technology(i MEET), Khalapur Dist Raigad",'0346724510,Computer Engineering,Un-Aided,Unknown,LOBCH,149547,43.5338318,L,H,OBC,B.Tech,2025,4
'03467,"Vishwaniketan's Institute of Management Entrepreneurship and Engineering Technology(i MEET), Khalapur Dist Raigad",'0346724510,Computer Engineering,Un-Aided,Unknown,GVJH,101393,66.9039004,G,H,VJ,B.Tech,2025,4
'03467,"Vishwaniketan's Institute of Management Entrepreneurship and Engineering Technology(i MEET), Khalapur Dist Raigad",'0346729310,Electrical Engineering,Un-Aided,Unknown,GNT3O,197285,7.8234926,G,O,NT3,B.Tech,2025,4
'03467,"Vishwaniketan's Institute of Management Entrepreneurship and Engineering Technology(i MEET), Khalapur Dist Raigad",'0346729310,Electrical Engineering,Un-Aided,Unknown,LOPENO,201860,2.6606735,L,O,OPEN,B.Tech,2025,4
'03467,"Vishwaniketan's Institute of Management Entrepreneurship and Engineering Technology(i MEET), Khalapur Dist Raigad",'0346737210,Electronics and Telecommunication Engg,Un-Aided,Unknown,GOPENH,120490,58.6907687,G,H,OPEN,B.Tech,2025,4
'03467,"Vishwaniketan's Institute of Management Entrepreneurship and Engineering Technology(i MEET), Khalapur Dist Raigad",'0346737210,Electronics and Telecommunication Engg,Un-Aided,Unknown,GSCH,196308,8.7118703,G,H,SC,B.Tech,2025,4
'03467,"Vishwaniketan's Institute of Management Entrepreneurship and Engineering Technology(i MEET), Khalapur Dist Raigad",'0346737210,Electronics and Telecommunication Engg,Un-Aided,Unknown,LOPENH,143746,47.0502678,L,H,OPEN,B.Tech,2025,4
'03467,"Vishwaniketan's Institute of Management Entrepreneurship and Engineering Technology(i MEET), Khalapur Dist Raigad",'0346761210,Mechanical Engineering,Un-Aided,Unknown,GSCH,191424,13.3124347,G,H,SC,B.Tech,2025,4
'03467,"Vishwaniketan's Institute of Management Entrepreneurship and Engineering Technology(i MEET), Khalapur Dist Raigad",'0346761210,Mechanical Engineering,Un-Aided,Unknown,LOPENH,160602,36.1811489,L,H,OPEN,B.Tech,2025,4
'03467,"Vishwaniketan's Institute of Management Entrepreneurship and Engineering Technology(i MEET), Khalapur Dist Raigad",'0346761210,Mechanical Engineering,Un-Aided,Unknown,LOPENH,153687,41.4020979,L,H,OPEN,B.Tech,2025,4
'03467,"Vishwaniketan's Institute of Management Entrepreneurship and Engineering Technology(i MEET), Khalapur Dist Raigad",'0346761210,Mechanical Engineering,Un-Aided,Unknown,LOBCH,166044,32.5553935,L,H,OBC,B.Tech,2025,4
'03467,"Vishwaniketan's Institute of Management Entrepreneurship and Engineering Technology(i MEET), Khalapur Dist Raigad",'0346791110,Computer Science and Engineering(Artificial Intelligence and Machine Learning),Un-Aided,Unknown,LOBCO,118609,59.2797111,L,O,OBC,B.Tech,2025,4
'03470,YASHWANTRAO BHONSALE INSTITUTE OF TECHNOLOGY,'0347024210,Computer Science and Engineering,Un-Aided,Unknown,GSCH,124724,56.6213771,G,H,SC,B.Tech,2025,4
'03470,YASHWANTRAO BHONSALE INSTITUTE OF TECHNOLOGY,'0347024510,Computer Engineering,Un-Aided,Unknown,GOPENH,179343,23.4132019,G,H,OPEN,B.Tech,2025,4
'03470,YASHWANTRAO BHONSALE INSTITUTE OF TECHNOLOGY,'0347024510,Computer Engineering,Un-Aided,Unknown,LOPENH,99794,67.8210479,L,H,OPEN,B.Tech,2025,4
'03470,YASHWANTRAO BHONSALE INSTITUTE OF TECHNOLOGY,'0347061210,Mechanical Engineering,Un-Aided,Unknown,GOPENH,94300,69.4936445,G,H,OPEN,B.Tech,2025,4
'03470,YASHWANTRAO BHONSALE INSTITUTE OF TECHNOLOGY,'0347061210,Mechanical Engineering,Un-Aided,Unknown,GOBCH,203037,1.0830948,G,H,OBC,B.Tech,2025,4
'03471,"New Horizon Institute of Technology & Management, Thane",'0347119110,Civil Engineering,Un-Aided,Unknown,GOPENH,122667,57.5410529,G,H,OPEN,B.Tech,2025,4
'03471,"New Horizon Institute of Technology & Management, Thane",'0347119110,Civil Engineering,Un-Aided,Unknown,GSCH,134723,51.5716400,G,H,SC,B.Tech,2025,4
'03471,"New Horizon Institute of Technology & Management, Thane",'0347119110,Civil Engineering,Un-Aided,Unknown,GOBCH,136704,50.5909012,G,H,OBC,B.Tech,2025,4
'03471,"New Horizon Institute of Technology & Management, Thane",'0347124510,Computer Engineering,Un-Aided,Unknown,GOPENH,60826,81.6328671,G,H,OPEN,B.Tech,2025,4
'03471,"New Horizon Institute of Technology & Management, Thane",'0347124510,Computer Engineering,Un-Aided,Unknown,GSCH,65075,80.0000000,G,H,SC,B.Tech,2025,4
'03471,"New Horizon Institute of Technology & Management, Thane",'0347124510,Computer Engineering,Un-Aided,Unknown,GOBCH,69832,78.5819586,G,H,OBC,B.Tech,2025,4
'03471,"New Horizon Institute of Technology & Management, Thane",'0347124510,Computer Engineering,Un-Aided,Unknown,LOBCH,64582,80.3575863,L,H,OBC,B.Tech,2025,4
'03471,"New Horizon Institute of Technology & Management, Thane",'0347124510,Computer Engineering,Un-Aided,Unknown,GSTH,61430,81.3270637,G,H,ST,B.Tech,2025,4
'03471,"New Horizon Institute of Technology & Management, Thane",'0347124610,Information Technology,Un-Aided,Unknown,GOPENH,51814,84.4950314,G,H,OPEN,B.Tech,2025,4
'03471,"New Horizon Institute of Technology & Management, Thane",'0347124610,Information Technology,Un-Aided,Unknown,GOBCH,71271,78.2722320,G,H,OBC,B.Tech,2025,4
'03471,"New Horizon Institute of Technology & Management, Thane",'0347124610,Information Technology,Un-Aided,Unknown,LOPENH,63254,80.8599071,L,H,OPEN,B.Tech,2025,4
'03471,"New Horizon Institute of Technology & Management, Thane",'0347125710,Computer Science and Design,Un-Aided,Unknown,GOPENO,103504,66.1695365,G,O,OPEN,B.Tech,2025,4
'03471,"New Horizon Institute of Technology & Management, Thane",'0347125710,Computer Science and Design,Un-Aided,Unknown,GSCO,114658,60.9090909,G,O,SC,B.Tech,2025,4
'03471,"New Horizon Institute of Technology & Management, Thane",'0347125710,Computer Science and Design,Un-Aided,Unknown,LOPENO,107909,64.2631037,L,O,OPEN,B.Tech,2025,4
'03471,"New Horizon Institute of Technology & Management, Thane",'0347125710,Computer Science and Design,Un-Aided,Unknown,LSCO,132151,53.2228937,L,O,SC,B.Tech,2025,4
'03471,"New Horizon Institute of Technology & Management, Thane",'0347161210,Mechanical Engineering,Un-Aided,Unknown,GOPENH,94315,69.4936445,G,H,OPEN,B.Tech,2025,4
'03471,"New Horizon Institute of Technology & Management, Thane",'0347161210,Mechanical Engineering,Un-Aided,Unknown,LOBCH,139020,49.4020979,L,H,OBC,B.Tech,2025,4
'03471,"New Horizon Institute of Technology & Management, Thane",'0347162410,Mechatronics Engineering,Un-Aided,Unknown,GSCO,183496,20.2849168,G,O,SC,B.Tech,2025,4
'03471,"New Horizon Institute of Technology & Management, Thane",'0347162410,Mechatronics Engineering,Un-Aided,Unknown,LOPENO,187255,16.8604050,L,O,OPEN,B.Tech,2025,4
'03471,"New Horizon Institute of Technology & Management, Thane",'0347199510,Artificial Intelligence and Data Science,Un-Aided,Unknown,GOPENH,57762,82.4521073,G,H,OPEN,B.Tech,2025,4
'03471,"New Horizon Institute of Technology & Management, Thane",'0347199510,Artificial Intelligence and Data Science,Un-Aided,Unknown,GSCH,79692,75.2107280,G,H,SC,B.Tech,2025,4
'03471,"New Horizon Institute of Technology & Management, Thane",'0347199510,Artificial Intelligence and Data Science,Un-Aided,Unknown,GNT1H,97835,68.3753318,G,H,NT1,B.Tech,2025,4
'03471,"New Horizon Institute of Technology & Management, Thane",'0347199510,Artificial Intelligence and Data Science,Un-Aided,Unknown,GOBCH,60563,81.6453226,G,H,OBC,B.Tech,2025,4
'03471,"New Horizon Institute of Technology & Management, Thane",'0347199510,Artificial Intelligence and Data Science,Un-Aided,Unknown,LOPENH,56829,82.8437868,L,H,OPEN,B.Tech,2025,4
'03471,"New Horizon Institute of Technology & Management, Thane",'0347199510,Artificial Intelligence and Data Science,Un-Aided,Unknown,LOBCH,68999,78.6729363,L,H,OBC,B.Tech,2025,4
'03471,"New Horizon Institute of Technology & Management, Thane",'0347199510,Artificial Intelligence and Data Science,Un-Aided,Unknown,PWDOPENH,51253,84.6429815,P,H,PWD,B.Tech,2025,4
'03471,"New Horizon Institute of Technology & Management, Thane",'0347199510,Artificial Intelligence and Data Science,Un-Aided,Unknown,PWDOBCH,64405,80.3575863,P,H,PWD,B.Tech,2025,4
'03475,"A. P. Shah Institute of Technology, Thane",'0347519110,Civil Engineering,Un-Aided Religious Minority - Jain,Unknown,GOPENH,86193,72.8948543,G,H,OPEN,B.Tech,2025,4
'03475,"A. P. Shah Institute of Technology, Thane",'0347524510,Computer Engineering,Un-Aided Religious Minority - Jain,Unknown,GOPENH,31980,90.6332693,G,H,OPEN,B.Tech,2025,4
'03475,"A. P. Shah Institute of Technology, Thane",'0347524510,Computer Engineering,Un-Aided Religious Minority - Jain,Unknown,LOPENH,34216,89.9860676,L,H,OPEN,B.Tech,2025,4
'03475,"A. P. Shah Institute of Technology, Thane",'0347524610,Information Technology,Un-Aided Religious Minority - Jain,Unknown,GOPENH,47539,85.8824755,G,H,OPEN,B.Tech,2025,4
'03475,"A. P. Shah Institute of Technology, Thane",'0347524610,Information Technology,Un-Aided Religious Minority - Jain,Unknown,LOPENH,46153,86.2351996,L,H,OPEN,B.Tech,2025,4
'03475,"A. P. Shah Institute of Technology, Thane",'0347561210,Mechanical Engineering,Un-Aided Religious Minority - Jain,Unknown,GOPENO,77100,75.8001957,G,O,OPEN,B.Tech,2025,4
'03475,"A. P. Shah Institute of Technology, Thane",'0347561210,Mechanical Engineering,Un-Aided Religious Minority - Jain,Unknown,LOPENO,83785,73.6159498,L,O,OPEN,B.Tech,2025,4
'03475,"A. P. Shah Institute of Technology, Thane",'0347591110,Computer Science and Engineering(Artificial Intelligence and Machine Learning),Un-Aided Religious Minority - Jain,Unknown,GOPENH,41052,87.9235179,G,H,OPEN,B.Tech,2025,4
'03475,"A. P. Shah Institute of Technology, Thane",'0347591110,Computer Science and Engineering(Artificial Intelligence and Machine Learning),Un-Aided Religious Minority - Jain,Unknown,LOPENH,41261,87.7787039,L,H,OPEN,B.Tech,2025,4
'03475,"A. P. Shah Institute of Technology, Thane",'0347591210,Computer Science and Engineering(Data Science),Un-Aided Religious Minority - Jain,Unknown,GOPENH,46498,85.9982332,G,H,OPEN,B.Tech,2025,4
'03475,"A. P. Shah Institute of Technology, Thane",'0347591210,Computer Science and Engineering(Data Science),Un-Aided Religious Minority - Jain,Unknown,LOPENH,46474,86.2041018,L,H,OPEN,B.Tech,2025,4
'03477,"Chhartrapati Shivaji Maharaj Institute of Technology, Shedung, Panvel",'0347719110,Civil Engineering,Un-Aided,Unknown,GOPENH,180752,22.1740686,G,H,OPEN,B.Tech,2025,4
'03477,"Chhartrapati Shivaji Maharaj Institute of Technology, Shedung, Panvel",'0347719110,Civil Engineering,Un-Aided,Unknown,GSCH,193625,11.1969965,G,H,SC,B.Tech,2025,4
'03477,"Chhartrapati Shivaji Maharaj Institute of Technology, Shedung, Panvel",'0347724510,Computer Engineering,Un-Aided,Unknown,GSEBCO,191569,13.2717448,G,O,SEBC,B.Tech,2025,4
'03477,"Chhartrapati Shivaji Maharaj Institute of Technology, Shedung, Panvel",'0347724510,Computer Engineering,Un-Aided,Unknown,GNT1O,184555,19.2051273,G,O,NT1,B.Tech,2025,4
'03477,"Chhartrapati Shivaji Maharaj Institute of Technology, Shedung, Panvel",'0347761210,Mechanical Engineering,Un-Aided,Unknown,GNT2H,173368,28.3463753,G,H,NT2,B.Tech,2025,4
'03477,"Chhartrapati Shivaji Maharaj Institute of Technology, Shedung, Panvel",'0347761210,Mechanical Engineering,Un-Aided,Unknown,GOBCH,96745,68.8687467,G,H,OBC,B.Tech,2025,4
'03477,"Chhartrapati Shivaji Maharaj Institute of Technology, Shedung, Panvel",'0347761210,Mechanical Engineering,Un-Aided,Unknown,GSEBCH,178975,23.4701479,G,H,SEBC,B.Tech,2025,4
'03477,"Chhartrapati Shivaji Maharaj Institute of Technology, Shedung, Panvel",'0347761210,Mechanical Engineering,Un-Aided,Unknown,LSCH,182857,21.3037657,L,H,SC,B.Tech,2025,4
'03477,"Chhartrapati Shivaji Maharaj Institute of Technology, Shedung, Panvel",'0347761210,Mechanical Engineering,Un-Aided,Unknown,LOBCH,171124,29.2375397,L,H,OBC,B.Tech,2025,4
'03477,"Chhartrapati Shivaji Maharaj Institute of Technology, Shedung, Panvel",'0347761210,Mechanical Engineering,Un-Aided,Unknown,GVJH,167871,32.1281783,G,H,VJ,B.Tech,2025,4
'03477,"Chhartrapati Shivaji Maharaj Institute of Technology, Shedung, Panvel",'0347761210,Mechanical Engineering,Un-Aided,Unknown,GNT3H,158703,38.2479385,G,H,NT3,B.Tech,2025,4
'03477,"Chhartrapati Shivaji Maharaj Institute of Technology, Shedung, Panvel",'0347761210,Mechanical Engineering,Un-Aided,Unknown,LSEBCH,140918,47.8905633,L,H,SEBC,B.Tech,2025,4
'03477,"Chhartrapati Shivaji Maharaj Institute of Technology, Shedung, Panvel",'0347792110,Artificial Intelligence and Machine Learning,Un-Aided,Unknown,GOPENH,68351,79.0279720,G,H,OPEN,B.Tech,2025,4
'03477,"Chhartrapati Shivaji Maharaj Institute of Technology, Shedung, Panvel",'0347792110,Artificial Intelligence and Machine Learning,Un-Aided,Unknown,GNT1H,144562,46.6242967,G,H,NT1,B.Tech,2025,4
'03477,"Chhartrapati Shivaji Maharaj Institute of Technology, Shedung, Panvel",'0347792110,Artificial Intelligence and Machine Learning,Un-Aided,Unknown,GSEBCH,84632,73.4722277,G,H,SEBC,B.Tech,2025,4
'03477,"Chhartrapati Shivaji Maharaj Institute of Technology, Shedung, Panvel",'0347792110,Artificial Intelligence and Machine Learning,Un-Aided,Unknown,LOPENH,75658,76.7694659,L,H,OPEN,B.Tech,2025,4
'03477,"Chhartrapati Shivaji Maharaj Institute of Technology, Shedung, Panvel",'0347792110,Artificial Intelligence and Machine Learning,Un-Aided,Unknown,LNT2H,113026,61.7969670,L,H,NT2,B.Tech,2025,4
'03477,"Chhartrapati Shivaji Maharaj Institute of Technology, Shedung, Panvel",'0347792110,Artificial Intelligence and Machine Learning,Un-Aided,Unknown,PWDOPENH,74235,77.0149774,P,H,PWD,B.Tech,2025,4
'03477,"Chhartrapati Shivaji Maharaj Institute of Technology, Shedung, Panvel",'0347792110,Artificial Intelligence and Machine Learning,Un-Aided,Unknown,PWDSEBCH,94113,69.8498837,P,H,PWD,B.Tech,2025,4
'03477,"Chhartrapati Shivaji Maharaj Institute of Technology, Shedung, Panvel",'0347792110,Artificial Intelligence and Machine Learning,Un-Aided,Unknown,GSTH,71768,78.1688442,G,H,ST,B.Tech,2025,4
'03503,"Indala College Of Engineering, Bapsai Tal.Kalyan",'0350319110,Civil Engineering,Un-Aided,Unknown,GOPENH,122041,57.6249683,G,H,OPEN,B.Tech,2025,4
'03503,"Indala College Of Engineering, Bapsai Tal.Kalyan",'0350319110,Civil Engineering,Un-Aided,Unknown,LOPENH,173409,28.3463753,L,H,OPEN,B.Tech,2025,4
'03503,"Indala College Of Engineering, Bapsai Tal.Kalyan",'0350324510,Computer Engineering,Un-Aided,Unknown,GOPENH,96913,68.8687467,G,H,OPEN,B.Tech,2025,4
'03503,"Indala College Of Engineering, Bapsai Tal.Kalyan",'0350324510,Computer Engineering,Un-Aided,Unknown,GSCH,104793,65.6307130,G,H,SC,B.Tech,2025,4
'03503,"Indala College Of Engineering, Bapsai Tal.Kalyan",'0350324510,Computer Engineering,Un-Aided,Unknown,GOBCH,119395,58.8994542,G,H,OBC,B.Tech,2025,4
'03503,"Indala College Of Engineering, Bapsai Tal.Kalyan",'0350324510,Computer Engineering,Un-Aided,Unknown,LOPENH,94533,69.4936445,L,H,OPEN,B.Tech,2025,4
'03503,"Indala College Of Engineering, Bapsai Tal.Kalyan",'0350324510,Computer Engineering,Un-Aided,Unknown,LSCH,176854,25.4595013,L,H,SC,B.Tech,2025,4
'03503,"Indala College Of Engineering, Bapsai Tal.Kalyan",'0350324510,Computer Engineering,Un-Aided,Unknown,PWDOPENH,100942,66.9498069,P,H,PWD,B.Tech,2025,4
'03503,"Indala College Of Engineering, Bapsai Tal.Kalyan",'0350324510,Computer Engineering,Un-Aided,Unknown,PWDOBCH,103002,66.2972028,P,H,PWD,B.Tech,2025,4
'03503,"Indala College Of Engineering, Bapsai Tal.Kalyan",'0350324510,Computer Engineering,Un-Aided,Unknown,LSTH,101378,66.9039004,L,H,ST,B.Tech,2025,4
'03503,"Indala College Of Engineering, Bapsai Tal.Kalyan",'0350324610,Information Technology,Un-Aided,Unknown,GOPENH,89453,71.5562808,G,H,OPEN,B.Tech,2025,4
'03503,"Indala College Of Engineering, Bapsai Tal.Kalyan",'0350324610,Information Technology,Un-Aided,Unknown,GSCH,143721,47.0502678,G,H,SC,B.Tech,2025,4
'03503,"Indala College Of Engineering, Bapsai Tal.Kalyan",'0350324610,Information Technology,Un-Aided,Unknown,GSEBCH,126038,55.9381337,G,H,SEBC,B.Tech,2025,4
'03503,"Indala College Of Engineering, Bapsai Tal.Kalyan",'0350324610,Information Technology,Un-Aided,Unknown,LSCH,164598,33.6209084,L,H,SC,B.Tech,2025,4
'03503,"Indala College Of Engineering, Bapsai Tal.Kalyan",'0350324610,Information Technology,Un-Aided,Unknown,GVJH,105288,65.5190641,G,H,VJ,B.Tech,2025,4
'03503,"Indala College Of Engineering, Bapsai Tal.Kalyan",'0350326310,Artificial Intelligence (AI) and Data Science,Un-Aided,Unknown,GOPENH,102245,66.3866132,G,H,OPEN,B.Tech,2025,4
'03503,"Indala College Of Engineering, Bapsai Tal.Kalyan",'0350326310,Artificial Intelligence (AI) and Data Science,Un-Aided,Unknown,GNT2H,185716,18.5475444,G,H,NT2,B.Tech,2025,4
'03503,"Indala College Of Engineering, Bapsai Tal.Kalyan",'0350326310,Artificial Intelligence (AI) and Data Science,Un-Aided,Unknown,GOBCH,123144,57.4376852,G,H,OBC,B.Tech,2025,4
'03503,"Indala College Of Engineering, Bapsai Tal.Kalyan",'0350326310,Artificial Intelligence (AI) and Data Science,Un-Aided,Unknown,LOPENH,101176,66.9498069,L,H,OPEN,B.Tech,2025,4
'03503,"Indala College Of Engineering, Bapsai Tal.Kalyan",'0350326310,Artificial Intelligence (AI) and Data Science,Un-Aided,Unknown,LSCH,139035,49.4020979,L,H,SC,B.Tech,2025,4
'03503,"Indala College Of Engineering, Bapsai Tal.Kalyan",'0350326310,Artificial Intelligence (AI) and Data Science,Un-Aided,Unknown,LSEBCH,158811,38.2479385,L,H,SEBC,B.Tech,2025,4
'03503,"Indala College Of Engineering, Bapsai Tal.Kalyan",'0350326310,Artificial Intelligence (AI) and Data Science,Un-Aided,Unknown,LSTH,86161,72.8948543,L,H,ST,B.Tech,2025,4
'03503,"Indala College Of Engineering, Bapsai Tal.Kalyan",'0350329310,Electrical Engineering,Un-Aided,Unknown,GOPENO,119628,58.8994542,G,O,OPEN,B.Tech,2025,4
'03503,"Indala College Of Engineering, Bapsai Tal.Kalyan",'0350329310,Electrical Engineering,Un-Aided,Unknown,GOBCO,161501,36.0836122,G,O,OBC,B.Tech,2025,4
'03503,"Indala College Of Engineering, Bapsai Tal.Kalyan",'0350329310,Electrical Engineering,Un-Aided,Unknown,LOPENO,140570,48.5587427,L,O,OPEN,B.Tech,2025,4
'03503,"Indala College Of Engineering, Bapsai Tal.Kalyan",'0350329310,Electrical Engineering,Un-Aided,Unknown,GSTO,130705,53.6771201,G,O,ST,B.Tech,2025,4
'03503,"Indala College Of Engineering, Bapsai Tal.Kalyan",'0350361210,Mechanical Engineering,Un-Aided,Unknown,GOPENH,142388,47.3563218,G,H,OPEN,B.Tech,2025,4
'03503,"Indala College Of Engineering, Bapsai Tal.Kalyan",'0350361210,Mechanical Engineering,Un-Aided,Unknown,GOBCH,202450,1.8591977,G,H,OBC,B.Tech,2025,4
'03503,"Indala College Of Engineering, Bapsai Tal.Kalyan",'0350361210,Mechanical Engineering,Un-Aided,Unknown,LOPENH,188881,15.8201150,L,H,OPEN,B.Tech,2025,4
'03546,Devi Mahalaxmi College of Engineering and Technology,'0354624510,Computer Engineering,Un-Aided,Unknown,GOPENH,153043,41.4458186,G,H,OPEN,B.Tech,2025,4
'03546,Devi Mahalaxmi College of Engineering and Technology,'0354624510,Computer Engineering,Un-Aided,Unknown,GSCH,174856,26.6274079,G,H,SC,B.Tech,2025,4
'03546,Devi Mahalaxmi College of Engineering and Technology,'0354624510,Computer Engineering,Un-Aided,Unknown,GNT2H,168542,32.0008834,G,H,NT2,B.Tech,2025,4
'03546,Devi Mahalaxmi College of Engineering and Technology,'0354624510,Computer Engineering,Un-Aided,Unknown,GOBCH,157789,39.2302050,G,H,OBC,B.Tech,2025,4
'03546,Devi Mahalaxmi College of Engineering and Technology,'0354624510,Computer Engineering,Un-Aided,Unknown,LOPENH,89429,71.5562808,L,H,OPEN,B.Tech,2025,4
'03546,Devi Mahalaxmi College of Engineering and Technology,'0354624510,Computer Engineering,Un-Aided,Unknown,LSCH,153530,41.4020979,L,H,SC,B.Tech,2025,4
'03546,Devi Mahalaxmi College of Engineering and Technology,'0354624510,Computer Engineering,Un-Aided,Unknown,GSTH,154196,40.0936536,G,H,ST,B.Tech,2025,4
'03546,Devi Mahalaxmi College of Engineering and Technology,'0354624510,Computer Engineering,Un-Aided,Unknown,GNT3H,154000,40.6822054,G,H,NT3,B.Tech,2025,4
'03546,Devi Mahalaxmi College of Engineering and Technology,'0354624510,Computer Engineering,Un-Aided,Unknown,GSEBCH,177240,25.2088452,G,H,SEBC,B.Tech,2025,4
'03546,Devi Mahalaxmi College of Engineering and Technology,'0354624510,Computer Engineering,Un-Aided,Unknown,LSTH,140948,47.8905633,L,H,ST,B.Tech,2025,4
'03546,Devi Mahalaxmi College of Engineering and Technology,'0354624510,Computer Engineering,Un-Aided,Unknown,LNT1H,169705,31.5596589,L,H,NT1,B.Tech,2025,4
'03546,Devi Mahalaxmi College of Engineering and Technology,'0354624510,Computer Engineering,Un-Aided,Unknown,LSEBCH,181063,22.1118881,L,H,SEBC,B.Tech,2025,4
'03546,Devi Mahalaxmi College of Engineering and Technology,'0354661210,Mechanical Engineering,Un-Aided,Unknown,GOPENO,119732,58.8994542,G,O,OPEN,B.Tech,2025,4
'03546,Devi Mahalaxmi College of Engineering and Technology,'0354661210,Mechanical Engineering,Un-Aided,Unknown,GOBCO,136263,50.7016833,G,O,OBC,B.Tech,2025,4
'03546,Devi Mahalaxmi College of Engineering and Technology,'0354661210,Mechanical Engineering,Un-Aided,Unknown,GSTO,171761,28.9849310,G,O,ST,B.Tech,2025,4
'03546,Devi Mahalaxmi College of Engineering and Technology,'0354661210,Mechanical Engineering,Un-Aided,Unknown,GVJO,170847,29.4125763,G,O,VJ,B.Tech,2025,4
'03546,Devi Mahalaxmi College of Engineering and Technology,'0354691110,Computer Science and Engineering(Artificial Intelligence and Machine Learning),Un-Aided,Unknown,GOPENH,133125,52.5968356,G,H,OPEN,B.Tech,2025,4
'03546,Devi Mahalaxmi College of Engineering and Technology,'0354691110,Computer Science and Engineering(Artificial Intelligence and Machine Learning),Un-Aided,Unknown,GSCH,145621,45.9245973,G,H,SC,B.Tech,2025,4
'03546,Devi Mahalaxmi College of Engineering and Technology,'0354691110,Computer Science and Engineering(Artificial Intelligence and Machine Learning),Un-Aided,Unknown,LOPENH,142454,47.3563218,L,H,OPEN,B.Tech,2025,4
'03546,Devi Mahalaxmi College of Engineering and Technology,'0354691110,Computer Science and Engineering(Artificial Intelligence and Machine Learning),Un-Aided,Unknown,GSCH,176302,25.5643537,G,H,SC,B.Tech,2025,4
'03546,Devi Mahalaxmi College of Engineering and Technology,'0354691110,Computer Science and Engineering(Artificial Intelligence and Machine Learning),Un-Aided,Unknown,GSTH,175932,25.7272727,G,H,ST,B.Tech,2025,4
'03546,Devi Mahalaxmi College of Engineering and Technology,'0354691110,Computer Science and Engineering(Artificial Intelligence and Machine Learning),Un-Aided,Unknown,GNT2H,169717,31.5596589,G,H,NT2,B.Tech,2025,4
'03546,Devi Mahalaxmi College of Engineering and Technology,'0354691110,Computer Science and Engineering(Artificial Intelligence and Machine Learning),Un-Aided,Unknown,GSEBCH,157855,39.2302050,G,H,SEBC,B.Tech,2025,4
'03546,Devi Mahalaxmi College of Engineering and Technology,'0354691110,Computer Science and Engineering(Artificial Intelligence and Machine Learning),Un-Aided,Unknown,LVJH,144948,46.3957696,L,H,VJ,B.Tech,2025,4
'03546,Devi Mahalaxmi College of Engineering and Technology,'0354691110,Computer Science and Engineering(Artificial Intelligence and Machine Learning),Un-Aided,Unknown,PWDOBCH,196640,8.3381964,P,H,PWD,B.Tech,2025,4
'03723,Navjeevan Education Society's College of Engineering,'0372324210,Computer Science and Engineering,Un-Aided Home University : Mumbai University,Mumbai University,GOPENH,105957,64.7148712,G,H,OPEN,B.Tech,2025,4
'03723,Navjeevan Education Society's College of Engineering,'0372324210,Computer Science and Engineering,Un-Aided Home University : Mumbai University,Mumbai University,GSEBCH,135523,50.9683037,G,H,SEBC,B.Tech,2025,4
'03723,Navjeevan Education Society's College of Engineering,'0372324210,Computer Science and Engineering,Un-Aided Home University : Mumbai University,Mumbai University,LOPENH,97377,68.4702591,L,H,OPEN,B.Tech,2025,4
'03723,Navjeevan Education Society's College of Engineering,'0372324510,Computer Engineering,Un-Aided Home University : Mumbai University,Mumbai University,GOPENH,93982,69.8498837,G,H,OPEN,B.Tech,2025,4
'03723,Navjeevan Education Society's College of Engineering,'0372324510,Computer Engineering,Un-Aided Home University : Mumbai University,Mumbai University,GSCH,128794,54.5739657,G,H,SC,B.Tech,2025,4
'03723,Navjeevan Education Society's College of Engineering,'0372324510,Computer Engineering,Un-Aided Home University : Mumbai University,Mumbai University,LOPENH,99557,67.8236662,L,H,OPEN,B.Tech,2025,4
'03723,Navjeevan Education Society's College of Engineering,'0372324510,Computer Engineering,Un-Aided Home University : Mumbai University,Mumbai University,PWDOPENH,108892,63.5767823,P,H,PWD,B.Tech,2025,4
'03723,Navjeevan Education Society's College of Engineering,'0372324510,Computer Engineering,Un-Aided Home University : Mumbai University,Mumbai University,GVJH,121308,58.2180677,G,H,VJ,B.Tech,2025,4
'03723,Navjeevan Education Society's College of Engineering,'0372324610,Information Technology,Un-Aided Home University : Mumbai University,Mumbai University,GOPENH,141019,47.8905633,G,H,OPEN,B.Tech,2025,4
'03723,Navjeevan Education Society's College of Engineering,'0372324610,Information Technology,Un-Aided Home University : Mumbai University,Mumbai University,GSCH,144641,46.6242967,G,H,SC,B.Tech,2025,4
'03723,Navjeevan Education Society's College of Engineering,'0372324610,Information Technology,Un-Aided Home University : Mumbai University,Mumbai University,GNT2H,143735,47.0502678,G,H,NT2,B.Tech,2025,4
'03723,Navjeevan Education Society's College of Engineering,'0372324610,Information Technology,Un-Aided Home University : Mumbai University,Mumbai University,GOBCH,148479,43.7443400,G,H,OBC,B.Tech,2025,4
'03723,Navjeevan Education Society's College of Engineering,'0372324610,Information Technology,Un-Aided Home University : Mumbai University,Mumbai University,LOPENH,105667,65.3084343,L,H,OPEN,B.Tech,2025,4
'03723,Navjeevan Education Society's College of Engineering,'0372324610,Information Technology,Un-Aided Home University : Mumbai University,Mumbai University,LSCH,142386,47.3563218,L,H,SC,B.Tech,2025,4
'03723,Navjeevan Education Society's College of Engineering,'0372324610,Information Technology,Un-Aided Home University : Mumbai University,Mumbai University,LOBCH,182063,21.5882968,L,H,OBC,B.Tech,2025,4
'03723,Navjeevan Education Society's College of Engineering,'0372324610,Information Technology,Un-Aided Home University : Mumbai University,Mumbai University,GSTH,194313,10.8523619,G,H,ST,B.Tech,2025,4
'03723,Navjeevan Education Society's College of Engineering,'0372324610,Information Technology,Un-Aided Home University : Mumbai University,Mumbai University,GNT1H,188847,15.8201150,G,H,NT1,B.Tech,2025,4
'03723,Navjeevan Education Society's College of Engineering,'0372324610,Information Technology,Un-Aided Home University : Mumbai University,Mumbai University,GSEBCH,162832,35.6771832,G,H,SEBC,B.Tech,2025,4
'03723,Navjeevan Education Society's College of Engineering,'0372324610,Information Technology,Un-Aided Home University : Mumbai University,Mumbai University,LSTH,171116,29.2375397,L,H,ST,B.Tech,2025,4
'03723,Navjeevan Education Society's College of Engineering,'0372324610,Information Technology,Un-Aided Home University : Mumbai University,Mumbai University,LOBCH,176045,25.7272727,L,H,OBC,B.Tech,2025,4
'03723,Navjeevan Education Society's College of Engineering,'0372329310,Electrical Engineering,Un-Aided Home University : Mumbai University,Mumbai University,GOPENH,169656,31.5596589,G,H,OPEN,B.Tech,2025,4
'03723,Navjeevan Education Society's College of Engineering,'0372337210,Electronics and Telecommunication Engg,Un-Aided Home University : Mumbai University,Mumbai University,LOPENH,162535,35.7798895,L,H,OPEN,B.Tech,2025,4
'03723,Navjeevan Education Society's College of Engineering,'0372399510,Artificial Intelligence and Data Science,Un-Aided Home University : Mumbai University,Mumbai University,GOPENH,95409,69.2179237,G,H,OPEN,B.Tech,2025,4
'03723,Navjeevan Education Society's College of Engineering,'0372399510,Artificial Intelligence and Data Science,Un-Aided Home University : Mumbai University,Mumbai University,LOPENH,99414,67.8236662,L,H,OPEN,B.Tech,2025,4
'03723,Navjeevan Education Society's College of Engineering,'0372399510,Artificial Intelligence and Data Science,Un-Aided Home University : Mumbai University,Mumbai University,LSEBCH,183090,20.6428039,L,H,SEBC,B.Tech,2025,4
'03723,Navjeevan Education Society's College of Engineering,'0372399510,Artificial Intelligence and Data Science,Un-Aided Home University : Mumbai University,Mumbai University,PWDOPENH,116885,60.3213757,P,H,PWD,B.Tech,2025,4
'03723,Navjeevan Education Society's College of Engineering,'0372399510,Artificial Intelligence and Data Science,Un-Aided Home University : Mumbai University,Mumbai University,GNT2H,103282,66.1695365,G,H,NT2,B.Tech,2025,4
'03723,Navjeevan Education Society's College of Engineering,'0372399510,Artificial Intelligence and Data Science,Un-Aided Home University : Mumbai University,Mumbai University,LOBCH,100051,67.2177090,L,H,OBC,B.Tech,2025,4
'03724,Thakur Shree DPS College of Engineering & Management,'0372424510,Computer Engineering,Un-Aided Linguistic Minority - Hindi,Unknown,GOPENH,51988,84.4752545,G,H,OPEN,B.Tech,2025,4
'03724,Thakur Shree DPS College of Engineering & Management,'0372424510,Computer Engineering,Un-Aided Linguistic Minority - Hindi,Unknown,LOPENH,35410,89.5868952,L,H,OPEN,B.Tech,2025,4
'03724,Thakur Shree DPS College of Engineering & Management,'0372424610,Information Technology,Un-Aided Linguistic Minority - Hindi,Unknown,GOPENH,56944,82.8437868,G,H,OPEN,B.Tech,2025,4
'03724,Thakur Shree DPS College of Engineering & Management,'0372424610,Information Technology,Un-Aided Linguistic Minority - Hindi,Unknown,LOPENH,61659,81.2846613,L,H,OPEN,B.Tech,2025,4
'03724,Thakur Shree DPS College of Engineering & Management,'0372490010,Electronics and Computer Science,Un-Aided Linguistic Minority - Hindi,Unknown,LOPENH,75798,76.7635852,L,H,OPEN,B.Tech,2025,4
'03724,Thakur Shree DPS College of Engineering & Management,'0372499510,Artificial Intelligence and Data Science,Un-Aided Linguistic Minority - Hindi,Unknown,MI,107287,64.3453843,M,I,MI,B.Tech,2025,4
'03725,"MAEER's Maharashtra Institute of Technology, Thane",'0372524210,Computer Science and Engineering,Un-Aided,Unknown,GSCH,84625,73.4722277,G,H,SC,B.Tech,2025,4
'03725,"MAEER's Maharashtra Institute of Technology, Thane",'0372524210,Computer Science and Engineering,Un-Aided,Unknown,GSTH,49737,85.1139120,G,H,ST,B.Tech,2025,4
'03725,"MAEER's Maharashtra Institute of Technology, Thane",'0372524610,Information Technology,Un-Aided,Unknown,GOPENO,34852,89.7174391,G,O,OPEN,B.Tech,2025,4
'03725,"MAEER's Maharashtra Institute of Technology, Thane",'0372524610,Information Technology,Un-Aided,Unknown,GSCO,98430,68.2382408,G,O,SC,B.Tech,2025,4
'03725,"MAEER's Maharashtra Institute of Technology, Thane",'0372524610,Information Technology,Un-Aided,Unknown,LOBCO,97145,68.4887011,L,O,OBC,B.Tech,2025,4
'03725,"MAEER's Maharashtra Institute of Technology, Thane",'0372537610,Electronics Engineering,Un-Aided,Unknown,GOPENH,75041,76.8973331,G,H,OPEN,B.Tech,2025,4
'03725,"MAEER's Maharashtra Institute of Technology, Thane",'0372591110,Computer Science and Engineering(Artificial Intelligence and Machine Learning),Un-Aided,Unknown,GSCO,174252,28.1994074,G,O,SC,B.Tech,2025,4
'03725,"MAEER's Maharashtra Institute of Technology, Thane",'0372591110,Computer Science and Engineering(Artificial Intelligence and Machine Learning),Un-Aided,Unknown,LOPENO,135307,51.1762787,L,O,OPEN,B.Tech,2025,4
'03725,"MAEER's Maharashtra Institute of Technology, Thane",'0372591110,Computer Science and Engineering(Artificial Intelligence and Machine Learning),Un-Aided,Unknown,LOBCO,199240,5.7122954,L,O,OBC,B.Tech,2025,4
'03725,"MAEER's Maharashtra Institute of Technology, Thane",'0372591110,Computer Science and Engineering(Artificial Intelligence and Machine Learning),Un-Aided,Unknown,LVJO,100557,67.1459332,L,O,VJ,B.Tech,2025,4
'03726,Imperial College of Engineering,'0372624510,Computer Engineering,Un-Aided Home University : Mumbai University,Mumbai University,GOPENH,171193,29.2375397,G,H,OPEN,B.Tech,2025,4
'03726,Imperial College of Engineering,'0372624510,Computer Engineering,Un-Aided Home University : Mumbai University,Mumbai University,LOPENH,108531,63.6512871,L,H,OPEN,B.Tech,2025,4
'03726,Imperial College of Engineering,'0372624510,Computer Engineering,Un-Aided Home University : Mumbai University,Mumbai University,LNT3H,115975,60.4378874,L,H,NT3,B.Tech,2025,4
'03726,Imperial College of Engineering,'0372624610,Information Technology,Un-Aided Home University : Mumbai University,Mumbai University,GOPENH,169815,30.2606300,G,H,OPEN,B.Tech,2025,4
'03726,Imperial College of Engineering,'0372624610,Information Technology,Un-Aided Home University : Mumbai University,Mumbai University,LNT2H,190215,14.3147873,L,H,NT2,B.Tech,2025,4
'03726,Imperial College of Engineering,'0372624610,Information Technology,Un-Aided Home University : Mumbai University,Mumbai University,GOBCH,186809,17.6786167,G,H,OBC,B.Tech,2025,4
'03726,Imperial College of Engineering,'0372624610,Information Technology,Un-Aided Home University : Mumbai University,Mumbai University,LOBCH,191232,13.4300699,L,H,OBC,B.Tech,2025,4
'03726,Imperial College of Engineering,'0372637210,Electronics and Telecommunication Engg,Un-Aided Home University : Mumbai University,Mumbai University,GOPENH,187488,16.6909773,G,H,OPEN,B.Tech,2025,4
'03726,Imperial College of Engineering,'0372699510,Artificial Intelligence and Data Science,Un-Aided Home University : Mumbai University,Mumbai University,GOPENH,95815,69.0979021,G,H,OPEN,B.Tech,2025,4
'03726,Imperial College of Engineering,'0372699510,Artificial Intelligence and Data Science,Un-Aided Home University : Mumbai University,Mumbai University,GOBCH,139422,49.3416227,G,H,OBC,B.Tech,2025,4
'03726,Imperial College of Engineering,'0372699510,Artificial Intelligence and Data Science,Un-Aided Home University : Mumbai University,Mumbai University,PWDOPENH,132076,53.2228937,P,H,PWD,B.Tech,2025,4
'03726,Imperial College of Engineering,'0372699510,Artificial Intelligence and Data Science,Un-Aided Home University : Mumbai University,Mumbai University,GSEBCH,151829,42.6339209,G,H,SEBC,B.Tech,2025,4
'04004,"Government College of Engineering, Chandrapur",'0400419110,Civil Engineering,Government,Unknown,GOPENH,73890,77.1296846,G,H,OPEN,B.Tech,2025,4
'04004,"Government College of Engineering, Chandrapur",'0400424210,Computer Science and Engineering,Government,Unknown,GSEBCH,57179,82.8372770,G,H,SEBC,B.Tech,2025,4
'04004,"Government College of Engineering, Chandrapur",'0400429310,Electrical Engineering,Government,Unknown,GOPENH,54729,83.4924535,G,H,OPEN,B.Tech,2025,4
'04004,"Government College of Engineering, Chandrapur",'0400429310,Electrical Engineering,Government,Unknown,GSTH,189887,14.9055715,G,H,ST,B.Tech,2025,4
'04004,"Government College of Engineering, Chandrapur",'0400437210,Electronics and Telecommunication Engg,Government,Unknown,PWDOBCH,74568,76.9322569,P,H,PWD,B.Tech,2025,4
'04004,"Government College of Engineering, Chandrapur",'0400437210,Electronics and Telecommunication Engg,Government,Unknown,GSTH,82572,73.8000589,G,H,ST,B.Tech,2025,4
'04004,"Government College of Engineering, Chandrapur",'0400446610,Instrumentation Engineering,Government,Unknown,GNT1H,101261,66.9039004,G,H,NT1,B.Tech,2025,4
'04004,"Government College of Engineering, Chandrapur",'0400446610,Instrumentation Engineering,Government,Unknown,GSEBCH,91057,71.0971787,G,H,SEBC,B.Tech,2025,4
'04004,"Government College of Engineering, Chandrapur",'0400461210,Mechanical Engineering,Government,Unknown,GOPENH,76412,76.5279741,G,H,OPEN,B.Tech,2025,4
'04004,"Government College of Engineering, Chandrapur",'0400461210,Mechanical Engineering,Government,Unknown,GOBCH,87978,71.8498844,G,H,OBC,B.Tech,2025,4
'04004,"Government College of Engineering, Chandrapur",'0400461210,Mechanical Engineering,Government,Unknown,LOPENH,114733,60.9090909,L,H,OPEN,B.Tech,2025,4
'04025,"Government College of Engineering, Nagpur",'0402519110,Civil Engineering,Government,Unknown,GOPENO,48092,85.6421968,G,O,OPEN,B.Tech,2025,4
'04025,"Government College of Engineering, Nagpur",'0402519110,Civil Engineering,Government,Unknown,GSTO,101982,66.3866132,G,O,ST,B.Tech,2025,4
'04025,"Government College of Engineering, Nagpur",'0402519110,Civil Engineering,Government,Unknown,GSEBCO,74728,76.9213781,G,O,SEBC,B.Tech,2025,4
'04025,"Government College of Engineering, Nagpur",'0402524210,Computer Science and Engineering,Government,Unknown,GOPENH,12480,96.4091902,G,H,OPEN,B.Tech,2025,4
'04025,"Government College of Engineering, Nagpur",'0402524210,Computer Science and Engineering,Government,Unknown,GSTH,88629,71.6607627,G,H,ST,B.Tech,2025,4
'04025,"Government College of Engineering, Nagpur",'0402524210,Computer Science and Engineering,Government,Unknown,GOBCH,13054,96.2611882,G,H,OBC,B.Tech,2025,4
'04025,"Government College of Engineering, Nagpur",'0402524210,Computer Science and Engineering,Government,Unknown,LOPENH,12793,96.3339223,L,H,OPEN,B.Tech,2025,4
'04025,"Government College of Engineering, Nagpur",'0402529310,Electrical Engineering,Government,Unknown,GOPENO,11780,96.6486073,G,O,OPEN,B.Tech,2025,4
'04025,"Government College of Engineering, Nagpur",'0402529310,Electrical Engineering,Government,Unknown,LOPENO,5899,98.2813317,L,O,OPEN,B.Tech,2025,4
'04025,"Government College of Engineering, Nagpur",'0402529310,Electrical Engineering,Government,Unknown,LSCO,49180,85.2215842,L,O,SC,B.Tech,2025,4
'04025,"Government College of Engineering, Nagpur",'0402537210,Electronics and Telecommunication Engg,Government,Unknown,GSCH,37852,88.7823852,G,H,SC,B.Tech,2025,4
'04025,"Government College of Engineering, Nagpur",'0402537210,Electronics and Telecommunication Engg,Government,Unknown,GOBCH,24096,92.9765542,G,H,OBC,B.Tech,2025,4
'04025,"Government College of Engineering, Nagpur",'0402537210,Electronics and Telecommunication Engg,Government,Unknown,LOPENH,26902,92.1231015,L,H,OPEN,B.Tech,2025,4
'04025,"Government College of Engineering, Nagpur",'0402561210,Mechanical Engineering,Government,Unknown,GOPENH,35862,89.4898417,G,H,OPEN,B.Tech,2025,4
'04104,"Kavi Kulguru Institute of Technology & Science, Ramtek",'0410419110,Civil Engineering,Un-Aided Autonomous,Unknown,GOPENS,137760,50.3223138,G,S,OPEN,B.Tech,2025,4
'04104,"Kavi Kulguru Institute of Technology & Science, Ramtek",'0410419110,Civil Engineering,Un-Aided Autonomous,Unknown,GSCS,143669,47.0502678,G,S,SC,B.Tech,2025,4
'04104,"Kavi Kulguru Institute of Technology & Science, Ramtek",'0410419110,Civil Engineering,Un-Aided Autonomous,Unknown,GVJS,145345,45.9816283,G,S,VJ,B.Tech,2025,4
'04104,"Kavi Kulguru Institute of Technology & Science, Ramtek",'0410419110,Civil Engineering,Un-Aided Autonomous,Unknown,LSCS,168088,32.0884521,L,S,SC,B.Tech,2025,4
'04104,"Kavi Kulguru Institute of Technology & Science, Ramtek",'0410419110,Civil Engineering,Un-Aided Autonomous,Unknown,PWDOPENS,143699,47.0502678,P,S,PWD,B.Tech,2025,4
'04104,"Kavi Kulguru Institute of Technology & Science, Ramtek",'0410424610,Information Technology,Un-Aided Autonomous,Unknown,GOPENS,82713,73.7482517,G,S,OPEN,B.Tech,2025,4
'04104,"Kavi Kulguru Institute of Technology & Science, Ramtek",'0410424610,Information Technology,Un-Aided Autonomous,Unknown,GNT2S,124136,56.8426573,G,S,NT2,B.Tech,2025,4
'04104,"Kavi Kulguru Institute of Technology & Science, Ramtek",'0410424610,Information Technology,Un-Aided Autonomous,Unknown,GNT3S,90454,71.4755245,G,S,NT3,B.Tech,2025,4
'04104,"Kavi Kulguru Institute of Technology & Science, Ramtek",'0410424610,Information Technology,Un-Aided Autonomous,Unknown,LOPENS,40397,87.9825175,L,S,OPEN,B.Tech,2025,4
'04104,"Kavi Kulguru Institute of Technology & Science, Ramtek",'0410424610,Information Technology,Un-Aided Autonomous,Unknown,GSEBCS,85968,72.8948543,G,S,SEBC,B.Tech,2025,4
'04104,"Kavi Kulguru Institute of Technology & Science, Ramtek",'0410424610,Information Technology,Un-Aided Autonomous,Unknown,LSEBCS,74463,76.9322569,L,S,SEBC,B.Tech,2025,4
'04104,"Kavi Kulguru Institute of Technology & Science, Ramtek",'0410425110,Computer Technology,Un-Aided Autonomous,Unknown,GOPENS,78746,75.4048881,G,S,OPEN,B.Tech,2025,4
'04104,"Kavi Kulguru Institute of Technology & Science, Ramtek",'0410425110,Computer Technology,Un-Aided Autonomous,Unknown,GSCS,104434,65.6692751,G,S,SC,B.Tech,2025,4
'04104,"Kavi Kulguru Institute of Technology & Science, Ramtek",'0410425110,Computer Technology,Un-Aided Autonomous,Unknown,GNT2S,139865,49.2256217,G,S,NT2,B.Tech,2025,4
'04104,"Kavi Kulguru Institute of Technology & Science, Ramtek",'0410425110,Computer Technology,Un-Aided Autonomous,Unknown,GOBCS,87760,72.1028020,G,S,OBC,B.Tech,2025,4
'04104,"Kavi Kulguru Institute of Technology & Science, Ramtek",'0410425110,Computer Technology,Un-Aided Autonomous,Unknown,GSEBCS,152796,41.7471281,G,S,SEBC,B.Tech,2025,4
'04104,"Kavi Kulguru Institute of Technology & Science, Ramtek",'0410429310,Electrical Engineering,Un-Aided Autonomous,Unknown,GOPENS,111510,62.8632493,G,S,OPEN,B.Tech,2025,4
'04104,"Kavi Kulguru Institute of Technology & Science, Ramtek",'0410429310,Electrical Engineering,Un-Aided Autonomous,Unknown,GVJS,148573,43.7443400,G,S,VJ,B.Tech,2025,4
'04104,"Kavi Kulguru Institute of Technology & Science, Ramtek",'0410429310,Electrical Engineering,Un-Aided Autonomous,Unknown,GOBCS,115971,60.4378874,G,S,OBC,B.Tech,2025,4
'04104,"Kavi Kulguru Institute of Technology & Science, Ramtek",'0410429310,Electrical Engineering,Un-Aided Autonomous,Unknown,LOBCS,75562,76.7694659,L,S,OBC,B.Tech,2025,4
'04104,"Kavi Kulguru Institute of Technology & Science, Ramtek",'0410429310,Electrical Engineering,Un-Aided Autonomous,Unknown,LVJS,111819,62.1412608,L,S,VJ,B.Tech,2025,4
'04104,"Kavi Kulguru Institute of Technology & Science, Ramtek",'0410437010,Electronics and Communication Engineering,Un-Aided Autonomous,Unknown,GOPENS,111035,62.9184580,G,S,OPEN,B.Tech,2025,4
'04104,"Kavi Kulguru Institute of Technology & Science, Ramtek",'0410437010,Electronics and Communication Engineering,Un-Aided Autonomous,Unknown,LOPENS,98278,68.2382408,L,S,OPEN,B.Tech,2025,4
'04104,"Kavi Kulguru Institute of Technology & Science, Ramtek",'0410461210,Mechanical Engineering,Un-Aided Autonomous,Unknown,GOBCS,119876,58.8525307,G,S,OBC,B.Tech,2025,4
'04104,"Kavi Kulguru Institute of Technology & Science, Ramtek",'0410461210,Mechanical Engineering,Un-Aided Autonomous,Unknown,GSTS,131648,53.2657343,G,S,ST,B.Tech,2025,4
'04104,"Kavi Kulguru Institute of Technology & Science, Ramtek",'0410461210,Mechanical Engineering,Un-Aided Autonomous,Unknown,GSEBCS,134068,51.7009371,G,S,SEBC,B.Tech,2025,4
'04104,"Kavi Kulguru Institute of Technology & Science, Ramtek",'0410490010,Electronics and Computer Science,Un-Aided Autonomous,Unknown,GSCS,126539,55.6405756,G,S,SC,B.Tech,2025,4
'04104,"Kavi Kulguru Institute of Technology & Science, Ramtek",'0410490010,Electronics and Computer Science,Un-Aided Autonomous,Unknown,EWS,190238,14.3147873,E,S,EWS,B.Tech,2025,4
'04104,"Kavi Kulguru Institute of Technology & Science, Ramtek",'0410490010,Electronics and Computer Science,Un-Aided Autonomous,Unknown,PWDOPENS,94357,69.4936445,P,S,PWD,B.Tech,2025,4
'04104,"Kavi Kulguru Institute of Technology & Science, Ramtek",'0410491110,Computer Science and Engineering(Artificial Intelligence and Machine Learning),Un-Aided Autonomous,Unknown,DEFROBCS,149888,43.4652257,D,S,OBC,B.Tech,2025,4
'04116,"Ankush Shikshan Sanstha's G.H.Raisoni College of Engineering, Nagpur",'0411619110,Civil Engineering,Un-Aided Autonomous Linguistic Minority - Hindi,Unknown,GOPENS,73520,77.1618860,G,S,OPEN,B.Tech,2025,4
'04116,"Ankush Shikshan Sanstha's G.H.Raisoni College of Engineering, Nagpur",'0411619110,Civil Engineering,Un-Aided Autonomous Linguistic Minority - Hindi,Unknown,LOPENS,73216,77.1631566,L,S,OPEN,B.Tech,2025,4
'04116,"Ankush Shikshan Sanstha's G.H.Raisoni College of Engineering, Nagpur",'0411619110,Civil Engineering,Un-Aided Autonomous Linguistic Minority - Hindi,Unknown,MI,152139,42.6339209,M,I,MI,B.Tech,2025,4
'04116,"Ankush Shikshan Sanstha's G.H.Raisoni College of Engineering, Nagpur",'0411619110,Civil Engineering,Un-Aided Autonomous Linguistic Minority - Hindi,Unknown,TFWS,71975,78.0104170,T,S,TFWS,B.Tech,2025,4
'04116,"Ankush Shikshan Sanstha's G.H.Raisoni College of Engineering, Nagpur",'0411624210,Computer Science and Engineering,Un-Aided Autonomous Linguistic Minority - Hindi,Unknown,GOPENS,28683,91.6321516,G,S,OPEN,B.Tech,2025,4
'04116,"Ankush Shikshan Sanstha's G.H.Raisoni College of Engineering, Nagpur",'0411624210,Computer Science and Engineering,Un-Aided Autonomous Linguistic Minority - Hindi,Unknown,MI,39737,88.2484746,M,I,MI,B.Tech,2025,4
'04116,"Ankush Shikshan Sanstha's G.H.Raisoni College of Engineering, Nagpur",'0411624610,Information Technology,Un-Aided Autonomous Linguistic Minority - Hindi,Unknown,GOPENS,31142,90.8833776,G,S,OPEN,B.Tech,2025,4
'04116,"Ankush Shikshan Sanstha's G.H.Raisoni College of Engineering, Nagpur",'0411624610,Information Technology,Un-Aided Autonomous Linguistic Minority - Hindi,Unknown,LOPENS,27538,91.9726220,L,S,OPEN,B.Tech,2025,4
'04116,"Ankush Shikshan Sanstha's G.H.Raisoni College of Engineering, Nagpur",'0411624610,Information Technology,Un-Aided Autonomous Linguistic Minority - Hindi,Unknown,MI,123652,57.0133407,M,I,MI,B.Tech,2025,4
'04116,"Ankush Shikshan Sanstha's G.H.Raisoni College of Engineering, Nagpur",'0411626010,Computer Science and Engineering (Cyber Security),Un-Aided Autonomous Linguistic Minority - Hindi,Unknown,GOPENS,36304,89.2894353,G,S,OPEN,B.Tech,2025,4
'04116,"Ankush Shikshan Sanstha's G.H.Raisoni College of Engineering, Nagpur",'0411626010,Computer Science and Engineering (Cyber Security),Un-Aided Autonomous Linguistic Minority - Hindi,Unknown,MI,93901,69.8498837,M,I,MI,B.Tech,2025,4
'04116,"Ankush Shikshan Sanstha's G.H.Raisoni College of Engineering, Nagpur",'0411629310,Electrical Engineering,Un-Aided Autonomous Linguistic Minority - Hindi,Unknown,GOPENS,53250,84.0359888,G,S,OPEN,B.Tech,2025,4
'04116,"Ankush Shikshan Sanstha's G.H.Raisoni College of Engineering, Nagpur",'0411629310,Electrical Engineering,Un-Aided Autonomous Linguistic Minority - Hindi,Unknown,MI,150451,43.1964993,M,I,MI,B.Tech,2025,4
'04116,"Ankush Shikshan Sanstha's G.H.Raisoni College of Engineering, Nagpur",'0411637210,Electronics and Telecommunication Engg,Un-Aided Autonomous Linguistic Minority - Hindi,Unknown,MI,127296,55.2744499,M,I,MI,B.Tech,2025,4
'04116,"Ankush Shikshan Sanstha's G.H.Raisoni College of Engineering, Nagpur",'0411637610,Electronics Engineering,Un-Aided Autonomous Linguistic Minority - Hindi,Unknown,GOPENS,49966,85.0571556,G,S,OPEN,B.Tech,2025,4
'04116,"Ankush Shikshan Sanstha's G.H.Raisoni College of Engineering, Nagpur",'0411637610,Electronics Engineering,Un-Aided Autonomous Linguistic Minority - Hindi,Unknown,LOPENS,48977,85.2260888,L,S,OPEN,B.Tech,2025,4
'04116,"Ankush Shikshan Sanstha's G.H.Raisoni College of Engineering, Nagpur",'0411637610,Electronics Engineering,Un-Aided Autonomous Linguistic Minority - Hindi,Unknown,MI,145203,45.9816283,M,I,MI,B.Tech,2025,4
'04116,"Ankush Shikshan Sanstha's G.H.Raisoni College of Engineering, Nagpur",'0411661210,Mechanical Engineering,Un-Aided Autonomous Linguistic Minority - Hindi,Unknown,GOPENS,63437,80.7807182,G,S,OPEN,B.Tech,2025,4
'04116,"Ankush Shikshan Sanstha's G.H.Raisoni College of Engineering, Nagpur",'0411661210,Mechanical Engineering,Un-Aided Autonomous Linguistic Minority - Hindi,Unknown,MI,172288,28.8537986,M,I,MI,B.Tech,2025,4
'04116,"Ankush Shikshan Sanstha's G.H.Raisoni College of Engineering, Nagpur",'0411691110,Computer Science and Engineering(Artificial Intelligence and Machine Learning),Un-Aided Autonomous Linguistic Minority - Hindi,Unknown,LOPENS,35911,89.3717407,L,S,OPEN,B.Tech,2025,4
'04116,"Ankush Shikshan Sanstha's G.H.Raisoni College of Engineering, Nagpur",'0411691110,Computer Science and Engineering(Artificial Intelligence and Machine Learning),Un-Aided Autonomous Linguistic Minority - Hindi,Unknown,MI,76803,76.2716859,M,I,MI,B.Tech,2025,4
'04116,"Ankush Shikshan Sanstha's G.H.Raisoni College of Engineering, Nagpur",'0411691310,Computer Science and Engineering (Artificial Intelligence),Un-Aided Autonomous Linguistic Minority - Hindi,Unknown,GOPENS,30524,91.0510720,G,S,OPEN,B.Tech,2025,4
'04116,"Ankush Shikshan Sanstha's G.H.Raisoni College of Engineering, Nagpur",'0411691710,Data Science,Un-Aided Autonomous Linguistic Minority - Hindi,Unknown,GOPENS,30461,91.0675835,G,S,OPEN,B.Tech,2025,4
'04116,"Ankush Shikshan Sanstha's G.H.Raisoni College of Engineering, Nagpur",'0411691710,Data Science,Un-Aided Autonomous Linguistic Minority - Hindi,Unknown,LOPENS,37175,89.0414266,L,S,OPEN,B.Tech,2025,4
'04116,"Ankush Shikshan Sanstha's G.H.Raisoni College of Engineering, Nagpur",'0411699710,Artificial Intelligence,Un-Aided Autonomous Linguistic Minority - Hindi,Unknown,MI,66450,79.7946282,M,I,MI,B.Tech,2025,4
'04118,"Bapurao Deshmukh College of Engineering, Sevagram",'0411819110,Civil Engineering,Un-Aided,Unknown,GOPENH,199215,5.7122954,G,H,OPEN,B.Tech,2025,4
'04118,"Bapurao Deshmukh College of Engineering, Sevagram",'0411819110,Civil Engineering,Un-Aided,Unknown,GOBCH,203431,0.4702194,G,H,OBC,B.Tech,2025,4
'04118,"Bapurao Deshmukh College of Engineering, Sevagram",'0411819110,Civil Engineering,Un-Aided,Unknown,LOPENH,156787,39.3601986,L,H,OPEN,B.Tech,2025,4
'04118,"Bapurao Deshmukh College of Engineering, Sevagram",'0411819110,Civil Engineering,Un-Aided,Unknown,PWDOPENH,200127,4.5709952,P,H,PWD,B.Tech,2025,4
'04118,"Bapurao Deshmukh College of Engineering, Sevagram",'0411824510,Computer Engineering,Un-Aided,Unknown,GOPENH,124263,56.8426573,G,H,OPEN,B.Tech,2025,4
'04118,"Bapurao Deshmukh College of Engineering, Sevagram",'0411824510,Computer Engineering,Un-Aided,Unknown,LNT3H,120647,58.4401523,L,H,NT3,B.Tech,2025,4
'04118,"Bapurao Deshmukh College of Engineering, Sevagram",'0411829310,Electrical Engineering,Un-Aided,Unknown,GOPENH,165079,33.4650350,G,H,OPEN,B.Tech,2025,4
'04118,"Bapurao Deshmukh College of Engineering, Sevagram",'0411829310,Electrical Engineering,Un-Aided,Unknown,GOBCH,178367,24.7167509,G,H,OBC,B.Tech,2025,4
'04118,"Bapurao Deshmukh College of Engineering, Sevagram",'0411837210,Electronics and Telecommunication Engg,Un-Aided,Unknown,GOPENO,136746,50.5909012,G,O,OPEN,B.Tech,2025,4
'04118,"Bapurao Deshmukh College of Engineering, Sevagram",'0411861210,Mechanical Engineering,Un-Aided,Unknown,GOPENH,186960,17.6786167,G,H,OPEN,B.Tech,2025,4
'04118,"Bapurao Deshmukh College of Engineering, Sevagram",'0411861210,Mechanical Engineering,Un-Aided,Unknown,GOBCH,183972,19.7061157,G,H,OBC,B.Tech,2025,4
'04118,"Bapurao Deshmukh College of Engineering, Sevagram",'0411861210,Mechanical Engineering,Un-Aided,Unknown,LSCH,197117,7.8969624,L,H,SC,B.Tech,2025,4
'04118,"Bapurao Deshmukh College of Engineering, Sevagram",'0411861210,Mechanical Engineering,Un-Aided,Unknown,GSTH,198474,6.4009128,G,H,ST,B.Tech,2025,4
'04118,"Bapurao Deshmukh College of Engineering, Sevagram",'0411861210,Mechanical Engineering,Un-Aided,Unknown,GNT3H,193093,11.7097752,G,H,NT3,B.Tech,2025,4
'04118,"Bapurao Deshmukh College of Engineering, Sevagram",'0411861210,Mechanical Engineering,Un-Aided,Unknown,GSEBCH,192332,12.5776664,G,H,SEBC,B.Tech,2025,4
'04123,"Lokmanya Tilak Jankalyan Shikshan Sanstha, Priyadarshani College of Engineering, Nagpur",'0412300210,Aeronautical Engineering,Un-Aided Autonomous Linguistic Minority - Hindi,Unknown,GOPENS,66043,79.8919296,G,S,OPEN,B.Tech,2025,4
'04123,"Lokmanya Tilak Jankalyan Shikshan Sanstha, Priyadarshani College of Engineering, Nagpur",'0412300210,Aeronautical Engineering,Un-Aided Autonomous Linguistic Minority - Hindi,Unknown,LOPENS,81520,74.5404987,L,S,OPEN,B.Tech,2025,4
'04123,"Lokmanya Tilak Jankalyan Shikshan Sanstha, Priyadarshani College of Engineering, Nagpur",'0412300210,Aeronautical Engineering,Un-Aided Autonomous Linguistic Minority - Hindi,Unknown,MI,160543,36.1811489,M,I,MI,B.Tech,2025,4
'04123,"Lokmanya Tilak Jankalyan Shikshan Sanstha, Priyadarshani College of Engineering, Nagpur",'0412300210,Aeronautical Engineering,Un-Aided Autonomous Linguistic Minority - Hindi,Unknown,TFWS,75896,76.7635852,T,S,TFWS,B.Tech,2025,4
'04123,"Lokmanya Tilak Jankalyan Shikshan Sanstha, Priyadarshani College of Engineering, Nagpur",'0412308210,Bio Technology,Un-Aided Autonomous Linguistic Minority - Hindi,Unknown,GOPENS,38519,89.4829526,G,S,OPEN,B.Tech,2025,4
'04123,"Lokmanya Tilak Jankalyan Shikshan Sanstha, Priyadarshani College of Engineering, Nagpur",'0412308210,Bio Technology,Un-Aided Autonomous Linguistic Minority - Hindi,Unknown,LOPENS,36097,90.1398286,L,S,OPEN,B.Tech,2025,4
'04123,"Lokmanya Tilak Jankalyan Shikshan Sanstha, Priyadarshani College of Engineering, Nagpur",'0412308210,Bio Technology,Un-Aided Autonomous Linguistic Minority - Hindi,Unknown,MI,126943,59.0974179,M,I,MI,B.Tech,2025,4
'04123,"Lokmanya Tilak Jankalyan Shikshan Sanstha, Priyadarshani College of Engineering, Nagpur",'0412319110,Civil Engineering,Un-Aided Autonomous Linguistic Minority - Hindi,Unknown,GOPENS,97910,68.3753318,G,S,OPEN,B.Tech,2025,4
'04123,"Lokmanya Tilak Jankalyan Shikshan Sanstha, Priyadarshani College of Engineering, Nagpur",'0412319110,Civil Engineering,Un-Aided Autonomous Linguistic Minority - Hindi,Unknown,LOPENS,97238,68.4887011,L,S,OPEN,B.Tech,2025,4
'04123,"Lokmanya Tilak Jankalyan Shikshan Sanstha, Priyadarshani College of Engineering, Nagpur",'0412319110,Civil Engineering,Un-Aided Autonomous Linguistic Minority - Hindi,Unknown,MI,180262,22.4248107,M,I,MI,B.Tech,2025,4
'04123,"Lokmanya Tilak Jankalyan Shikshan Sanstha, Priyadarshani College of Engineering, Nagpur",'0412319110,Civil Engineering,Un-Aided Autonomous Linguistic Minority - Hindi,Unknown,TFWS,98417,68.2382408,T,S,TFWS,B.Tech,2025,4
'04123,"Lokmanya Tilak Jankalyan Shikshan Sanstha, Priyadarshani College of Engineering, Nagpur",'0412324210,Computer Science and Engineering,Un-Aided Autonomous Linguistic Minority - Hindi,Unknown,GOPENS,38914,88.5372351,G,S,OPEN,B.Tech,2025,4
'04123,"Lokmanya Tilak Jankalyan Shikshan Sanstha, Priyadarshani College of Engineering, Nagpur",'0412324210,Computer Science and Engineering,Un-Aided Autonomous Linguistic Minority - Hindi,Unknown,LOPENS,31941,90.6332693,L,S,OPEN,B.Tech,2025,4
'04123,"Lokmanya Tilak Jankalyan Shikshan Sanstha, Priyadarshani College of Engineering, Nagpur",'0412324210,Computer Science and Engineering,Un-Aided Autonomous Linguistic Minority - Hindi,Unknown,MI,111737,62.1412608,M,I,MI,B.Tech,2025,4
'04123,"Lokmanya Tilak Jankalyan Shikshan Sanstha, Priyadarshani College of Engineering, Nagpur",'0412324610,Information Technology,Un-Aided Autonomous Linguistic Minority - Hindi,Unknown,GOPENS,46671,85.9775360,G,S,OPEN,B.Tech,2025,4
'04123,"Lokmanya Tilak Jankalyan Shikshan Sanstha, Priyadarshani College of Engineering, Nagpur",'0412324610,Information Technology,Un-Aided Autonomous Linguistic Minority - Hindi,Unknown,MI,130508,53.7591782,M,I,MI,B.Tech,2025,4
'04123,"Lokmanya Tilak Jankalyan Shikshan Sanstha, Priyadarshani College of Engineering, Nagpur",'0412325110,Computer Technology,Un-Aided Autonomous Linguistic Minority - Hindi,Unknown,GOPENS,52005,84.4752545,G,S,OPEN,B.Tech,2025,4
'04123,"Lokmanya Tilak Jankalyan Shikshan Sanstha, Priyadarshani College of Engineering, Nagpur",'0412325110,Computer Technology,Un-Aided Autonomous Linguistic Minority - Hindi,Unknown,MI,137665,50.3223138,M,I,MI,B.Tech,2025,4
'04123,"Lokmanya Tilak Jankalyan Shikshan Sanstha, Priyadarshani College of Engineering, Nagpur",'0412326510,Industrial IoT,Un-Aided Autonomous Linguistic Minority - Hindi,Unknown,GOPENS,57096,82.8372770,G,S,OPEN,B.Tech,2025,4
'04123,"Lokmanya Tilak Jankalyan Shikshan Sanstha, Priyadarshani College of Engineering, Nagpur",'0412326510,Industrial IoT,Un-Aided Autonomous Linguistic Minority - Hindi,Unknown,MI,147242,44.5303298,M,I,MI,B.Tech,2025,4
'04123,"Lokmanya Tilak Jankalyan Shikshan Sanstha, Priyadarshani College of Engineering, Nagpur",'0412326510,Industrial IoT,Un-Aided Autonomous Linguistic Minority - Hindi,Unknown,TFWS,65764,79.9072027,T,S,TFWS,B.Tech,2025,4
'04123,"Lokmanya Tilak Jankalyan Shikshan Sanstha, Priyadarshani College of Engineering, Nagpur",'0412326610,Robotics and Artificial Intelligence,Un-Aided Autonomous Linguistic Minority - Hindi,Unknown,GOPENS,49831,85.1002266,G,S,OPEN,B.Tech,2025,4
'04123,"Lokmanya Tilak Jankalyan Shikshan Sanstha, Priyadarshani College of Engineering, Nagpur",'0412326610,Robotics and Artificial Intelligence,Un-Aided Autonomous Linguistic Minority - Hindi,Unknown,LOPENS,52735,84.1437716,L,S,OPEN,B.Tech,2025,4
'04123,"Lokmanya Tilak Jankalyan Shikshan Sanstha, Priyadarshani College of Engineering, Nagpur",'0412326610,Robotics and Artificial Intelligence,Un-Aided Autonomous Linguistic Minority - Hindi,Unknown,MI,101704,66.4263323,M,I,MI,B.Tech,2025,4
'04123,"Lokmanya Tilak Jankalyan Shikshan Sanstha, Priyadarshani College of Engineering, Nagpur",'0412329310,Electrical Engineering,Un-Aided Autonomous Linguistic Minority - Hindi,Unknown,GOPENS,63295,80.8599071,G,S,OPEN,B.Tech,2025,4
'04123,"Lokmanya Tilak Jankalyan Shikshan Sanstha, Priyadarshani College of Engineering, Nagpur",'0412329310,Electrical Engineering,Un-Aided Autonomous Linguistic Minority - Hindi,Unknown,LOPENS,65023,80.0000000,L,S,OPEN,B.Tech,2025,4
'04123,"Lokmanya Tilak Jankalyan Shikshan Sanstha, Priyadarshani College of Engineering, Nagpur",'0412329310,Electrical Engineering,Un-Aided Autonomous Linguistic Minority - Hindi,Unknown,MI,157406,39.2328654,M,I,MI,B.Tech,2025,4
'04123,"Lokmanya Tilak Jankalyan Shikshan Sanstha, Priyadarshani College of Engineering, Nagpur",'0412337010,Electronics and Communication Engineering,Un-Aided Autonomous Linguistic Minority - Hindi,Unknown,GOPENS,61003,81.5804905,G,S,OPEN,B.Tech,2025,4
'04123,"Lokmanya Tilak Jankalyan Shikshan Sanstha, Priyadarshani College of Engineering, Nagpur",'0412337010,Electronics and Communication Engineering,Un-Aided Autonomous Linguistic Minority - Hindi,Unknown,MI,151718,42.7403863,M,I,MI,B.Tech,2025,4
'04123,"Lokmanya Tilak Jankalyan Shikshan Sanstha, Priyadarshani College of Engineering, Nagpur",'0412337210,Electronics and Telecommunication Engg,Un-Aided Autonomous Linguistic Minority - Hindi,Unknown,GOPENS,52182,84.4752545,G,S,OPEN,B.Tech,2025,4
'04123,"Lokmanya Tilak Jankalyan Shikshan Sanstha, Priyadarshani College of Engineering, Nagpur",'0412337210,Electronics and Telecommunication Engg,Un-Aided Autonomous Linguistic Minority - Hindi,Unknown,LOPENS,57391,82.7776620,L,S,OPEN,B.Tech,2025,4
'04123,"Lokmanya Tilak Jankalyan Shikshan Sanstha, Priyadarshani College of Engineering, Nagpur",'0412337210,Electronics and Telecommunication Engg,Un-Aided Autonomous Linguistic Minority - Hindi,Unknown,MI,150331,43.1964993,M,I,MI,B.Tech,2025,4
'04123,"Lokmanya Tilak Jankalyan Shikshan Sanstha, Priyadarshani College of Engineering, Nagpur",'0412350710,Chemical Engineering,Un-Aided Autonomous Linguistic Minority - Hindi,Unknown,GOPENS,73738,77.1296846,G,S,OPEN,B.Tech,2025,4
'04123,"Lokmanya Tilak Jankalyan Shikshan Sanstha, Priyadarshani College of Engineering, Nagpur",'0412350710,Chemical Engineering,Un-Aided Autonomous Linguistic Minority - Hindi,Unknown,LOPENS,54256,83.7674516,L,S,OPEN,B.Tech,2025,4
'04123,"Lokmanya Tilak Jankalyan Shikshan Sanstha, Priyadarshani College of Engineering, Nagpur",'0412350710,Chemical Engineering,Un-Aided Autonomous Linguistic Minority - Hindi,Unknown,MI,190272,14.3147873,M,I,MI,B.Tech,2025,4
'04123,"Lokmanya Tilak Jankalyan Shikshan Sanstha, Priyadarshani College of Engineering, Nagpur",'0412361210,Mechanical Engineering,Un-Aided Autonomous Linguistic Minority - Hindi,Unknown,GOPENS,92409,70.5072010,G,S,OPEN,B.Tech,2025,4
'04123,"Lokmanya Tilak Jankalyan Shikshan Sanstha, Priyadarshani College of Engineering, Nagpur",'0412361210,Mechanical Engineering,Un-Aided Autonomous Linguistic Minority - Hindi,Unknown,LOPENS,84819,73.4354379,L,S,OPEN,B.Tech,2025,4
'04123,"Lokmanya Tilak Jankalyan Shikshan Sanstha, Priyadarshani College of Engineering, Nagpur",'0412361210,Mechanical Engineering,Un-Aided Autonomous Linguistic Minority - Hindi,Unknown,MI,178834,23.4701479,M,I,MI,B.Tech,2025,4
'04123,"Lokmanya Tilak Jankalyan Shikshan Sanstha, Priyadarshani College of Engineering, Nagpur",'0412399510,Artificial Intelligence and Data Science,Un-Aided Autonomous Linguistic Minority - Hindi,Unknown,GOPENS,47538,85.8824755,G,S,OPEN,B.Tech,2025,4
'04123,"Lokmanya Tilak Jankalyan Shikshan Sanstha, Priyadarshani College of Engineering, Nagpur",'0412399510,Artificial Intelligence and Data Science,Un-Aided Autonomous Linguistic Minority - Hindi,Unknown,MI,56884,82.8437868,M,I,MI,B.Tech,2025,4
'04133,"Sanmarg Shikshan Sanstha's Smt. Radhikatai Pandav College of Engineering, Nagpur",'0413319110,Civil Engineering,Un-Aided,Unknown,GOPENH,146192,45.8266058,G,H,OPEN,B.Tech,2025,4
'04133,"Sanmarg Shikshan Sanstha's Smt. Radhikatai Pandav College of Engineering, Nagpur",'0413319110,Civil Engineering,Un-Aided,Unknown,GSCH,148927,43.6588740,G,H,SC,B.Tech,2025,4
'04133,"Sanmarg Shikshan Sanstha's Smt. Radhikatai Pandav College of Engineering, Nagpur",'0413319110,Civil Engineering,Un-Aided,Unknown,GOBCH,146538,45.3566434,G,H,OBC,B.Tech,2025,4
'04133,"Sanmarg Shikshan Sanstha's Smt. Radhikatai Pandav College of Engineering, Nagpur",'0413319110,Civil Engineering,Un-Aided,Unknown,LOPENH,138394,49.7291102,L,H,OPEN,B.Tech,2025,4
'04133,"Sanmarg Shikshan Sanstha's Smt. Radhikatai Pandav College of Engineering, Nagpur",'0413324210,Computer Science and Engineering,Un-Aided,Unknown,GOPENH,84412,73.4722277,G,H,OPEN,B.Tech,2025,4
'04133,"Sanmarg Shikshan Sanstha's Smt. Radhikatai Pandav College of Engineering, Nagpur",'0413324210,Computer Science and Engineering,Un-Aided,Unknown,GSCH,98645,68.1164395,G,H,SC,B.Tech,2025,4
'04133,"Sanmarg Shikshan Sanstha's Smt. Radhikatai Pandav College of Engineering, Nagpur",'0413324210,Computer Science and Engineering,Un-Aided,Unknown,LOBCH,70637,78.4242636,L,H,OBC,B.Tech,2025,4
'04133,"Sanmarg Shikshan Sanstha's Smt. Radhikatai Pandav College of Engineering, Nagpur",'0413324210,Computer Science and Engineering,Un-Aided,Unknown,PWDOPENH,103992,65.8462319,P,H,PWD,B.Tech,2025,4
'04133,"Sanmarg Shikshan Sanstha's Smt. Radhikatai Pandav College of Engineering, Nagpur",'0413324210,Computer Science and Engineering,Un-Aided,Unknown,GSTH,102016,66.3866132,G,H,ST,B.Tech,2025,4
'04133,"Sanmarg Shikshan Sanstha's Smt. Radhikatai Pandav College of Engineering, Nagpur",'0413324210,Computer Science and Engineering,Un-Aided,Unknown,GSEBCH,101272,66.9039004,G,H,SEBC,B.Tech,2025,4
'04133,"Sanmarg Shikshan Sanstha's Smt. Radhikatai Pandav College of Engineering, Nagpur",'0413324510,Computer Engineering,Un-Aided,Unknown,GOPENH,83568,73.6328536,G,H,OPEN,B.Tech,2025,4
'04133,"Sanmarg Shikshan Sanstha's Smt. Radhikatai Pandav College of Engineering, Nagpur",'0413324510,Computer Engineering,Un-Aided,Unknown,GOBCH,120806,58.4401523,G,H,OBC,B.Tech,2025,4
'04133,"Sanmarg Shikshan Sanstha's Smt. Radhikatai Pandav College of Engineering, Nagpur",'0413324510,Computer Engineering,Un-Aided,Unknown,LOBCH,111867,62.1412608,L,H,OBC,B.Tech,2025,4
'04133,"Sanmarg Shikshan Sanstha's Smt. Radhikatai Pandav College of Engineering, Nagpur",'0413329310,Electrical Engineering,Un-Aided,Unknown,GOPENH,118569,59.2797111,G,H,OPEN,B.Tech,2025,4
'04133,"Sanmarg Shikshan Sanstha's Smt. Radhikatai Pandav College of Engineering, Nagpur",'0413329310,Electrical Engineering,Un-Aided,Unknown,GSCH,144169,46.7613499,G,H,SC,B.Tech,2025,4
'04133,"Sanmarg Shikshan Sanstha's Smt. Radhikatai Pandav College of Engineering, Nagpur",'0413329310,Electrical Engineering,Un-Aided,Unknown,LOPENH,134718,51.5716400,L,H,OPEN,B.Tech,2025,4
'04133,"Sanmarg Shikshan Sanstha's Smt. Radhikatai Pandav College of Engineering, Nagpur",'0413329310,Electrical Engineering,Un-Aided,Unknown,GNT2H,144330,46.7613499,G,H,NT2,B.Tech,2025,4
'04133,"Sanmarg Shikshan Sanstha's Smt. Radhikatai Pandav College of Engineering, Nagpur",'0413329310,Electrical Engineering,Un-Aided,Unknown,GNT3H,140614,48.5587427,G,H,NT3,B.Tech,2025,4
'04133,"Sanmarg Shikshan Sanstha's Smt. Radhikatai Pandav College of Engineering, Nagpur",'0413329310,Electrical Engineering,Un-Aided,Unknown,LSEBCH,144205,46.7613499,L,H,SEBC,B.Tech,2025,4
'04133,"Sanmarg Shikshan Sanstha's Smt. Radhikatai Pandav College of Engineering, Nagpur",'0413337210,Electronics and Telecommunication Engg,Un-Aided,Unknown,GOPENH,137866,50.3223138,G,H,OPEN,B.Tech,2025,4
'04133,"Sanmarg Shikshan Sanstha's Smt. Radhikatai Pandav College of Engineering, Nagpur",'0413337210,Electronics and Telecommunication Engg,Un-Aided,Unknown,GNT2H,138069,49.7291102,G,H,NT2,B.Tech,2025,4
'04133,"Sanmarg Shikshan Sanstha's Smt. Radhikatai Pandav College of Engineering, Nagpur",'0413361210,Mechanical Engineering,Un-Aided,Unknown,GOPENH,142668,47.1398578,G,H,OPEN,B.Tech,2025,4
'04133,"Sanmarg Shikshan Sanstha's Smt. Radhikatai Pandav College of Engineering, Nagpur",'0413361210,Mechanical Engineering,Un-Aided,Unknown,PWDOBCH,155041,39.9024730,P,H,PWD,B.Tech,2025,4
'04133,"Sanmarg Shikshan Sanstha's Smt. Radhikatai Pandav College of Engineering, Nagpur",'0413361210,Mechanical Engineering,Un-Aided,Unknown,GSEBCH,152661,41.7471281,G,H,SEBC,B.Tech,2025,4
'04134,"Guru Nanak Institute of Engineering & Technology,Kalmeshwar, Nagpur",'0413424210,Computer Science and Engineering,Un-Aided,Unknown,GOPENH,101372,66.9039004,G,H,OPEN,B.Tech,2025,4
'04134,"Guru Nanak Institute of Engineering & Technology,Kalmeshwar, Nagpur",'0413424210,Computer Science and Engineering,Un-Aided,Unknown,GOBCH,117820,59.9607019,G,H,OBC,B.Tech,2025,4
'04134,"Guru Nanak Institute of Engineering & Technology,Kalmeshwar, Nagpur",'0413424210,Computer Science and Engineering,Un-Aided,Unknown,LOPENH,114820,60.9090909,L,H,OPEN,B.Tech,2025,4
'04134,"Guru Nanak Institute of Engineering & Technology,Kalmeshwar, Nagpur",'0413424210,Computer Science and Engineering,Un-Aided,Unknown,GSEBCH,108579,63.6512871,G,H,SEBC,B.Tech,2025,4
'04134,"Guru Nanak Institute of Engineering & Technology,Kalmeshwar, Nagpur",'0413424610,Information Technology,Un-Aided,Unknown,GOPENH,125028,56.5039753,G,H,OPEN,B.Tech,2025,4
'04134,"Guru Nanak Institute of Engineering & Technology,Kalmeshwar, Nagpur",'0413424610,Information Technology,Un-Aided,Unknown,GOBCH,126594,55.6405756,G,H,OBC,B.Tech,2025,4
'04134,"Guru Nanak Institute of Engineering & Technology,Kalmeshwar, Nagpur",'0413424610,Information Technology,Un-Aided,Unknown,LOPENH,124193,56.8426573,L,H,OPEN,B.Tech,2025,4
'04134,"Guru Nanak Institute of Engineering & Technology,Kalmeshwar, Nagpur",'0413424610,Information Technology,Un-Aided,Unknown,PWDOPENH,199576,5.2326584,P,H,PWD,B.Tech,2025,4
'04134,"Guru Nanak Institute of Engineering & Technology,Kalmeshwar, Nagpur",'0413424610,Information Technology,Un-Aided,Unknown,GNT3H,130146,54.0903901,G,H,NT3,B.Tech,2025,4
'04134,"Guru Nanak Institute of Engineering & Technology,Kalmeshwar, Nagpur",'0413429310,Electrical Engineering,Un-Aided,Unknown,GOPENH,151073,42.9247346,G,H,OPEN,B.Tech,2025,4
'04134,"Guru Nanak Institute of Engineering & Technology,Kalmeshwar, Nagpur",'0413429310,Electrical Engineering,Un-Aided,Unknown,GSCH,164965,33.4650350,G,H,SC,B.Tech,2025,4
'04134,"Guru Nanak Institute of Engineering & Technology,Kalmeshwar, Nagpur",'0413429310,Electrical Engineering,Un-Aided,Unknown,GOBCH,157985,39.2302050,G,H,OBC,B.Tech,2025,4
'04134,"Guru Nanak Institute of Engineering & Technology,Kalmeshwar, Nagpur",'0413429310,Electrical Engineering,Un-Aided,Unknown,LOPENH,112749,62.0615406,L,H,OPEN,B.Tech,2025,4
'04134,"Guru Nanak Institute of Engineering & Technology,Kalmeshwar, Nagpur",'0413437210,Electronics and Telecommunication Engg,Un-Aided,Unknown,GOPENH,117581,60.2517483,G,H,OPEN,B.Tech,2025,4
'04134,"Guru Nanak Institute of Engineering & Technology,Kalmeshwar, Nagpur",'0413437210,Electronics and Telecommunication Engg,Un-Aided,Unknown,GOBCH,135378,50.9683037,G,H,OBC,B.Tech,2025,4
'04134,"Guru Nanak Institute of Engineering & Technology,Kalmeshwar, Nagpur",'0413437210,Electronics and Telecommunication Engg,Un-Aided,Unknown,PWDOPENH,152842,41.7471281,P,H,PWD,B.Tech,2025,4
'04134,"Guru Nanak Institute of Engineering & Technology,Kalmeshwar, Nagpur",'0413437210,Electronics and Telecommunication Engg,Un-Aided,Unknown,PWDOBCH,150171,43.4652257,P,H,PWD,B.Tech,2025,4
'04134,"Guru Nanak Institute of Engineering & Technology,Kalmeshwar, Nagpur",'0413437210,Electronics and Telecommunication Engg,Un-Aided,Unknown,GSTH,154573,40.0432529,G,H,ST,B.Tech,2025,4
'04134,"Guru Nanak Institute of Engineering & Technology,Kalmeshwar, Nagpur",'0413437210,Electronics and Telecommunication Engg,Un-Aided,Unknown,LSEBCH,127073,55.2744499,L,H,SEBC,B.Tech,2025,4
'04134,"Guru Nanak Institute of Engineering & Technology,Kalmeshwar, Nagpur",'0413491210,Computer Science and Engineering(Data Science),Un-Aided,Unknown,GOPENH,117609,60.2517483,G,H,OPEN,B.Tech,2025,4
'04134,"Guru Nanak Institute of Engineering & Technology,Kalmeshwar, Nagpur",'0413491210,Computer Science and Engineering(Data Science),Un-Aided,Unknown,LOBCH,79390,75.2405919,L,H,OBC,B.Tech,2025,4
'04134,"Guru Nanak Institute of Engineering & Technology,Kalmeshwar, Nagpur",'0413491210,Computer Science and Engineering(Data Science),Un-Aided,Unknown,LNT3H,80394,75.1716925,L,H,NT3,B.Tech,2025,4
'04134,"Guru Nanak Institute of Engineering & Technology,Kalmeshwar, Nagpur",'0413499710,Artificial Intelligence,Un-Aided,Unknown,GOPENO,84390,73.5570613,G,O,OPEN,B.Tech,2025,4
'04134,"Guru Nanak Institute of Engineering & Technology,Kalmeshwar, Nagpur",'0413499710,Artificial Intelligence,Un-Aided,Unknown,GOBCO,85262,73.2612864,G,O,OBC,B.Tech,2025,4
'04135,"Amar Seva Mandal's Shree Govindrao Vanjari College of Engineering & Technology, Nagpur",'0413519110,Civil Engineering,Un-Aided Home University : Rashtrasant Tukadoji Maharaj Nagpur University,Rashtrasant Tukadoji Maharaj Nagpur University,LNT2H,189121,15.4704064,L,H,NT2,B.Tech,2025,4
'04135,"Amar Seva Mandal's Shree Govindrao Vanjari College of Engineering & Technology, Nagpur",'0413524210,Computer Science and Engineering,Un-Aided Home University : Rashtrasant Tukadoji Maharaj Nagpur University,Rashtrasant Tukadoji Maharaj Nagpur University,GOPENH,85679,73.1347962,G,H,OPEN,B.Tech,2025,4
'04135,"Amar Seva Mandal's Shree Govindrao Vanjari College of Engineering & Technology, Nagpur",'0413524210,Computer Science and Engineering,Un-Aided Home University : Rashtrasant Tukadoji Maharaj Nagpur University,Rashtrasant Tukadoji Maharaj Nagpur University,GOBCH,89044,71.5830116,G,H,OBC,B.Tech,2025,4
'04135,"Amar Seva Mandal's Shree Govindrao Vanjari College of Engineering & Technology, Nagpur",'0413524210,Computer Science and Engineering,Un-Aided Home University : Rashtrasant Tukadoji Maharaj Nagpur University,Rashtrasant Tukadoji Maharaj Nagpur University,GNT3H,99587,67.8236662,G,H,NT3,B.Tech,2025,4
'04135,"Amar Seva Mandal's Shree Govindrao Vanjari College of Engineering & Technology, Nagpur",'0413524610,Information Technology,Un-Aided Home University : Rashtrasant Tukadoji Maharaj Nagpur University,Rashtrasant Tukadoji Maharaj Nagpur University,GOBCH,99494,67.8236662,G,H,OBC,B.Tech,2025,4
'04135,"Amar Seva Mandal's Shree Govindrao Vanjari College of Engineering & Technology, Nagpur",'0413524610,Information Technology,Un-Aided Home University : Rashtrasant Tukadoji Maharaj Nagpur University,Rashtrasant Tukadoji Maharaj Nagpur University,GSEBCH,107803,64.2631037,G,H,SEBC,B.Tech,2025,4
'04135,"Amar Seva Mandal's Shree Govindrao Vanjari College of Engineering & Technology, Nagpur",'0413529310,Electrical Engineering,Un-Aided Home University : Rashtrasant Tukadoji Maharaj Nagpur University,Rashtrasant Tukadoji Maharaj Nagpur University,LSCH,122493,57.5410529,L,H,SC,B.Tech,2025,4
'04135,"Amar Seva Mandal's Shree Govindrao Vanjari College of Engineering & Technology, Nagpur",'0413529310,Electrical Engineering,Un-Aided Home University : Rashtrasant Tukadoji Maharaj Nagpur University,Rashtrasant Tukadoji Maharaj Nagpur University,PWDOBCH,133753,52.1817116,P,H,PWD,B.Tech,2025,4
'04135,"Amar Seva Mandal's Shree Govindrao Vanjari College of Engineering & Technology, Nagpur",'0413529310,Electrical Engineering,Un-Aided Home University : Rashtrasant Tukadoji Maharaj Nagpur University,Rashtrasant Tukadoji Maharaj Nagpur University,GSTH,132973,52.5968356,G,H,ST,B.Tech,2025,4
'04135,"Amar Seva Mandal's Shree Govindrao Vanjari College of Engineering & Technology, Nagpur",'0413537210,Electronics and Telecommunication Engg,Un-Aided Home University : Rashtrasant Tukadoji Maharaj Nagpur University,Rashtrasant Tukadoji Maharaj Nagpur University,GOBCH,119643,58.8994542,G,H,OBC,B.Tech,2025,4
'04135,"Amar Seva Mandal's Shree Govindrao Vanjari College of Engineering & Technology, Nagpur",'0413561210,Mechanical Engineering,Un-Aided Home University : Rashtrasant Tukadoji Maharaj Nagpur University,Rashtrasant Tukadoji Maharaj Nagpur University,LSCO,196661,8.3381964,L,O,SC,B.Tech,2025,4
'04135,"Amar Seva Mandal's Shree Govindrao Vanjari College of Engineering & Technology, Nagpur",'0413561210,Mechanical Engineering,Un-Aided Home University : Rashtrasant Tukadoji Maharaj Nagpur University,Rashtrasant Tukadoji Maharaj Nagpur University,GNT2O,153783,40.6822054,G,O,NT2,B.Tech,2025,4
'04135,"Amar Seva Mandal's Shree Govindrao Vanjari College of Engineering & Technology, Nagpur",'0413591210,Computer Science and Engineering(Data Science),Un-Aided Home University : Rashtrasant Tukadoji Maharaj Nagpur University,Rashtrasant Tukadoji Maharaj Nagpur University,GOPENH,101118,66.9498069,G,H,OPEN,B.Tech,2025,4
'04137,"Sir Shantilal Badjate Charitable Trust's S. B. Jain Institute of technology, Management & Research, Nagpur",'0413724210,Computer Science and Engineering,Un-Aided Autonomous Linguistic Minority - Hindi,Unknown,GOPENS,60074,81.8021201,G,S,OPEN,B.Tech,2025,4
'04137,"Sir Shantilal Badjate Charitable Trust's S. B. Jain Institute of technology, Management & Research, Nagpur",'0413724210,Computer Science and Engineering,Un-Aided Autonomous Linguistic Minority - Hindi,Unknown,LOPENS,52416,84.3018999,L,S,OPEN,B.Tech,2025,4
'04137,"Sir Shantilal Badjate Charitable Trust's S. B. Jain Institute of technology, Management & Research, Nagpur",'0413724210,Computer Science and Engineering,Un-Aided Autonomous Linguistic Minority - Hindi,Unknown,MI,163148,35.6771832,M,I,MI,B.Tech,2025,4
'04137,"Sir Shantilal Badjate Charitable Trust's S. B. Jain Institute of technology, Management & Research, Nagpur",'0413724610,Information Technology,Un-Aided Autonomous Linguistic Minority - Hindi,Unknown,GOPENS,62212,81.1295102,G,S,OPEN,B.Tech,2025,4
'04137,"Sir Shantilal Badjate Charitable Trust's S. B. Jain Institute of technology, Management & Research, Nagpur",'0413724610,Information Technology,Un-Aided Autonomous Linguistic Minority - Hindi,Unknown,LOPENS,61200,81.3270637,L,S,OPEN,B.Tech,2025,4
'04137,"Sir Shantilal Badjate Charitable Trust's S. B. Jain Institute of technology, Management & Research, Nagpur",'0413724610,Information Technology,Un-Aided Autonomous Linguistic Minority - Hindi,Unknown,MI,187412,16.6909773,M,I,MI,B.Tech,2025,4
'04137,"Sir Shantilal Badjate Charitable Trust's S. B. Jain Institute of technology, Management & Research, Nagpur",'0413724610,Information Technology,Un-Aided Autonomous Linguistic Minority - Hindi,Unknown,TFWS,64105,80.4732503,T,S,TFWS,B.Tech,2025,4
'04137,"Sir Shantilal Badjate Charitable Trust's S. B. Jain Institute of technology, Management & Research, Nagpur",'0413729310,Electrical Engineering,Un-Aided Autonomous Linguistic Minority - Hindi,Unknown,GOPENS,83259,73.6345056,G,S,OPEN,B.Tech,2025,4
'04137,"Sir Shantilal Badjate Charitable Trust's S. B. Jain Institute of technology, Management & Research, Nagpur",'0413729310,Electrical Engineering,Un-Aided Autonomous Linguistic Minority - Hindi,Unknown,TFWS,111267,62.8632493,T,S,TFWS,B.Tech,2025,4
'04137,"Sir Shantilal Badjate Charitable Trust's S. B. Jain Institute of technology, Management & Research, Nagpur",'0413729310,Electrical Engineering,Un-Aided Autonomous Linguistic Minority - Hindi,Unknown,MI,86839,72.6730266,M,I,MI,B.Tech,2025,4
'04137,"Sir Shantilal Badjate Charitable Trust's S. B. Jain Institute of technology, Management & Research, Nagpur",'0413737210,Electronics and Telecommunication Engg,Un-Aided Autonomous Linguistic Minority - Hindi,Unknown,GOPENS,67498,79.6033896,G,S,OPEN,B.Tech,2025,4
'04137,"Sir Shantilal Badjate Charitable Trust's S. B. Jain Institute of technology, Management & Research, Nagpur",'0413737210,Electronics and Telecommunication Engg,Un-Aided Autonomous Linguistic Minority - Hindi,Unknown,LOPENS,73183,77.1631566,L,S,OPEN,B.Tech,2025,4
'04137,"Sir Shantilal Badjate Charitable Trust's S. B. Jain Institute of technology, Management & Research, Nagpur",'0413737210,Electronics and Telecommunication Engg,Un-Aided Autonomous Linguistic Minority - Hindi,Unknown,MI,203704,0.0847177,M,I,MI,B.Tech,2025,4
'04137,"Sir Shantilal Badjate Charitable Trust's S. B. Jain Institute of technology, Management & Research, Nagpur",'0413737210,Electronics and Telecommunication Engg,Un-Aided Autonomous Linguistic Minority - Hindi,Unknown,MI,73252,77.1631566,M,I,MI,B.Tech,2025,4
'04137,"Sir Shantilal Badjate Charitable Trust's S. B. Jain Institute of technology, Management & Research, Nagpur",'0413761210,Mechanical Engineering,Un-Aided Autonomous Linguistic Minority - Hindi,Unknown,GOPENS,94417,69.4936445,G,S,OPEN,B.Tech,2025,4
'04137,"Sir Shantilal Badjate Charitable Trust's S. B. Jain Institute of technology, Management & Research, Nagpur",'0413761210,Mechanical Engineering,Un-Aided Autonomous Linguistic Minority - Hindi,Unknown,MI,101590,66.4263323,M,I,MI,B.Tech,2025,4
'04137,"Sir Shantilal Badjate Charitable Trust's S. B. Jain Institute of technology, Management & Research, Nagpur",'0413791110,Computer Science and Engineering(Artificial Intelligence and Machine Learning),Un-Aided Autonomous Linguistic Minority - Hindi,Unknown,GOPENS,45563,86.5435447,G,S,OPEN,B.Tech,2025,4
'04137,"Sir Shantilal Badjate Charitable Trust's S. B. Jain Institute of technology, Management & Research, Nagpur",'0413791110,Computer Science and Engineering(Artificial Intelligence and Machine Learning),Un-Aided Autonomous Linguistic Minority - Hindi,Unknown,LOPENS,39931,88.1719651,L,S,OPEN,B.Tech,2025,4
'04137,"Sir Shantilal Badjate Charitable Trust's S. B. Jain Institute of technology, Management & Research, Nagpur",'0413791110,Computer Science and Engineering(Artificial Intelligence and Machine Learning),Un-Aided Autonomous Linguistic Minority - Hindi,Unknown,MI,166994,32.4837011,M,I,MI,B.Tech,2025,4
'04137,"Sir Shantilal Badjate Charitable Trust's S. B. Jain Institute of technology, Management & Research, Nagpur",'0413791110,Computer Science and Engineering(Artificial Intelligence and Machine Learning),Un-Aided Autonomous Linguistic Minority - Hindi,Unknown,TFWS,60545,81.6453226,T,S,TFWS,B.Tech,2025,4
'04137,"Sir Shantilal Badjate Charitable Trust's S. B. Jain Institute of technology, Management & Research, Nagpur",'0413791210,Computer Science and Engineering(Data Science),Un-Aided Autonomous Linguistic Minority - Hindi,Unknown,LOPENS,65151,80.0000000,L,S,OPEN,B.Tech,2025,4
'04137,"Sir Shantilal Badjate Charitable Trust's S. B. Jain Institute of technology, Management & Research, Nagpur",'0413791210,Computer Science and Engineering(Data Science),Un-Aided Autonomous Linguistic Minority - Hindi,Unknown,MI,179653,22.8933117,M,I,MI,B.Tech,2025,4
'04138,"Jaidev Education Society, J D College of Engineering and Management, Nagpur",'0413819110,Civil Engineering,Un-Aided Autonomous Linguistic Minority - Hindi Home University : Autonomous Institute,Autonomous Institute,GOPENS,142979,47.1398578,G,S,OPEN,B.Tech,2025,4
'04138,"Jaidev Education Society, J D College of Engineering and Management, Nagpur",'0413819110,Civil Engineering,Un-Aided Autonomous Linguistic Minority - Hindi Home University : Autonomous Institute,Autonomous Institute,LOPENS,118016,59.9607019,L,S,OPEN,B.Tech,2025,4
'04138,"Jaidev Education Society, J D College of Engineering and Management, Nagpur",'0413819110,Civil Engineering,Un-Aided Autonomous Linguistic Minority - Hindi Home University : Autonomous Institute,Autonomous Institute,TFWS,139742,49.2256217,T,S,TFWS,B.Tech,2025,4
'04138,"Jaidev Education Society, J D College of Engineering and Management, Nagpur",'0413819110,Civil Engineering,Un-Aided Autonomous Linguistic Minority - Hindi Home University : Autonomous Institute,Autonomous Institute,MI,154790,40.0432529,M,I,MI,B.Tech,2025,4
'04138,"Jaidev Education Society, J D College of Engineering and Management, Nagpur",'0413824210,Computer Science and Engineering,Un-Aided Autonomous Linguistic Minority - Hindi Home University : Autonomous Institute,Autonomous Institute,GOPENS,85172,73.2612864,G,S,OPEN,B.Tech,2025,4
'04138,"Jaidev Education Society, J D College of Engineering and Management, Nagpur",'0413824210,Computer Science and Engineering,Un-Aided Autonomous Linguistic Minority - Hindi Home University : Autonomous Institute,Autonomous Institute,LOPENS,80885,74.9785452,L,S,OPEN,B.Tech,2025,4
'04138,"Jaidev Education Society, J D College of Engineering and Management, Nagpur",'0413824210,Computer Science and Engineering,Un-Aided Autonomous Linguistic Minority - Hindi Home University : Autonomous Institute,Autonomous Institute,MI,194034,11.0553814,M,I,MI,B.Tech,2025,4
'04138,"Jaidev Education Society, J D College of Engineering and Management, Nagpur",'0413824210,Computer Science and Engineering,Un-Aided Autonomous Linguistic Minority - Hindi Home University : Autonomous Institute,Autonomous Institute,TFWS,89991,71.4842352,T,S,TFWS,B.Tech,2025,4
'04138,"Jaidev Education Society, J D College of Engineering and Management, Nagpur",'0413824610,Information Technology,Un-Aided Autonomous Linguistic Minority - Hindi Home University : Autonomous Institute,Autonomous Institute,GOPENS,102172,66.3866132,G,S,OPEN,B.Tech,2025,4
'04138,"Jaidev Education Society, J D College of Engineering and Management, Nagpur",'0413824610,Information Technology,Un-Aided Autonomous Linguistic Minority - Hindi Home University : Autonomous Institute,Autonomous Institute,LOPENS,98759,68.1164395,L,S,OPEN,B.Tech,2025,4
'04138,"Jaidev Education Society, J D College of Engineering and Management, Nagpur",'0413824610,Information Technology,Un-Aided Autonomous Linguistic Minority - Hindi Home University : Autonomous Institute,Autonomous Institute,MI,196046,9.0142807,M,I,MI,B.Tech,2025,4
'04138,"Jaidev Education Society, J D College of Engineering and Management, Nagpur",'0413824610,Information Technology,Un-Aided Autonomous Linguistic Minority - Hindi Home University : Autonomous Institute,Autonomous Institute,TFWS,110604,63.2000580,T,S,TFWS,B.Tech,2025,4
'04138,"Jaidev Education Society, J D College of Engineering and Management, Nagpur",'0413824610,Information Technology,Un-Aided Autonomous Linguistic Minority - Hindi Home University : Autonomous Institute,Autonomous Institute,MI,110139,63.2914656,M,I,MI,B.Tech,2025,4
'04138,"Jaidev Education Society, J D College of Engineering and Management, Nagpur",'0413826010,Computer Science and Engineering (Cyber Security),Un-Aided Autonomous Linguistic Minority - Hindi Home University : Autonomous Institute,Autonomous Institute,GOPENS,102667,66.3795642,G,S,OPEN,B.Tech,2025,4
'04138,"Jaidev Education Society, J D College of Engineering and Management, Nagpur",'0413826010,Computer Science and Engineering (Cyber Security),Un-Aided Autonomous Linguistic Minority - Hindi Home University : Autonomous Institute,Autonomous Institute,LOPENS,93393,70.2033567,L,S,OPEN,B.Tech,2025,4
'04138,"Jaidev Education Society, J D College of Engineering and Management, Nagpur",'0413826010,Computer Science and Engineering (Cyber Security),Un-Aided Autonomous Linguistic Minority - Hindi Home University : Autonomous Institute,Autonomous Institute,MI,197799,7.1923077,M,I,MI,B.Tech,2025,4
'04138,"Jaidev Education Society, J D College of Engineering and Management, Nagpur",'0413826010,Computer Science and Engineering (Cyber Security),Un-Aided Autonomous Linguistic Minority - Hindi Home University : Autonomous Institute,Autonomous Institute,TFWS,101498,66.9039004,T,S,TFWS,B.Tech,2025,4
'04138,"Jaidev Education Society, J D College of Engineering and Management, Nagpur",'0413826010,Computer Science and Engineering (Cyber Security),Un-Aided Autonomous Linguistic Minority - Hindi Home University : Autonomous Institute,Autonomous Institute,MI,103483,66.1695365,M,I,MI,B.Tech,2025,4
'04138,"Jaidev Education Society, J D College of Engineering and Management, Nagpur",'0413829310,Electrical Engineering,Un-Aided Autonomous Linguistic Minority - Hindi Home University : Autonomous Institute,Autonomous Institute,GOPENS,94804,69.4561708,G,S,OPEN,B.Tech,2025,4
'04138,"Jaidev Education Society, J D College of Engineering and Management, Nagpur",'0413829310,Electrical Engineering,Un-Aided Autonomous Linguistic Minority - Hindi Home University : Autonomous Institute,Autonomous Institute,TFWS,173553,28.3031822,T,S,TFWS,B.Tech,2025,4
'04138,"Jaidev Education Society, J D College of Engineering and Management, Nagpur",'0413837210,Electronics and Telecommunication Engg,Un-Aided Autonomous Linguistic Minority - Hindi Home University : Autonomous Institute,Autonomous Institute,GOPENS,112718,62.0615406,G,S,OPEN,B.Tech,2025,4
'04138,"Jaidev Education Society, J D College of Engineering and Management, Nagpur",'0413837210,Electronics and Telecommunication Engg,Un-Aided Autonomous Linguistic Minority - Hindi Home University : Autonomous Institute,Autonomous Institute,LOPENS,115024,60.9090909,L,S,OPEN,B.Tech,2025,4
'04138,"Jaidev Education Society, J D College of Engineering and Management, Nagpur",'0413837210,Electronics and Telecommunication Engg,Un-Aided Autonomous Linguistic Minority - Hindi Home University : Autonomous Institute,Autonomous Institute,MI,116355,60.4378874,M,I,MI,B.Tech,2025,4
'04138,"Jaidev Education Society, J D College of Engineering and Management, Nagpur",'0413861210,Mechanical Engineering,Un-Aided Autonomous Linguistic Minority - Hindi Home University : Autonomous Institute,Autonomous Institute,GOPENS,125309,56.5039753,G,S,OPEN,B.Tech,2025,4
'04138,"Jaidev Education Society, J D College of Engineering and Management, Nagpur",'0413861210,Mechanical Engineering,Un-Aided Autonomous Linguistic Minority - Hindi Home University : Autonomous Institute,Autonomous Institute,LOPENS,119907,58.8525307,L,S,OPEN,B.Tech,2025,4
'04138,"Jaidev Education Society, J D College of Engineering and Management, Nagpur",'0413861210,Mechanical Engineering,Un-Aided Autonomous Linguistic Minority - Hindi Home University : Autonomous Institute,Autonomous Institute,MI,130062,54.0903901,M,I,MI,B.Tech,2025,4
'04138,"Jaidev Education Society, J D College of Engineering and Management, Nagpur",'0413891210,Computer Science and Engineering(Data Science),Un-Aided Autonomous Linguistic Minority - Hindi Home University : Autonomous Institute,Autonomous Institute,GOPENS,101978,66.3866132,G,S,OPEN,B.Tech,2025,4
'04138,"Jaidev Education Society, J D College of Engineering and Management, Nagpur",'0413891210,Computer Science and Engineering(Data Science),Un-Aided Autonomous Linguistic Minority - Hindi Home University : Autonomous Institute,Autonomous Institute,LOPENS,95009,69.4561708,L,S,OPEN,B.Tech,2025,4
'04138,"Jaidev Education Society, J D College of Engineering and Management, Nagpur",'0413891210,Computer Science and Engineering(Data Science),Un-Aided Autonomous Linguistic Minority - Hindi Home University : Autonomous Institute,Autonomous Institute,TFWS,108251,63.8244514,T,S,TFWS,B.Tech,2025,4
'04138,"Jaidev Education Society, J D College of Engineering and Management, Nagpur",'0413891210,Computer Science and Engineering(Data Science),Un-Aided Autonomous Linguistic Minority - Hindi Home University : Autonomous Institute,Autonomous Institute,MI,109115,63.5767823,M,I,MI,B.Tech,2025,4
'04138,"Jaidev Education Society, J D College of Engineering and Management, Nagpur",'0413899710,Artificial Intelligence,Un-Aided Autonomous Linguistic Minority - Hindi Home University : Autonomous Institute,Autonomous Institute,GOPENS,94368,69.4936445,G,S,OPEN,B.Tech,2025,4
'04138,"Jaidev Education Society, J D College of Engineering and Management, Nagpur",'0413899710,Artificial Intelligence,Un-Aided Autonomous Linguistic Minority - Hindi Home University : Autonomous Institute,Autonomous Institute,LOPENS,89653,71.5562808,L,S,OPEN,B.Tech,2025,4
'04138,"Jaidev Education Society, J D College of Engineering and Management, Nagpur",'0413899710,Artificial Intelligence,Un-Aided Autonomous Linguistic Minority - Hindi Home University : Autonomous Institute,Autonomous Institute,MI,177270,25.2088452,M,I,MI,B.Tech,2025,4
'04138,"Jaidev Education Society, J D College of Engineering and Management, Nagpur",'0413899710,Artificial Intelligence,Un-Aided Autonomous Linguistic Minority - Hindi Home University : Autonomous Institute,Autonomous Institute,TFWS,115038,60.9090909,T,S,TFWS,B.Tech,2025,4
'04138,"Jaidev Education Society, J D College of Engineering and Management, Nagpur",'0413899710,Artificial Intelligence,Un-Aided Autonomous Linguistic Minority - Hindi Home University : Autonomous Institute,Autonomous Institute,MI,98700,68.1164395,M,I,MI,B.Tech,2025,4
'04139,"Samridhi Sarwajanik Charitable Trust, Jhulelal Institute of Technology, Nagpur",'0413924210,Computer Science and Engineering,Un-Aided Autonomous Linguistic Minority - Sindhi,Unknown,GOPENS,80537,75.1620214,G,S,OPEN,B.Tech,2025,4
'04139,"Samridhi Sarwajanik Charitable Trust, Jhulelal Institute of Technology, Nagpur",'0413924210,Computer Science and Engineering,Un-Aided Autonomous Linguistic Minority - Sindhi,Unknown,LOPENS,79749,75.2107280,L,S,OPEN,B.Tech,2025,4
'04139,"Samridhi Sarwajanik Charitable Trust, Jhulelal Institute of Technology, Nagpur",'0413924210,Computer Science and Engineering,Un-Aided Autonomous Linguistic Minority - Sindhi,Unknown,TFWS,57293,82.8332926,T,S,TFWS,B.Tech,2025,4
'04139,"Samridhi Sarwajanik Charitable Trust, Jhulelal Institute of Technology, Nagpur",'0413924210,Computer Science and Engineering,Un-Aided Autonomous Linguistic Minority - Sindhi,Unknown,MI,87042,72.3760958,M,I,MI,B.Tech,2025,4
'04139,"Samridhi Sarwajanik Charitable Trust, Jhulelal Institute of Technology, Nagpur",'0413929310,Electrical Engineering,Un-Aided Autonomous Linguistic Minority - Sindhi,Unknown,GOPENS,119977,58.8525307,G,S,OPEN,B.Tech,2025,4
'04139,"Samridhi Sarwajanik Charitable Trust, Jhulelal Institute of Technology, Nagpur",'0413929310,Electrical Engineering,Un-Aided Autonomous Linguistic Minority - Sindhi,Unknown,LOPENS,109073,63.5767823,L,S,OPEN,B.Tech,2025,4
'04139,"Samridhi Sarwajanik Charitable Trust, Jhulelal Institute of Technology, Nagpur",'0413929310,Electrical Engineering,Un-Aided Autonomous Linguistic Minority - Sindhi,Unknown,MI,122006,57.6249683,M,I,MI,B.Tech,2025,4
'04139,"Samridhi Sarwajanik Charitable Trust, Jhulelal Institute of Technology, Nagpur",'0413961210,Mechanical Engineering,Un-Aided Autonomous Linguistic Minority - Sindhi,Unknown,GOPENS,126545,55.6405756,G,S,OPEN,B.Tech,2025,4
'04139,"Samridhi Sarwajanik Charitable Trust, Jhulelal Institute of Technology, Nagpur",'0413961210,Mechanical Engineering,Un-Aided Autonomous Linguistic Minority - Sindhi,Unknown,LOPENS,133631,52.1817116,L,S,OPEN,B.Tech,2025,4
'04139,"Samridhi Sarwajanik Charitable Trust, Jhulelal Institute of Technology, Nagpur",'0413961210,Mechanical Engineering,Un-Aided Autonomous Linguistic Minority - Sindhi,Unknown,MI,136529,50.7016833,M,I,MI,B.Tech,2025,4
'04139,"Samridhi Sarwajanik Charitable Trust, Jhulelal Institute of Technology, Nagpur",'0413984410,Electronics and Computer Engineering,Un-Aided Autonomous Linguistic Minority - Sindhi,Unknown,GOPENS,104738,65.6307130,G,S,OPEN,B.Tech,2025,4
'04139,"Samridhi Sarwajanik Charitable Trust, Jhulelal Institute of Technology, Nagpur",'0413984410,Electronics and Computer Engineering,Un-Aided Autonomous Linguistic Minority - Sindhi,Unknown,LOPENS,92614,70.5005064,L,S,OPEN,B.Tech,2025,4
'04139,"Samridhi Sarwajanik Charitable Trust, Jhulelal Institute of Technology, Nagpur",'0413984410,Electronics and Computer Engineering,Un-Aided Autonomous Linguistic Minority - Sindhi,Unknown,MI,105223,65.5190641,M,I,MI,B.Tech,2025,4
'04139,"Samridhi Sarwajanik Charitable Trust, Jhulelal Institute of Technology, Nagpur",'0413991110,Computer Science and Engineering(Artificial Intelligence and Machine Learning),Un-Aided Autonomous Linguistic Minority - Sindhi,Unknown,GOPENS,92582,70.5005064,G,S,OPEN,B.Tech,2025,4
'04139,"Samridhi Sarwajanik Charitable Trust, Jhulelal Institute of Technology, Nagpur",'0413991110,Computer Science and Engineering(Artificial Intelligence and Machine Learning),Un-Aided Autonomous Linguistic Minority - Sindhi,Unknown,LOPENS,79985,75.1927485,L,S,OPEN,B.Tech,2025,4
'04139,"Samridhi Sarwajanik Charitable Trust, Jhulelal Institute of Technology, Nagpur",'0413991110,Computer Science and Engineering(Artificial Intelligence and Machine Learning),Un-Aided Autonomous Linguistic Minority - Sindhi,Unknown,TFWS,88438,71.8197195,T,S,TFWS,B.Tech,2025,4
'04139,"Samridhi Sarwajanik Charitable Trust, Jhulelal Institute of Technology, Nagpur",'0413991110,Computer Science and Engineering(Artificial Intelligence and Machine Learning),Un-Aided Autonomous Linguistic Minority - Sindhi,Unknown,MI,103077,66.2972028,M,I,MI,B.Tech,2025,4
'04139,"Samridhi Sarwajanik Charitable Trust, Jhulelal Institute of Technology, Nagpur",'0413992510,Computer Science and Engineering (Artificial Intelligence and Data Science),Un-Aided Autonomous Linguistic Minority - Sindhi,Unknown,GOPENS,96460,68.9620341,G,S,OPEN,B.Tech,2025,4
'04139,"Samridhi Sarwajanik Charitable Trust, Jhulelal Institute of Technology, Nagpur",'0413992510,Computer Science and Engineering (Artificial Intelligence and Data Science),Un-Aided Autonomous Linguistic Minority - Sindhi,Unknown,LOPENS,78967,75.3562654,L,S,OPEN,B.Tech,2025,4
'04139,"Samridhi Sarwajanik Charitable Trust, Jhulelal Institute of Technology, Nagpur",'0413992510,Computer Science and Engineering (Artificial Intelligence and Data Science),Un-Aided Autonomous Linguistic Minority - Sindhi,Unknown,MI,103383,66.1695365,M,I,MI,B.Tech,2025,4
'04139,"Samridhi Sarwajanik Charitable Trust, Jhulelal Institute of Technology, Nagpur",'0413992810,Electronics and Communication(Advanced Communication Technology),Un-Aided Autonomous Linguistic Minority - Sindhi,Unknown,GOPENS,105825,65.3084343,G,S,OPEN,B.Tech,2025,4
'04139,"Samridhi Sarwajanik Charitable Trust, Jhulelal Institute of Technology, Nagpur",'0413992810,Electronics and Communication(Advanced Communication Technology),Un-Aided Autonomous Linguistic Minority - Sindhi,Unknown,LOPENS,105085,65.5190641,L,S,OPEN,B.Tech,2025,4
'04141,"Shriram Gram Vikas Shikshan Sanstha, Vilasrao Deshmukh College of Engineering and Technology, Nagpur",'0414119110,Civil Engineering,Un-Aided Home University : Rashtrasant Tukadoji Maharaj Nagpur University,Rashtrasant Tukadoji Maharaj Nagpur University,GOPENH,203207,0.8123736,G,H,OPEN,B.Tech,2025,4
'04141,"Shriram Gram Vikas Shikshan Sanstha, Vilasrao Deshmukh College of Engineering and Technology, Nagpur",'0414119110,Civil Engineering,Un-Aided Home University : Rashtrasant Tukadoji Maharaj Nagpur University,Rashtrasant Tukadoji Maharaj Nagpur University,LOPENH,179168,23.4132019,L,H,OPEN,B.Tech,2025,4
'04141,"Shriram Gram Vikas Shikshan Sanstha, Vilasrao Deshmukh College of Engineering and Technology, Nagpur",'0414124510,Computer Engineering,Un-Aided Home University : Rashtrasant Tukadoji Maharaj Nagpur University,Rashtrasant Tukadoji Maharaj Nagpur University,GOPENH,203547,0.3086310,G,H,OPEN,B.Tech,2025,4
'04141,"Shriram Gram Vikas Shikshan Sanstha, Vilasrao Deshmukh College of Engineering and Technology, Nagpur",'0414124510,Computer Engineering,Un-Aided Home University : Rashtrasant Tukadoji Maharaj Nagpur University,Rashtrasant Tukadoji Maharaj Nagpur University,LOPENH,191951,13.0166500,L,H,OPEN,B.Tech,2025,4
'04141,"Shriram Gram Vikas Shikshan Sanstha, Vilasrao Deshmukh College of Engineering and Technology, Nagpur",'0414161210,Mechanical Engineering,Un-Aided Home University : Rashtrasant Tukadoji Maharaj Nagpur University,Rashtrasant Tukadoji Maharaj Nagpur University,GOPENO,185163,18.9335664,G,O,OPEN,B.Tech,2025,4
'04141,"Shriram Gram Vikas Shikshan Sanstha, Vilasrao Deshmukh College of Engineering and Technology, Nagpur",'0414161210,Mechanical Engineering,Un-Aided Home University : Rashtrasant Tukadoji Maharaj Nagpur University,Rashtrasant Tukadoji Maharaj Nagpur University,LOPENO,189197,15.4365886,L,O,OPEN,B.Tech,2025,4
'04141,"Shriram Gram Vikas Shikshan Sanstha, Vilasrao Deshmukh College of Engineering and Technology, Nagpur",'0414199510,Artificial Intelligence and Data Science,Un-Aided Home University : Rashtrasant Tukadoji Maharaj Nagpur University,Rashtrasant Tukadoji Maharaj Nagpur University,GOPENH,184281,19.4484962,G,H,OPEN,B.Tech,2025,4
'04141,"Shriram Gram Vikas Shikshan Sanstha, Vilasrao Deshmukh College of Engineering and Technology, Nagpur",'0414199510,Artificial Intelligence and Data Science,Un-Aided Home University : Rashtrasant Tukadoji Maharaj Nagpur University,Rashtrasant Tukadoji Maharaj Nagpur University,GSCH,185443,18.6473767,G,H,SC,B.Tech,2025,4
'04141,"Shriram Gram Vikas Shikshan Sanstha, Vilasrao Deshmukh College of Engineering and Technology, Nagpur",'0414199510,Artificial Intelligence and Data Science,Un-Aided Home University : Rashtrasant Tukadoji Maharaj Nagpur University,Rashtrasant Tukadoji Maharaj Nagpur University,GOBCH,197209,7.8234926,G,H,OBC,B.Tech,2025,4
'04141,"Shriram Gram Vikas Shikshan Sanstha, Vilasrao Deshmukh College of Engineering and Technology, Nagpur",'0414199510,Artificial Intelligence and Data Science,Un-Aided Home University : Rashtrasant Tukadoji Maharaj Nagpur University,Rashtrasant Tukadoji Maharaj Nagpur University,LOPENH,140566,48.5587427,L,H,OPEN,B.Tech,2025,4
'04141,"Shriram Gram Vikas Shikshan Sanstha, Vilasrao Deshmukh College of Engineering and Technology, Nagpur",'0414199510,Artificial Intelligence and Data Science,Un-Aided Home University : Rashtrasant Tukadoji Maharaj Nagpur University,Rashtrasant Tukadoji Maharaj Nagpur University,LSCH,169632,31.5596589,L,H,SC,B.Tech,2025,4
'04141,"Shriram Gram Vikas Shikshan Sanstha, Vilasrao Deshmukh College of Engineering and Technology, Nagpur",'0414199510,Artificial Intelligence and Data Science,Un-Aided Home University : Rashtrasant Tukadoji Maharaj Nagpur University,Rashtrasant Tukadoji Maharaj Nagpur University,LOBCH,188822,15.8201150,L,H,OBC,B.Tech,2025,4
'04141,"Shriram Gram Vikas Shikshan Sanstha, Vilasrao Deshmukh College of Engineering and Technology, Nagpur",'0414199510,Artificial Intelligence and Data Science,Un-Aided Home University : Rashtrasant Tukadoji Maharaj Nagpur University,Rashtrasant Tukadoji Maharaj Nagpur University,PWDOPENH,188658,15.8481365,P,H,PWD,B.Tech,2025,4
'04141,"Shriram Gram Vikas Shikshan Sanstha, Vilasrao Deshmukh College of Engineering and Technology, Nagpur",'0414199510,Artificial Intelligence and Data Science,Un-Aided Home University : Rashtrasant Tukadoji Maharaj Nagpur University,Rashtrasant Tukadoji Maharaj Nagpur University,GNT2H,189587,15.1144829,G,H,NT2,B.Tech,2025,4
'04141,"Shriram Gram Vikas Shikshan Sanstha, Vilasrao Deshmukh College of Engineering and Technology, Nagpur",'0414199510,Artificial Intelligence and Data Science,Un-Aided Home University : Rashtrasant Tukadoji Maharaj Nagpur University,Rashtrasant Tukadoji Maharaj Nagpur University,GSEBCH,196019,9.0142807,G,H,SEBC,B.Tech,2025,4
'04141,"Shriram Gram Vikas Shikshan Sanstha, Vilasrao Deshmukh College of Engineering and Technology, Nagpur",'0414199510,Artificial Intelligence and Data Science,Un-Aided Home University : Rashtrasant Tukadoji Maharaj Nagpur University,Rashtrasant Tukadoji Maharaj Nagpur University,LSTH,200095,4.5709952,L,H,ST,B.Tech,2025,4
'04141,"Shriram Gram Vikas Shikshan Sanstha, Vilasrao Deshmukh College of Engineering and Technology, Nagpur",'0414199510,Artificial Intelligence and Data Science,Un-Aided Home University : Rashtrasant Tukadoji Maharaj Nagpur University,Rashtrasant Tukadoji Maharaj Nagpur University,LNT1H,198210,6.6801689,L,H,NT1,B.Tech,2025,4
'04141,"Shriram Gram Vikas Shikshan Sanstha, Vilasrao Deshmukh College of Engineering and Technology, Nagpur",'0414199510,Artificial Intelligence and Data Science,Un-Aided Home University : Rashtrasant Tukadoji Maharaj Nagpur University,Rashtrasant Tukadoji Maharaj Nagpur University,LSEBCH,203763,0.0068944,L,H,SEBC,B.Tech,2025,4
'04142,"G H Raisoni College of Engineering & Management, Nagpur",'0414219110,Civil Engineering,Un-Aided Autonomous Linguistic Minority - Hindi,Unknown,GOPENS,78719,75.4048881,G,S,OPEN,B.Tech,2025,4
'04142,"G H Raisoni College of Engineering & Management, Nagpur",'0414219110,Civil Engineering,Un-Aided Autonomous Linguistic Minority - Hindi,Unknown,LOPENS,94360,69.4936445,L,S,OPEN,B.Tech,2025,4
'04142,"G H Raisoni College of Engineering & Management, Nagpur",'0414219110,Civil Engineering,Un-Aided Autonomous Linguistic Minority - Hindi,Unknown,MI,177106,25.2088452,M,I,MI,B.Tech,2025,4
'04142,"G H Raisoni College of Engineering & Management, Nagpur",'0414219110,Civil Engineering,Un-Aided Autonomous Linguistic Minority - Hindi,Unknown,TFWS,99565,67.8236662,T,S,TFWS,B.Tech,2025,4
'04142,"G H Raisoni College of Engineering & Management, Nagpur",'0414224210,Computer Science and Engineering,Un-Aided Autonomous Linguistic Minority - Hindi,Unknown,GOPENS,40060,88.1387307,G,S,OPEN,B.Tech,2025,4
'04142,"G H Raisoni College of Engineering & Management, Nagpur",'0414224210,Computer Science and Engineering,Un-Aided Autonomous Linguistic Minority - Hindi,Unknown,LOPENS,45980,86.3462208,L,S,OPEN,B.Tech,2025,4
'04142,"G H Raisoni College of Engineering & Management, Nagpur",'0414224210,Computer Science and Engineering,Un-Aided Autonomous Linguistic Minority - Hindi,Unknown,MI,134034,51.7009371,M,I,MI,B.Tech,2025,4
'04142,"G H Raisoni College of Engineering & Management, Nagpur",'0414224210,Computer Science and Engineering,Un-Aided Autonomous Linguistic Minority - Hindi,Unknown,TFWS,36255,89.2894353,T,S,TFWS,B.Tech,2025,4
'04142,"G H Raisoni College of Engineering & Management, Nagpur",'0414224610,Information Technology,Un-Aided Autonomous Linguistic Minority - Hindi,Unknown,MI,145164,46.3957696,M,I,MI,B.Tech,2025,4
'04142,"G H Raisoni College of Engineering & Management, Nagpur",'0414224610,Information Technology,Un-Aided Autonomous Linguistic Minority - Hindi,Unknown,TFWS,43532,87.0323929,T,S,TFWS,B.Tech,2025,4
'04142,"G H Raisoni College of Engineering & Management, Nagpur",'0414229310,Electrical Engineering,Un-Aided Autonomous Linguistic Minority - Hindi,Unknown,GOPENS,73232,77.1631566,G,S,OPEN,B.Tech,2025,4
'04142,"G H Raisoni College of Engineering & Management, Nagpur",'0414229310,Electrical Engineering,Un-Aided Autonomous Linguistic Minority - Hindi,Unknown,LOPENS,68412,79.0279720,L,S,OPEN,B.Tech,2025,4
'04142,"G H Raisoni College of Engineering & Management, Nagpur",'0414229310,Electrical Engineering,Un-Aided Autonomous Linguistic Minority - Hindi,Unknown,MI,157889,39.2302050,M,I,MI,B.Tech,2025,4
'04142,"G H Raisoni College of Engineering & Management, Nagpur",'0414237210,Electronics and Telecommunication Engg,Un-Aided Autonomous Linguistic Minority - Hindi,Unknown,GOPENS,55592,83.2103258,G,S,OPEN,B.Tech,2025,4
'04142,"G H Raisoni College of Engineering & Management, Nagpur",'0414237210,Electronics and Telecommunication Engg,Un-Aided Autonomous Linguistic Minority - Hindi,Unknown,LOPENS,54394,83.7239356,L,S,OPEN,B.Tech,2025,4
'04142,"G H Raisoni College of Engineering & Management, Nagpur",'0414237210,Electronics and Telecommunication Engg,Un-Aided Autonomous Linguistic Minority - Hindi,Unknown,MI,151000,43.0314730,M,I,MI,B.Tech,2025,4
'04142,"G H Raisoni College of Engineering & Management, Nagpur",'0414261210,Mechanical Engineering,Un-Aided Autonomous Linguistic Minority - Hindi,Unknown,GOPENS,74357,76.9322569,G,S,OPEN,B.Tech,2025,4
'04142,"G H Raisoni College of Engineering & Management, Nagpur",'0414261210,Mechanical Engineering,Un-Aided Autonomous Linguistic Minority - Hindi,Unknown,LOPENS,77683,75.6522650,L,S,OPEN,B.Tech,2025,4
'04142,"G H Raisoni College of Engineering & Management, Nagpur",'0414261210,Mechanical Engineering,Un-Aided Autonomous Linguistic Minority - Hindi,Unknown,MI,173335,28.3463753,M,I,MI,B.Tech,2025,4
'04142,"G H Raisoni College of Engineering & Management, Nagpur",'0414261210,Mechanical Engineering,Un-Aided Autonomous Linguistic Minority - Hindi,Unknown,TFWS,91932,70.6189283,T,S,TFWS,B.Tech,2025,4
'04142,"G H Raisoni College of Engineering & Management, Nagpur",'0414291010,Computer Science and Engineering(Cyber Security),Un-Aided Autonomous Linguistic Minority - Hindi,Unknown,GOPENS,47896,85.8461538,G,S,OPEN,B.Tech,2025,4
'04142,"G H Raisoni College of Engineering & Management, Nagpur",'0414291010,Computer Science and Engineering(Cyber Security),Un-Aided Autonomous Linguistic Minority - Hindi,Unknown,MI,143240,47.1396200,M,I,MI,B.Tech,2025,4
'04142,"G H Raisoni College of Engineering & Management, Nagpur",'0414291710,Data Science,Un-Aided Autonomous Linguistic Minority - Hindi,Unknown,GOPENS,46512,85.9982332,G,S,OPEN,B.Tech,2025,4
'04142,"G H Raisoni College of Engineering & Management, Nagpur",'0414291710,Data Science,Un-Aided Autonomous Linguistic Minority - Hindi,Unknown,MI,136177,50.7016833,M,I,MI,B.Tech,2025,4
'04142,"G H Raisoni College of Engineering & Management, Nagpur",'0414299710,Artificial Intelligence,Un-Aided Autonomous Linguistic Minority - Hindi,Unknown,GOPENS,49201,85.2215842,G,S,OPEN,B.Tech,2025,4
'04142,"G H Raisoni College of Engineering & Management, Nagpur",'0414299710,Artificial Intelligence,Un-Aided Autonomous Linguistic Minority - Hindi,Unknown,MI,138898,49.4020979,M,I,MI,B.Tech,2025,4
'04142,"G H Raisoni College of Engineering & Management, Nagpur",'0414299710,Artificial Intelligence,Un-Aided Autonomous Linguistic Minority - Hindi,Unknown,TFWS,31882,90.6536517,T,S,TFWS,B.Tech,2025,4
'04143,"Sanmarg Shikshan Sanstha, Mandukarrao Pandav College of Engineering, Bhandara",'0414319110,Civil Engineering,Un-Aided,Unknown,GOBCH,198789,6.2359571,G,H,OBC,B.Tech,2025,4
'04143,"Sanmarg Shikshan Sanstha, Mandukarrao Pandav College of Engineering, Bhandara",'0414324210,Computer Science and Engineering,Un-Aided,Unknown,GOPENO,171846,28.9849310,G,O,OPEN,B.Tech,2025,4
'04143,"Sanmarg Shikshan Sanstha, Mandukarrao Pandav College of Engineering, Bhandara",'0414324210,Computer Science and Engineering,Un-Aided,Unknown,LOPENO,189111,15.4704064,L,O,OPEN,B.Tech,2025,4
'04143,"Sanmarg Shikshan Sanstha, Mandukarrao Pandav College of Engineering, Bhandara",'0414324510,Computer Engineering,Un-Aided,Unknown,GSCH,191609,13.2717448,G,H,SC,B.Tech,2025,4
'04143,"Sanmarg Shikshan Sanstha, Mandukarrao Pandav College of Engineering, Bhandara",'0414329310,Electrical Engineering,Un-Aided,Unknown,GOPENH,193265,11.6988417,G,H,OPEN,B.Tech,2025,4
'04143,"Sanmarg Shikshan Sanstha, Mandukarrao Pandav College of Engineering, Bhandara",'0414329310,Electrical Engineering,Un-Aided,Unknown,LOPENH,119665,58.8994542,L,H,OPEN,B.Tech,2025,4
'04143,"Sanmarg Shikshan Sanstha, Mandukarrao Pandav College of Engineering, Bhandara",'0414337210,Electronics and Telecommunication Engg,Un-Aided,Unknown,GOPENO,187306,16.8604050,G,O,OPEN,B.Tech,2025,4
'04143,"Sanmarg Shikshan Sanstha, Mandukarrao Pandav College of Engineering, Bhandara",'0414337210,Electronics and Telecommunication Engg,Un-Aided,Unknown,LOPENO,194385,10.7725189,L,O,OPEN,B.Tech,2025,4
'04143,"Sanmarg Shikshan Sanstha, Mandukarrao Pandav College of Engineering, Bhandara",'0414361210,Mechanical Engineering,Un-Aided,Unknown,GOPENH,198671,6.3499894,G,H,OPEN,B.Tech,2025,4
'04143,"Sanmarg Shikshan Sanstha, Mandukarrao Pandav College of Engineering, Bhandara",'0414399510,Artificial Intelligence and Data Science,Un-Aided,Unknown,GOPENO,157175,39.3344201,G,O,OPEN,B.Tech,2025,4
'04143,"Sanmarg Shikshan Sanstha, Mandukarrao Pandav College of Engineering, Bhandara",'0414399510,Artificial Intelligence and Data Science,Un-Aided,Unknown,LOPENO,184617,19.2051273,L,O,OPEN,B.Tech,2025,4
'04144,"Shri. Sai Shikshan Sanstha, Nagpur Institute of Technology, Nagpur",'0414419110,Civil Engineering,Un-Aided,Unknown,GNT1H,179536,22.9939635,G,H,NT1,B.Tech,2025,4
'04144,"Shri. Sai Shikshan Sanstha, Nagpur Institute of Technology, Nagpur",'0414419110,Civil Engineering,Un-Aided,Unknown,PWDOPENH,158049,38.7925588,P,H,PWD,B.Tech,2025,4
'04144,"Shri. Sai Shikshan Sanstha, Nagpur Institute of Technology, Nagpur",'0414419110,Civil Engineering,Un-Aided,Unknown,GSEBCH,149682,43.5338318,G,H,SEBC,B.Tech,2025,4
'04144,"Shri. Sai Shikshan Sanstha, Nagpur Institute of Technology, Nagpur",'0414424210,Computer Science and Engineering,Un-Aided,Unknown,GNT2O,142836,47.1398578,G,O,NT2,B.Tech,2025,4
'04144,"Shri. Sai Shikshan Sanstha, Nagpur Institute of Technology, Nagpur",'0414424610,Information Technology,Un-Aided,Unknown,GOPENH,121115,58.2180677,G,H,OPEN,B.Tech,2025,4
'04144,"Shri. Sai Shikshan Sanstha, Nagpur Institute of Technology, Nagpur",'0414424610,Information Technology,Un-Aided,Unknown,LOPENH,84283,73.5570613,L,H,OPEN,B.Tech,2025,4
'04144,"Shri. Sai Shikshan Sanstha, Nagpur Institute of Technology, Nagpur",'0414424610,Information Technology,Un-Aided,Unknown,GSEBCH,128264,54.5872518,G,H,SEBC,B.Tech,2025,4
'04144,"Shri. Sai Shikshan Sanstha, Nagpur Institute of Technology, Nagpur",'0414429310,Electrical Engineering,Un-Aided,Unknown,GOPENH,146130,45.8266058,G,H,OPEN,B.Tech,2025,4
'04144,"Shri. Sai Shikshan Sanstha, Nagpur Institute of Technology, Nagpur",'0414461210,Mechanical Engineering,Un-Aided,Unknown,GVJH,181701,22.0346747,G,H,VJ,B.Tech,2025,4
'04145,"Wainganga College of Engineering and Management, Dongargaon, Nagpur",'0414519110,Civil Engineering,Un-Aided Autonomous,Unknown,GOPENS,120442,58.6907687,G,S,OPEN,B.Tech,2025,4
'04145,"Wainganga College of Engineering and Management, Dongargaon, Nagpur",'0414519110,Civil Engineering,Un-Aided Autonomous,Unknown,GSCS,143508,47.1396200,G,S,SC,B.Tech,2025,4
'04145,"Wainganga College of Engineering and Management, Dongargaon, Nagpur",'0414519110,Civil Engineering,Un-Aided Autonomous,Unknown,GSTS,159210,37.6293706,G,S,ST,B.Tech,2025,4
'04145,"Wainganga College of Engineering and Management, Dongargaon, Nagpur",'0414519110,Civil Engineering,Un-Aided Autonomous,Unknown,GVJS,166588,32.5451434,G,S,VJ,B.Tech,2025,4
'04145,"Wainganga College of Engineering and Management, Dongargaon, Nagpur",'0414519110,Civil Engineering,Un-Aided Autonomous,Unknown,LOPENS,126681,55.4922986,L,S,OPEN,B.Tech,2025,4
'04145,"Wainganga College of Engineering and Management, Dongargaon, Nagpur",'0414519110,Civil Engineering,Un-Aided Autonomous,Unknown,LSCS,147543,44.5303298,L,S,SC,B.Tech,2025,4
'04145,"Wainganga College of Engineering and Management, Dongargaon, Nagpur",'0414519110,Civil Engineering,Un-Aided Autonomous,Unknown,LOBCS,134004,51.7009371,L,S,OBC,B.Tech,2025,4
'04145,"Wainganga College of Engineering and Management, Dongargaon, Nagpur",'0414519110,Civil Engineering,Un-Aided Autonomous,Unknown,TFWS,140335,49.1540892,T,S,TFWS,B.Tech,2025,4
'04145,"Wainganga College of Engineering and Management, Dongargaon, Nagpur",'0414519110,Civil Engineering,Un-Aided Autonomous,Unknown,LSEBCS,136800,50.5909012,L,S,SEBC,B.Tech,2025,4
'04145,"Wainganga College of Engineering and Management, Dongargaon, Nagpur",'0414524210,Computer Science and Engineering,Un-Aided Autonomous,Unknown,GOPENS,107873,64.2631037,G,S,OPEN,B.Tech,2025,4
'04145,"Wainganga College of Engineering and Management, Dongargaon, Nagpur",'0414524210,Computer Science and Engineering,Un-Aided Autonomous,Unknown,GSCS,118540,59.2797111,G,S,SC,B.Tech,2025,4
'04145,"Wainganga College of Engineering and Management, Dongargaon, Nagpur",'0414524210,Computer Science and Engineering,Un-Aided Autonomous,Unknown,GSTS,117031,60.3213757,G,S,ST,B.Tech,2025,4
'04145,"Wainganga College of Engineering and Management, Dongargaon, Nagpur",'0414524210,Computer Science and Engineering,Un-Aided Autonomous,Unknown,GOBCS,108638,63.6512871,G,S,OBC,B.Tech,2025,4
'04145,"Wainganga College of Engineering and Management, Dongargaon, Nagpur",'0414524210,Computer Science and Engineering,Un-Aided Autonomous,Unknown,GSEBCS,123919,57.0133407,G,S,SEBC,B.Tech,2025,4
'04145,"Wainganga College of Engineering and Management, Dongargaon, Nagpur",'0414524210,Computer Science and Engineering,Un-Aided Autonomous,Unknown,LOPENS,91041,71.0971787,L,S,OPEN,B.Tech,2025,4
'04145,"Wainganga College of Engineering and Management, Dongargaon, Nagpur",'0414524210,Computer Science and Engineering,Un-Aided Autonomous,Unknown,LVJS,176238,25.5643537,L,S,VJ,B.Tech,2025,4
'04145,"Wainganga College of Engineering and Management, Dongargaon, Nagpur",'0414524210,Computer Science and Engineering,Un-Aided Autonomous,Unknown,LOBCS,101454,66.9039004,L,S,OBC,B.Tech,2025,4
'04145,"Wainganga College of Engineering and Management, Dongargaon, Nagpur",'0414524210,Computer Science and Engineering,Un-Aided Autonomous,Unknown,TFWS,111011,62.9184580,T,S,TFWS,B.Tech,2025,4
'04145,"Wainganga College of Engineering and Management, Dongargaon, Nagpur",'0414524210,Computer Science and Engineering,Un-Aided Autonomous,Unknown,DEFROBCS,129764,54.0903901,D,S,OBC,B.Tech,2025,4
'04145,"Wainganga College of Engineering and Management, Dongargaon, Nagpur",'0414524210,Computer Science and Engineering,Un-Aided Autonomous,Unknown,EWS,180308,22.4248107,E,S,EWS,B.Tech,2025,4
'04145,"Wainganga College of Engineering and Management, Dongargaon, Nagpur",'0414524210,Computer Science and Engineering,Un-Aided Autonomous,Unknown,DEFSCS,109107,63.5767823,D,S,SC,B.Tech,2025,4
'04145,"Wainganga College of Engineering and Management, Dongargaon, Nagpur",'0414524210,Computer Science and Engineering,Un-Aided Autonomous,Unknown,PWDOPENS,105296,65.5190641,P,S,PWD,B.Tech,2025,4
'04145,"Wainganga College of Engineering and Management, Dongargaon, Nagpur",'0414524210,Computer Science and Engineering,Un-Aided Autonomous,Unknown,PWDOBCS,108295,63.8244514,P,S,PWD,B.Tech,2025,4
'04145,"Wainganga College of Engineering and Management, Dongargaon, Nagpur",'0414524210,Computer Science and Engineering,Un-Aided Autonomous,Unknown,GSEBCS,110769,63.2000580,G,S,SEBC,B.Tech,2025,4
'04145,"Wainganga College of Engineering and Management, Dongargaon, Nagpur",'0414529310,Electrical Engineering,Un-Aided Autonomous,Unknown,GOPENS,128527,54.5739657,G,S,OPEN,B.Tech,2025,4
'04145,"Wainganga College of Engineering and Management, Dongargaon, Nagpur",'0414529310,Electrical Engineering,Un-Aided Autonomous,Unknown,GSCS,149972,43.4652257,G,S,SC,B.Tech,2025,4
'04145,"Wainganga College of Engineering and Management, Dongargaon, Nagpur",'0414529310,Electrical Engineering,Un-Aided Autonomous,Unknown,GNT1S,157208,39.3344201,G,S,NT1,B.Tech,2025,4
'04145,"Wainganga College of Engineering and Management, Dongargaon, Nagpur",'0414529310,Electrical Engineering,Un-Aided Autonomous,Unknown,GOBCS,143584,47.0502678,G,S,OBC,B.Tech,2025,4
'04145,"Wainganga College of Engineering and Management, Dongargaon, Nagpur",'0414529310,Electrical Engineering,Un-Aided Autonomous,Unknown,LOPENS,125185,56.5039753,L,S,OPEN,B.Tech,2025,4
'04145,"Wainganga College of Engineering and Management, Dongargaon, Nagpur",'0414529310,Electrical Engineering,Un-Aided Autonomous,Unknown,LSCS,135817,50.8281802,L,S,SC,B.Tech,2025,4
'04145,"Wainganga College of Engineering and Management, Dongargaon, Nagpur",'0414529310,Electrical Engineering,Un-Aided Autonomous,Unknown,TFWS,150879,43.0314730,T,S,TFWS,B.Tech,2025,4
'04145,"Wainganga College of Engineering and Management, Dongargaon, Nagpur",'0414529310,Electrical Engineering,Un-Aided Autonomous,Unknown,DEFOBCS,132688,52.8806012,D,S,OBC,B.Tech,2025,4
'04145,"Wainganga College of Engineering and Management, Dongargaon, Nagpur",'0414529310,Electrical Engineering,Un-Aided Autonomous,Unknown,PWDOPENS,125563,56.2929777,P,S,PWD,B.Tech,2025,4
'04145,"Wainganga College of Engineering and Management, Dongargaon, Nagpur",'0414529310,Electrical Engineering,Un-Aided Autonomous,Unknown,GSEBCS,138876,49.4020979,G,S,SEBC,B.Tech,2025,4
'04145,"Wainganga College of Engineering and Management, Dongargaon, Nagpur",'0414529310,Electrical Engineering,Un-Aided Autonomous,Unknown,LSTS,134661,51.5716400,L,S,ST,B.Tech,2025,4
'04145,"Wainganga College of Engineering and Management, Dongargaon, Nagpur",'0414529310,Electrical Engineering,Un-Aided Autonomous,Unknown,LSEBCS,136045,50.8281802,L,S,SEBC,B.Tech,2025,4
'04145,"Wainganga College of Engineering and Management, Dongargaon, Nagpur",'0414537210,Electronics and Telecommunication Engg,Un-Aided Autonomous,Unknown,GOPENS,126323,55.6405756,G,S,OPEN,B.Tech,2025,4
'04145,"Wainganga College of Engineering and Management, Dongargaon, Nagpur",'0414537210,Electronics and Telecommunication Engg,Un-Aided Autonomous,Unknown,GOBCS,129486,54.1537389,G,S,OBC,B.Tech,2025,4
'04145,"Wainganga College of Engineering and Management, Dongargaon, Nagpur",'0414537210,Electronics and Telecommunication Engg,Un-Aided Autonomous,Unknown,LOPENS,86696,72.6730266,L,S,OPEN,B.Tech,2025,4
'04145,"Wainganga College of Engineering and Management, Dongargaon, Nagpur",'0414537210,Electronics and Telecommunication Engg,Un-Aided Autonomous,Unknown,LSCS,125765,56.2929777,L,S,SC,B.Tech,2025,4
'04145,"Wainganga College of Engineering and Management, Dongargaon, Nagpur",'0414561210,Mechanical Engineering,Un-Aided Autonomous,Unknown,GSCS,152571,41.7471281,G,S,SC,B.Tech,2025,4
'04145,"Wainganga College of Engineering and Management, Dongargaon, Nagpur",'0414561210,Mechanical Engineering,Un-Aided Autonomous,Unknown,GSTS,166154,32.5553935,G,S,ST,B.Tech,2025,4
'04145,"Wainganga College of Engineering and Management, Dongargaon, Nagpur",'0414561210,Mechanical Engineering,Un-Aided Autonomous,Unknown,GOBCS,142833,47.1398578,G,S,OBC,B.Tech,2025,4
'04145,"Wainganga College of Engineering and Management, Dongargaon, Nagpur",'0414561210,Mechanical Engineering,Un-Aided Autonomous,Unknown,LOPENS,128330,54.5872518,L,S,OPEN,B.Tech,2025,4
'04145,"Wainganga College of Engineering and Management, Dongargaon, Nagpur",'0414561210,Mechanical Engineering,Un-Aided Autonomous,Unknown,LSCS,158577,38.3392226,L,S,SC,B.Tech,2025,4
'04145,"Wainganga College of Engineering and Management, Dongargaon, Nagpur",'0414561210,Mechanical Engineering,Un-Aided Autonomous,Unknown,LOBCS,151069,42.9247346,L,S,OBC,B.Tech,2025,4
'04145,"Wainganga College of Engineering and Management, Dongargaon, Nagpur",'0414561210,Mechanical Engineering,Un-Aided Autonomous,Unknown,TFWS,156111,39.6653303,T,S,TFWS,B.Tech,2025,4
'04145,"Wainganga College of Engineering and Management, Dongargaon, Nagpur",'0414561210,Mechanical Engineering,Un-Aided Autonomous,Unknown,GSEBCS,141565,47.8015007,G,S,SEBC,B.Tech,2025,4
'04145,"Wainganga College of Engineering and Management, Dongargaon, Nagpur",'0414561210,Mechanical Engineering,Un-Aided Autonomous,Unknown,LSEBCS,145602,45.9245973,L,S,SEBC,B.Tech,2025,4
'04145,"Wainganga College of Engineering and Management, Dongargaon, Nagpur",'0414599510,Artificial Intelligence and Data Science,Un-Aided Autonomous,Unknown,GOPENS,95762,69.0979021,G,S,OPEN,B.Tech,2025,4
'04145,"Wainganga College of Engineering and Management, Dongargaon, Nagpur",'0414599510,Artificial Intelligence and Data Science,Un-Aided Autonomous,Unknown,GOBCS,96863,68.8687467,G,S,OBC,B.Tech,2025,4
'04145,"Wainganga College of Engineering and Management, Dongargaon, Nagpur",'0414599510,Artificial Intelligence and Data Science,Un-Aided Autonomous,Unknown,GSEBCS,126177,55.6405756,G,S,SEBC,B.Tech,2025,4
'04145,"Wainganga College of Engineering and Management, Dongargaon, Nagpur",'0414599510,Artificial Intelligence and Data Science,Un-Aided Autonomous,Unknown,LOPENS,83902,73.6159498,L,S,OPEN,B.Tech,2025,4
'04145,"Wainganga College of Engineering and Management, Dongargaon, Nagpur",'0414599510,Artificial Intelligence and Data Science,Un-Aided Autonomous,Unknown,LSCS,119660,58.8994542,L,S,SC,B.Tech,2025,4
'04145,"Wainganga College of Engineering and Management, Dongargaon, Nagpur",'0414599510,Artificial Intelligence and Data Science,Un-Aided Autonomous,Unknown,LVJS,155855,39.6653303,L,S,VJ,B.Tech,2025,4
'04145,"Wainganga College of Engineering and Management, Dongargaon, Nagpur",'0414599510,Artificial Intelligence and Data Science,Un-Aided Autonomous,Unknown,LNT1S,111017,62.9184580,L,S,NT1,B.Tech,2025,4
'04145,"Wainganga College of Engineering and Management, Dongargaon, Nagpur",'0414599510,Artificial Intelligence and Data Science,Un-Aided Autonomous,Unknown,LOBCS,106244,64.7148712,L,S,OBC,B.Tech,2025,4
'04145,"Wainganga College of Engineering and Management, Dongargaon, Nagpur",'0414599510,Artificial Intelligence and Data Science,Un-Aided Autonomous,Unknown,DEFOPENS,150628,43.0314730,D,S,OPEN,B.Tech,2025,4
'04145,"Wainganga College of Engineering and Management, Dongargaon, Nagpur",'0414599510,Artificial Intelligence and Data Science,Un-Aided Autonomous,Unknown,TFWS,82469,73.8000589,T,S,TFWS,B.Tech,2025,4
'04145,"Wainganga College of Engineering and Management, Dongargaon, Nagpur",'0414599510,Artificial Intelligence and Data Science,Un-Aided Autonomous,Unknown,DEFSCS,112198,62.1365556,D,S,SC,B.Tech,2025,4
'04147,"K.D.K. College of Engineering, Nagpur",'0414719110,Civil Engineering,Un-Aided Autonomous,Unknown,GOPENS,91978,70.6189283,G,S,OPEN,B.Tech,2025,4
'04147,"K.D.K. College of Engineering, Nagpur",'0414719110,Civil Engineering,Un-Aided Autonomous,Unknown,GOBCS,97194,68.4887011,G,S,OBC,B.Tech,2025,4
'04147,"K.D.K. College of Engineering, Nagpur",'0414719110,Civil Engineering,Un-Aided Autonomous,Unknown,DEFOPENS,88713,71.6607627,D,S,OPEN,B.Tech,2025,4
'04147,"K.D.K. College of Engineering, Nagpur",'0414719110,Civil Engineering,Un-Aided Autonomous,Unknown,GSEBCS,105760,65.3084343,G,S,SEBC,B.Tech,2025,4
'04147,"K.D.K. College of Engineering, Nagpur",'0414724210,Computer Science and Engineering,Un-Aided Autonomous,Unknown,GOPENS,62383,81.1295102,G,S,OPEN,B.Tech,2025,4
'04147,"K.D.K. College of Engineering, Nagpur",'0414724210,Computer Science and Engineering,Un-Aided Autonomous,Unknown,GSCS,64137,80.4732503,G,S,SC,B.Tech,2025,4
'04147,"K.D.K. College of Engineering, Nagpur",'0414724210,Computer Science and Engineering,Un-Aided Autonomous,Unknown,GNT2S,70542,78.4242636,G,S,NT2,B.Tech,2025,4
'04147,"K.D.K. College of Engineering, Nagpur",'0414724210,Computer Science and Engineering,Un-Aided Autonomous,Unknown,GNT3S,77394,75.6538462,G,S,NT3,B.Tech,2025,4
'04147,"K.D.K. College of Engineering, Nagpur",'0414724210,Computer Science and Engineering,Un-Aided Autonomous,Unknown,GOBCS,63885,80.6021790,G,S,OBC,B.Tech,2025,4
'04147,"K.D.K. College of Engineering, Nagpur",'0414724210,Computer Science and Engineering,Un-Aided Autonomous,Unknown,GSEBCS,118355,59.3210117,G,S,SEBC,B.Tech,2025,4
'04147,"K.D.K. College of Engineering, Nagpur",'0414724210,Computer Science and Engineering,Un-Aided Autonomous,Unknown,LOPENS,60443,81.6453226,L,S,OPEN,B.Tech,2025,4
'04147,"K.D.K. College of Engineering, Nagpur",'0414724210,Computer Science and Engineering,Un-Aided Autonomous,Unknown,LSCS,62005,81.1324174,L,S,SC,B.Tech,2025,4
'04147,"K.D.K. College of Engineering, Nagpur",'0414724210,Computer Science and Engineering,Un-Aided Autonomous,Unknown,LOBCS,60642,81.6453226,L,S,OBC,B.Tech,2025,4
'04147,"K.D.K. College of Engineering, Nagpur",'0414724210,Computer Science and Engineering,Un-Aided Autonomous,Unknown,EWS,155512,39.7546871,E,S,EWS,B.Tech,2025,4
'04147,"K.D.K. College of Engineering, Nagpur",'0414724210,Computer Science and Engineering,Un-Aided Autonomous,Unknown,DEFSEBCS,115218,60.8775137,D,S,SEBC,B.Tech,2025,4
'04147,"K.D.K. College of Engineering, Nagpur",'0414724210,Computer Science and Engineering,Un-Aided Autonomous,Unknown,PWDOBCS,62841,81.0133535,P,S,PWD,B.Tech,2025,4
'04147,"K.D.K. College of Engineering, Nagpur",'0414724610,Information Technology,Un-Aided Autonomous,Unknown,GOPENS,65196,79.9894700,G,S,OPEN,B.Tech,2025,4
'04147,"K.D.K. College of Engineering, Nagpur",'0414724610,Information Technology,Un-Aided Autonomous,Unknown,GVJS,79896,75.1927485,G,S,VJ,B.Tech,2025,4
'04147,"K.D.K. College of Engineering, Nagpur",'0414724610,Information Technology,Un-Aided Autonomous,Unknown,GOBCS,65998,79.8919296,G,S,OBC,B.Tech,2025,4
'04147,"K.D.K. College of Engineering, Nagpur",'0414724610,Information Technology,Un-Aided Autonomous,Unknown,LOBCS,62316,81.1295102,L,S,OBC,B.Tech,2025,4
'04147,"K.D.K. College of Engineering, Nagpur",'0414724610,Information Technology,Un-Aided Autonomous,Unknown,EWS,131129,53.6060165,E,S,EWS,B.Tech,2025,4
'04147,"K.D.K. College of Engineering, Nagpur",'0414729310,Electrical Engineering,Un-Aided Autonomous,Unknown,GOPENS,85763,73.1347962,G,S,OPEN,B.Tech,2025,4
'04147,"K.D.K. College of Engineering, Nagpur",'0414729310,Electrical Engineering,Un-Aided Autonomous,Unknown,GVJS,125459,56.2929777,G,S,VJ,B.Tech,2025,4
'04147,"K.D.K. College of Engineering, Nagpur",'0414729310,Electrical Engineering,Un-Aided Autonomous,Unknown,GNT1S,105494,65.3084343,G,S,NT1,B.Tech,2025,4
'04147,"K.D.K. College of Engineering, Nagpur",'0414729310,Electrical Engineering,Un-Aided Autonomous,Unknown,GNT2S,114885,60.9090909,G,S,NT2,B.Tech,2025,4
'04147,"K.D.K. College of Engineering, Nagpur",'0414729310,Electrical Engineering,Un-Aided Autonomous,Unknown,GSEBCS,165201,33.4650350,G,S,SEBC,B.Tech,2025,4
'04147,"K.D.K. College of Engineering, Nagpur",'0414729310,Electrical Engineering,Un-Aided Autonomous,Unknown,LOPENS,82078,74.0630785,L,S,OPEN,B.Tech,2025,4
'04147,"K.D.K. College of Engineering, Nagpur",'0414729310,Electrical Engineering,Un-Aided Autonomous,Unknown,TFWS,84192,73.5570613,T,S,TFWS,B.Tech,2025,4
'04147,"K.D.K. College of Engineering, Nagpur",'0414729310,Electrical Engineering,Un-Aided Autonomous,Unknown,EWS,180616,22.3617813,E,S,EWS,B.Tech,2025,4
'04147,"K.D.K. College of Engineering, Nagpur",'0414729310,Electrical Engineering,Un-Aided Autonomous,Unknown,DEFOBCS,82582,73.8000589,D,S,OBC,B.Tech,2025,4
'04147,"K.D.K. College of Engineering, Nagpur",'0414729310,Electrical Engineering,Un-Aided Autonomous,Unknown,GNT3S,86214,72.7429418,G,S,NT3,B.Tech,2025,4
'04147,"K.D.K. College of Engineering, Nagpur",'0414729310,Electrical Engineering,Un-Aided Autonomous,Unknown,GSEBCS,89545,71.5562808,G,S,SEBC,B.Tech,2025,4
'04147,"K.D.K. College of Engineering, Nagpur",'0414729310,Electrical Engineering,Un-Aided Autonomous,Unknown,LSEBCS,86022,72.8948543,L,S,SEBC,B.Tech,2025,4
'04147,"K.D.K. College of Engineering, Nagpur",'0414737210,Electronics and Telecommunication Engg,Un-Aided Autonomous,Unknown,GOPENS,67156,79.6925092,G,S,OPEN,B.Tech,2025,4
'04147,"K.D.K. College of Engineering, Nagpur",'0414737210,Electronics and Telecommunication Engg,Un-Aided Autonomous,Unknown,GSCS,78579,75.4048881,G,S,SC,B.Tech,2025,4
'04147,"K.D.K. College of Engineering, Nagpur",'0414737210,Electronics and Telecommunication Engg,Un-Aided Autonomous,Unknown,GSEBCS,153551,41.4020979,G,S,SEBC,B.Tech,2025,4
'04147,"K.D.K. College of Engineering, Nagpur",'0414737210,Electronics and Telecommunication Engg,Un-Aided Autonomous,Unknown,LOPENS,77511,75.6538462,L,S,OPEN,B.Tech,2025,4
'04147,"K.D.K. College of Engineering, Nagpur",'0414737210,Electronics and Telecommunication Engg,Un-Aided Autonomous,Unknown,LSCS,81036,74.9785452,L,S,SC,B.Tech,2025,4
'04147,"K.D.K. College of Engineering, Nagpur",'0414737210,Electronics and Telecommunication Engg,Un-Aided Autonomous,Unknown,EWS,178673,24.6987745,E,S,EWS,B.Tech,2025,4
'04147,"K.D.K. College of Engineering, Nagpur",'0414761210,Mechanical Engineering,Un-Aided Autonomous,Unknown,GOPENS,96886,68.8687467,G,S,OPEN,B.Tech,2025,4
'04147,"K.D.K. College of Engineering, Nagpur",'0414761210,Mechanical Engineering,Un-Aided Autonomous,Unknown,LOPENS,89842,71.4842352,L,S,OPEN,B.Tech,2025,4
'04147,"K.D.K. College of Engineering, Nagpur",'0414761210,Mechanical Engineering,Un-Aided Autonomous,Unknown,LVJS,190544,14.0584844,L,S,VJ,B.Tech,2025,4
'04147,"K.D.K. College of Engineering, Nagpur",'0414761210,Mechanical Engineering,Un-Aided Autonomous,Unknown,EWS,129242,54.4314351,E,S,EWS,B.Tech,2025,4
'04147,"K.D.K. College of Engineering, Nagpur",'0414761210,Mechanical Engineering,Un-Aided Autonomous,Unknown,DEFOPENS,87707,72.1028020,D,S,OPEN,B.Tech,2025,4
'04147,"K.D.K. College of Engineering, Nagpur",'0414799510,Artificial Intelligence and Data Science,Un-Aided Autonomous,Unknown,LOPENS,58946,82.1358690,L,S,OPEN,B.Tech,2025,4
'04147,"K.D.K. College of Engineering, Nagpur",'0414799510,Artificial Intelligence and Data Science,Un-Aided Autonomous,Unknown,PWDOBCS,49143,85.2215842,P,S,PWD,B.Tech,2025,4
'04151,"Tulsiramji Gaikwad Patil College of Engineering & Technology, Nagpur",'0415100210,Aeronautical Engineering,Un-Aided Autonomous,Unknown,GOPENS,99137,68.1117918,G,S,OPEN,B.Tech,2025,4
'04151,"Tulsiramji Gaikwad Patil College of Engineering & Technology, Nagpur",'0415100210,Aeronautical Engineering,Un-Aided Autonomous,Unknown,GSCS,102460,66.3795642,G,S,SC,B.Tech,2025,4
'04151,"Tulsiramji Gaikwad Patil College of Engineering & Technology, Nagpur",'0415100210,Aeronautical Engineering,Un-Aided Autonomous,Unknown,GSTS,173891,28.3031822,G,S,ST,B.Tech,2025,4
'04151,"Tulsiramji Gaikwad Patil College of Engineering & Technology, Nagpur",'0415100210,Aeronautical Engineering,Un-Aided Autonomous,Unknown,GOBCS,104925,65.6307130,G,S,OBC,B.Tech,2025,4
'04151,"Tulsiramji Gaikwad Patil College of Engineering & Technology, Nagpur",'0415100210,Aeronautical Engineering,Un-Aided Autonomous,Unknown,LNT2S,196263,8.8248475,L,S,NT2,B.Tech,2025,4
'04151,"Tulsiramji Gaikwad Patil College of Engineering & Technology, Nagpur",'0415100210,Aeronautical Engineering,Un-Aided Autonomous,Unknown,TFWS,120866,58.4401523,T,S,TFWS,B.Tech,2025,4
'04151,"Tulsiramji Gaikwad Patil College of Engineering & Technology, Nagpur",'0415100210,Aeronautical Engineering,Un-Aided Autonomous,Unknown,GNT3S,107780,64.2631037,G,S,NT3,B.Tech,2025,4
'04151,"Tulsiramji Gaikwad Patil College of Engineering & Technology, Nagpur",'0415100210,Aeronautical Engineering,Un-Aided Autonomous,Unknown,GSEBCS,115861,60.6344780,G,S,SEBC,B.Tech,2025,4
'04151,"Tulsiramji Gaikwad Patil College of Engineering & Technology, Nagpur",'0415108210,Bio Technology,Un-Aided Autonomous,Unknown,GOPENS,55241,84.6107977,G,S,OPEN,B.Tech,2025,4
'04151,"Tulsiramji Gaikwad Patil College of Engineering & Technology, Nagpur",'0415108210,Bio Technology,Un-Aided Autonomous,Unknown,GSCS,69576,80.2182054,G,S,SC,B.Tech,2025,4
'04151,"Tulsiramji Gaikwad Patil College of Engineering & Technology, Nagpur",'0415108210,Bio Technology,Un-Aided Autonomous,Unknown,GSTS,65625,81.4535435,G,S,ST,B.Tech,2025,4
'04151,"Tulsiramji Gaikwad Patil College of Engineering & Technology, Nagpur",'0415108210,Bio Technology,Un-Aided Autonomous,Unknown,GNT1S,87836,74.1785747,G,S,NT1,B.Tech,2025,4
'04151,"Tulsiramji Gaikwad Patil College of Engineering & Technology, Nagpur",'0415108210,Bio Technology,Un-Aided Autonomous,Unknown,GNT2S,102468,69.1681078,G,S,NT2,B.Tech,2025,4
'04151,"Tulsiramji Gaikwad Patil College of Engineering & Technology, Nagpur",'0415108210,Bio Technology,Un-Aided Autonomous,Unknown,GOBCS,58481,83.5987187,G,S,OBC,B.Tech,2025,4
'04151,"Tulsiramji Gaikwad Patil College of Engineering & Technology, Nagpur",'0415108210,Bio Technology,Un-Aided Autonomous,Unknown,GSEBCS,171451,34.7625360,G,S,SEBC,B.Tech,2025,4
'04151,"Tulsiramji Gaikwad Patil College of Engineering & Technology, Nagpur",'0415108210,Bio Technology,Un-Aided Autonomous,Unknown,LOPENS,48412,86.6342041,L,S,OPEN,B.Tech,2025,4
'04151,"Tulsiramji Gaikwad Patil College of Engineering & Technology, Nagpur",'0415108210,Bio Technology,Un-Aided Autonomous,Unknown,LNT2S,109785,66.3142831,L,S,NT2,B.Tech,2025,4
'04151,"Tulsiramji Gaikwad Patil College of Engineering & Technology, Nagpur",'0415108210,Bio Technology,Un-Aided Autonomous,Unknown,LOBCS,49380,86.3441009,L,S,OBC,B.Tech,2025,4
'04151,"Tulsiramji Gaikwad Patil College of Engineering & Technology, Nagpur",'0415108210,Bio Technology,Un-Aided Autonomous,Unknown,LSEBCS,168809,36.0691344,L,S,SEBC,B.Tech,2025,4
'04151,"Tulsiramji Gaikwad Patil College of Engineering & Technology, Nagpur",'0415108210,Bio Technology,Un-Aided Autonomous,Unknown,DEFOPENS,148364,48.6959628,D,S,OPEN,B.Tech,2025,4
'04151,"Tulsiramji Gaikwad Patil College of Engineering & Technology, Nagpur",'0415108210,Bio Technology,Un-Aided Autonomous,Unknown,TFWS,54654,0.0000000,T,S,TFWS,B.Tech,2025,4
'04151,"Tulsiramji Gaikwad Patil College of Engineering & Technology, Nagpur",'0415108210,Bio Technology,Un-Aided Autonomous,Unknown,DEFOBCS,60418,82.9815065,D,S,OBC,B.Tech,2025,4
'04151,"Tulsiramji Gaikwad Patil College of Engineering & Technology, Nagpur",'0415108210,Bio Technology,Un-Aided Autonomous,Unknown,PWDOPENS,60623,82.9044202,P,S,PWD,B.Tech,2025,4
'04151,"Tulsiramji Gaikwad Patil College of Engineering & Technology, Nagpur",'0415108210,Bio Technology,Un-Aided Autonomous,Unknown,PWDSCS,67754,80.8615246,P,S,PWD,B.Tech,2025,4
'04151,"Tulsiramji Gaikwad Patil College of Engineering & Technology, Nagpur",'0415108210,Bio Technology,Un-Aided Autonomous,Unknown,PWDOBCS,58763,83.5513846,P,S,PWD,B.Tech,2025,4
'04151,"Tulsiramji Gaikwad Patil College of Engineering & Technology, Nagpur",'0415108210,Bio Technology,Un-Aided Autonomous,Unknown,LSEBCS,60610,82.9044202,L,S,SEBC,B.Tech,2025,4
'04151,"Tulsiramji Gaikwad Patil College of Engineering & Technology, Nagpur",'0415119110,Civil Engineering,Un-Aided Autonomous,Unknown,GOPENS,123502,57.4017459,G,S,OPEN,B.Tech,2025,4
'04151,"Tulsiramji Gaikwad Patil College of Engineering & Technology, Nagpur",'0415119110,Civil Engineering,Un-Aided Autonomous,Unknown,GSEBCS,138117,49.7291102,G,S,SEBC,B.Tech,2025,4
'04151,"Tulsiramji Gaikwad Patil College of Engineering & Technology, Nagpur",'0415119110,Civil Engineering,Un-Aided Autonomous,Unknown,LOPENS,123604,57.4017459,L,S,OPEN,B.Tech,2025,4
'04151,"Tulsiramji Gaikwad Patil College of Engineering & Technology, Nagpur",'0415119110,Civil Engineering,Un-Aided Autonomous,Unknown,LOBCS,130598,53.7591782,L,S,OBC,B.Tech,2025,4
'04151,"Tulsiramji Gaikwad Patil College of Engineering & Technology, Nagpur",'0415119110,Civil Engineering,Un-Aided Autonomous,Unknown,TFWS,132418,52.8806012,T,S,TFWS,B.Tech,2025,4
'04151,"Tulsiramji Gaikwad Patil College of Engineering & Technology, Nagpur",'0415119110,Civil Engineering,Un-Aided Autonomous,Unknown,DEFOPENS,121866,57.8195751,D,S,OPEN,B.Tech,2025,4
'04151,"Tulsiramji Gaikwad Patil College of Engineering & Technology, Nagpur",'0415119110,Civil Engineering,Un-Aided Autonomous,Unknown,PWDOPENS,127469,55.2744499,P,S,PWD,B.Tech,2025,4
'04151,"Tulsiramji Gaikwad Patil College of Engineering & Technology, Nagpur",'0415124210,Computer Science and Engineering,Un-Aided Autonomous,Unknown,GOPENS,84922,73.4354379,G,S,OPEN,B.Tech,2025,4
'04151,"Tulsiramji Gaikwad Patil College of Engineering & Technology, Nagpur",'0415124210,Computer Science and Engineering,Un-Aided Autonomous,Unknown,GSCS,92161,70.5072010,G,S,SC,B.Tech,2025,4
'04151,"Tulsiramji Gaikwad Patil College of Engineering & Technology, Nagpur",'0415124210,Computer Science and Engineering,Un-Aided Autonomous,Unknown,GOBCS,87653,72.1028020,G,S,OBC,B.Tech,2025,4
'04151,"Tulsiramji Gaikwad Patil College of Engineering & Technology, Nagpur",'0415124210,Computer Science and Engineering,Un-Aided Autonomous,Unknown,GSEBCS,166701,32.4837011,G,S,SEBC,B.Tech,2025,4
'04151,"Tulsiramji Gaikwad Patil College of Engineering & Technology, Nagpur",'0415124210,Computer Science and Engineering,Un-Aided Autonomous,Unknown,LOPENS,77930,75.6075065,L,S,OPEN,B.Tech,2025,4
'04151,"Tulsiramji Gaikwad Patil College of Engineering & Technology, Nagpur",'0415124210,Computer Science and Engineering,Un-Aided Autonomous,Unknown,LNT1S,120928,58.4401523,L,S,NT1,B.Tech,2025,4
'04151,"Tulsiramji Gaikwad Patil College of Engineering & Technology, Nagpur",'0415124210,Computer Science and Engineering,Un-Aided Autonomous,Unknown,LNT2S,120732,58.4401523,L,S,NT2,B.Tech,2025,4
'04151,"Tulsiramji Gaikwad Patil College of Engineering & Technology, Nagpur",'0415124210,Computer Science and Engineering,Un-Aided Autonomous,Unknown,LOBCS,82743,73.7482517,L,S,OBC,B.Tech,2025,4
'04151,"Tulsiramji Gaikwad Patil College of Engineering & Technology, Nagpur",'0415124210,Computer Science and Engineering,Un-Aided Autonomous,Unknown,LSEBCS,102002,66.3866132,L,S,SEBC,B.Tech,2025,4
'04151,"Tulsiramji Gaikwad Patil College of Engineering & Technology, Nagpur",'0415124210,Computer Science and Engineering,Un-Aided Autonomous,Unknown,TFWS,72593,77.5384615,T,S,TFWS,B.Tech,2025,4
'04151,"Tulsiramji Gaikwad Patil College of Engineering & Technology, Nagpur",'0415124210,Computer Science and Engineering,Un-Aided Autonomous,Unknown,EWS,168489,32.0008834,E,S,EWS,B.Tech,2025,4
'04151,"Tulsiramji Gaikwad Patil College of Engineering & Technology, Nagpur",'0415124210,Computer Science and Engineering,Un-Aided Autonomous,Unknown,DEFSCS,86315,72.7429418,D,S,SC,B.Tech,2025,4
'04151,"Tulsiramji Gaikwad Patil College of Engineering & Technology, Nagpur",'0415124210,Computer Science and Engineering,Un-Aided Autonomous,Unknown,PWDOPENS,83193,73.6345056,P,S,PWD,B.Tech,2025,4
'04151,"Tulsiramji Gaikwad Patil College of Engineering & Technology, Nagpur",'0415124210,Computer Science and Engineering,Un-Aided Autonomous,Unknown,PWDSCS,87050,72.3760958,P,S,PWD,B.Tech,2025,4
'04151,"Tulsiramji Gaikwad Patil College of Engineering & Technology, Nagpur",'0415124610,Information Technology,Un-Aided Autonomous,Unknown,GOPENS,94205,69.8498837,G,S,OPEN,B.Tech,2025,4
'04151,"Tulsiramji Gaikwad Patil College of Engineering & Technology, Nagpur",'0415124610,Information Technology,Un-Aided Autonomous,Unknown,GSCS,96680,68.8687467,G,S,SC,B.Tech,2025,4
'04151,"Tulsiramji Gaikwad Patil College of Engineering & Technology, Nagpur",'0415124610,Information Technology,Un-Aided Autonomous,Unknown,GNT1S,141633,47.8015007,G,S,NT1,B.Tech,2025,4
'04151,"Tulsiramji Gaikwad Patil College of Engineering & Technology, Nagpur",'0415124610,Information Technology,Un-Aided Autonomous,Unknown,GOBCS,95376,69.3295893,G,S,OBC,B.Tech,2025,4
'04151,"Tulsiramji Gaikwad Patil College of Engineering & Technology, Nagpur",'0415124610,Information Technology,Un-Aided Autonomous,Unknown,GSEBCS,169040,31.9280223,G,S,SEBC,B.Tech,2025,4
'04151,"Tulsiramji Gaikwad Patil College of Engineering & Technology, Nagpur",'0415124610,Information Technology,Un-Aided Autonomous,Unknown,LOPENS,90421,71.4755245,L,S,OPEN,B.Tech,2025,4
'04151,"Tulsiramji Gaikwad Patil College of Engineering & Technology, Nagpur",'0415124610,Information Technology,Un-Aided Autonomous,Unknown,LNT2S,137869,50.3223138,L,S,NT2,B.Tech,2025,4
'04151,"Tulsiramji Gaikwad Patil College of Engineering & Technology, Nagpur",'0415124610,Information Technology,Un-Aided Autonomous,Unknown,TFWS,84675,73.4722277,T,S,TFWS,B.Tech,2025,4
'04151,"Tulsiramji Gaikwad Patil College of Engineering & Technology, Nagpur",'0415124610,Information Technology,Un-Aided Autonomous,Unknown,EWS,117033,60.3213757,E,S,EWS,B.Tech,2025,4
'04151,"Tulsiramji Gaikwad Patil College of Engineering & Technology, Nagpur",'0415124610,Information Technology,Un-Aided Autonomous,Unknown,PWDSCS,94046,69.8498837,P,S,PWD,B.Tech,2025,4
'04151,"Tulsiramji Gaikwad Patil College of Engineering & Technology, Nagpur",'0415129310,Electrical Engineering,Un-Aided Autonomous,Unknown,GOPENS,105459,65.3084343,G,S,OPEN,B.Tech,2025,4
'04151,"Tulsiramji Gaikwad Patil College of Engineering & Technology, Nagpur",'0415129310,Electrical Engineering,Un-Aided Autonomous,Unknown,GSTS,135886,50.8281802,G,S,ST,B.Tech,2025,4
'04151,"Tulsiramji Gaikwad Patil College of Engineering & Technology, Nagpur",'0415129310,Electrical Engineering,Un-Aided Autonomous,Unknown,GOBCS,108739,63.5767823,G,S,OBC,B.Tech,2025,4
'04151,"Tulsiramji Gaikwad Patil College of Engineering & Technology, Nagpur",'0415129310,Electrical Engineering,Un-Aided Autonomous,Unknown,TFWS,114565,61.1295449,T,S,TFWS,B.Tech,2025,4
'04151,"Tulsiramji Gaikwad Patil College of Engineering & Technology, Nagpur",'0415129310,Electrical Engineering,Un-Aided Autonomous,Unknown,DEFSEBCS,161396,36.0836122,D,S,SEBC,B.Tech,2025,4
'04151,"Tulsiramji Gaikwad Patil College of Engineering & Technology, Nagpur",'0415129310,Electrical Engineering,Un-Aided Autonomous,Unknown,GSEBCS,116550,60.4221150,G,S,SEBC,B.Tech,2025,4
'04151,"Tulsiramji Gaikwad Patil College of Engineering & Technology, Nagpur",'0415129310,Electrical Engineering,Un-Aided Autonomous,Unknown,ORPHAN,110034,63.3986014,O,N,ORPHAN,B.Tech,2025,4
'04151,"Tulsiramji Gaikwad Patil College of Engineering & Technology, Nagpur",'0415137010,Electronics and Communication Engineering,Un-Aided Autonomous,Unknown,GOPENS,98972,68.1117918,G,S,OPEN,B.Tech,2025,4
'04151,"Tulsiramji Gaikwad Patil College of Engineering & Technology, Nagpur",'0415137010,Electronics and Communication Engineering,Un-Aided Autonomous,Unknown,GSCS,127662,55.1895416,G,S,SC,B.Tech,2025,4
'04151,"Tulsiramji Gaikwad Patil College of Engineering & Technology, Nagpur",'0415137010,Electronics and Communication Engineering,Un-Aided Autonomous,Unknown,GNT1S,144536,46.6242967,G,S,NT1,B.Tech,2025,4
'04151,"Tulsiramji Gaikwad Patil College of Engineering & Technology, Nagpur",'0415137010,Electronics and Communication Engineering,Un-Aided Autonomous,Unknown,GOBCS,100283,67.2177090,G,S,OBC,B.Tech,2025,4
'04151,"Tulsiramji Gaikwad Patil College of Engineering & Technology, Nagpur",'0415137010,Electronics and Communication Engineering,Un-Aided Autonomous,Unknown,LOPENS,96713,68.8687467,L,S,OPEN,B.Tech,2025,4
'04151,"Tulsiramji Gaikwad Patil College of Engineering & Technology, Nagpur",'0415137010,Electronics and Communication Engineering,Un-Aided Autonomous,Unknown,LSCS,120742,58.4401523,L,S,SC,B.Tech,2025,4
'04151,"Tulsiramji Gaikwad Patil College of Engineering & Technology, Nagpur",'0415137010,Electronics and Communication Engineering,Un-Aided Autonomous,Unknown,LNT1S,158034,39.2302050,L,S,NT1,B.Tech,2025,4
'04151,"Tulsiramji Gaikwad Patil College of Engineering & Technology, Nagpur",'0415137010,Electronics and Communication Engineering,Un-Aided Autonomous,Unknown,DEFSCS,105594,65.3084343,D,S,SC,B.Tech,2025,4
'04151,"Tulsiramji Gaikwad Patil College of Engineering & Technology, Nagpur",'0415137010,Electronics and Communication Engineering,Un-Aided Autonomous,Unknown,PWDSCS,104520,65.6692751,P,S,PWD,B.Tech,2025,4
'04151,"Tulsiramji Gaikwad Patil College of Engineering & Technology, Nagpur",'0415137010,Electronics and Communication Engineering,Un-Aided Autonomous,Unknown,GSEBCS,104682,65.6692751,G,S,SEBC,B.Tech,2025,4
'04151,"Tulsiramji Gaikwad Patil College of Engineering & Technology, Nagpur",'0415161210,Mechanical Engineering,Un-Aided Autonomous,Unknown,GSCS,129078,54.4314351,G,S,SC,B.Tech,2025,4
'04151,"Tulsiramji Gaikwad Patil College of Engineering & Technology, Nagpur",'0415161210,Mechanical Engineering,Un-Aided Autonomous,Unknown,GOBCS,110282,63.2914656,G,S,OBC,B.Tech,2025,4
'04151,"Tulsiramji Gaikwad Patil College of Engineering & Technology, Nagpur",'0415161210,Mechanical Engineering,Un-Aided Autonomous,Unknown,GSEBCS,117349,60.2517483,G,S,SEBC,B.Tech,2025,4
'04151,"Tulsiramji Gaikwad Patil College of Engineering & Technology, Nagpur",'0415161210,Mechanical Engineering,Un-Aided Autonomous,Unknown,LNT2S,120213,58.6907687,L,S,NT2,B.Tech,2025,4
'04151,"Tulsiramji Gaikwad Patil College of Engineering & Technology, Nagpur",'0415191210,Computer Science and Engineering(Data Science),Un-Aided Autonomous,Unknown,GOPENS,90051,71.4842352,G,S,OPEN,B.Tech,2025,4
'04151,"Tulsiramji Gaikwad Patil College of Engineering & Technology, Nagpur",'0415191210,Computer Science and Engineering(Data Science),Un-Aided Autonomous,Unknown,GSCS,92818,70.5005064,G,S,SC,B.Tech,2025,4
'04151,"Tulsiramji Gaikwad Patil College of Engineering & Technology, Nagpur",'0415191210,Computer Science and Engineering(Data Science),Un-Aided Autonomous,Unknown,GSEBCS,160632,36.1811489,G,S,SEBC,B.Tech,2025,4
'04151,"Tulsiramji Gaikwad Patil College of Engineering & Technology, Nagpur",'0415191210,Computer Science and Engineering(Data Science),Un-Aided Autonomous,Unknown,LOPENS,85361,73.2612864,L,S,OPEN,B.Tech,2025,4
'04151,"Tulsiramji Gaikwad Patil College of Engineering & Technology, Nagpur",'0415191210,Computer Science and Engineering(Data Science),Un-Aided Autonomous,Unknown,LSCS,99952,67.8210479,L,S,SC,B.Tech,2025,4
'04151,"Tulsiramji Gaikwad Patil College of Engineering & Technology, Nagpur",'0415192110,Artificial Intelligence and Machine Learning,Un-Aided Autonomous,Unknown,GOPENS,85134,73.2612864,G,S,OPEN,B.Tech,2025,4
'04151,"Tulsiramji Gaikwad Patil College of Engineering & Technology, Nagpur",'0415192110,Artificial Intelligence and Machine Learning,Un-Aided Autonomous,Unknown,GOBCS,86565,72.7429418,G,S,OBC,B.Tech,2025,4
'04151,"Tulsiramji Gaikwad Patil College of Engineering & Technology, Nagpur",'0415192110,Artificial Intelligence and Machine Learning,Un-Aided Autonomous,Unknown,LOPENS,78568,75.4880541,L,S,OPEN,B.Tech,2025,4
'04151,"Tulsiramji Gaikwad Patil College of Engineering & Technology, Nagpur",'0415192110,Artificial Intelligence and Machine Learning,Un-Aided Autonomous,Unknown,TFWS,79309,75.2405919,T,S,TFWS,B.Tech,2025,4
'04151,"Tulsiramji Gaikwad Patil College of Engineering & Technology, Nagpur",'0415192110,Artificial Intelligence and Machine Learning,Un-Aided Autonomous,Unknown,ORPHAN,87172,72.3760958,O,N,ORPHAN,B.Tech,2025,4
'04163,Rajiv Gandhi College of Engineering Research & Technology Chandrapur,'0416319110,Civil Engineering,Un-Aided Home University : Gondwana University,Gondwana University,GOPENH,118581,59.2797111,G,H,OPEN,B.Tech,2025,4
'04163,Rajiv Gandhi College of Engineering Research & Technology Chandrapur,'0416324210,Computer Science and Engineering,Un-Aided Home University : Gondwana University,Gondwana University,PWDOPENH,33713,90.0917161,P,H,PWD,B.Tech,2025,4
'04163,Rajiv Gandhi College of Engineering Research & Technology Chandrapur,'0416329310,Electrical Engineering,Un-Aided Home University : Gondwana University,Gondwana University,GSCH,120740,58.4401523,G,H,SC,B.Tech,2025,4
'04163,Rajiv Gandhi College of Engineering Research & Technology Chandrapur,'0416329310,Electrical Engineering,Un-Aided Home University : Gondwana University,Gondwana University,GOBCH,139222,49.4020979,G,H,OBC,B.Tech,2025,4
'04163,Rajiv Gandhi College of Engineering Research & Technology Chandrapur,'0416329310,Electrical Engineering,Un-Aided Home University : Gondwana University,Gondwana University,LNT3H,128198,54.5872518,L,H,NT3,B.Tech,2025,4
'04163,Rajiv Gandhi College of Engineering Research & Technology Chandrapur,'0416337010,Electronics and Communication Engineering,Un-Aided Home University : Gondwana University,Gondwana University,GOPENO,156743,39.3601986,G,O,OPEN,B.Tech,2025,4
'04163,Rajiv Gandhi College of Engineering Research & Technology Chandrapur,'0416337010,Electronics and Communication Engineering,Un-Aided Home University : Gondwana University,Gondwana University,LOPENO,116619,60.4221150,L,O,OPEN,B.Tech,2025,4
'04163,Rajiv Gandhi College of Engineering Research & Technology Chandrapur,'0416337010,Electronics and Communication Engineering,Un-Aided Home University : Gondwana University,Gondwana University,LOBCO,172500,28.8537986,L,O,OBC,B.Tech,2025,4
'04163,Rajiv Gandhi College of Engineering Research & Technology Chandrapur,'0416361210,Mechanical Engineering,Un-Aided Home University : Gondwana University,Gondwana University,GSEBCH,109297,63.4714222,G,H,SEBC,B.Tech,2025,4
'04163,Rajiv Gandhi College of Engineering Research & Technology Chandrapur,'0416370110,Mining Engineering,Un-Aided Home University : Gondwana University,Gondwana University,GSEBCO,177915,24.8659004,G,O,SEBC,B.Tech,2025,4
'04163,Rajiv Gandhi College of Engineering Research & Technology Chandrapur,'0416391210,Computer Science and Engineering(Data Science),Un-Aided Home University : Gondwana University,Gondwana University,LOPENO,119459,58.8994542,L,O,OPEN,B.Tech,2025,4
'04167,"Yeshwantrao Chavan College of Engineering,Wanadongri, Nagpur",'0416719110,Civil Engineering,Un-Aided Autonomous,Unknown,GOPENS,51836,84.4950314,G,S,OPEN,B.Tech,2025,4
'04167,"Yeshwantrao Chavan College of Engineering,Wanadongri, Nagpur",'0416719110,Civil Engineering,Un-Aided Autonomous,Unknown,GSEBCS,107834,64.2631037,G,S,SEBC,B.Tech,2025,4
'04167,"Yeshwantrao Chavan College of Engineering,Wanadongri, Nagpur",'0416719110,Civil Engineering,Un-Aided Autonomous,Unknown,LNT3S,133345,52.3622324,L,S,NT3,B.Tech,2025,4
'04167,"Yeshwantrao Chavan College of Engineering,Wanadongri, Nagpur",'0416719110,Civil Engineering,Un-Aided Autonomous,Unknown,DEFOBCS,101537,66.9039004,D,S,OBC,B.Tech,2025,4
'04167,"Yeshwantrao Chavan College of Engineering,Wanadongri, Nagpur",'0416719110,Civil Engineering,Un-Aided Autonomous,Unknown,EWS,157544,39.2328654,E,S,EWS,B.Tech,2025,4
'04167,"Yeshwantrao Chavan College of Engineering,Wanadongri, Nagpur",'0416719110,Civil Engineering,Un-Aided Autonomous,Unknown,DEFSCS,79992,75.1927485,D,S,SC,B.Tech,2025,4
'04167,"Yeshwantrao Chavan College of Engineering,Wanadongri, Nagpur",'0416719110,Civil Engineering,Un-Aided Autonomous,Unknown,DEFSEBCS,108628,63.6512871,D,S,SEBC,B.Tech,2025,4
'04167,"Yeshwantrao Chavan College of Engineering,Wanadongri, Nagpur",'0416719110,Civil Engineering,Un-Aided Autonomous,Unknown,PWDSCS,77702,75.6522650,P,S,PWD,B.Tech,2025,4
'04167,"Yeshwantrao Chavan College of Engineering,Wanadongri, Nagpur",'0416724210,Computer Science and Engineering,Un-Aided Autonomous,Unknown,GOPENS,17490,94.9425795,G,S,OPEN,B.Tech,2025,4
'04167,"Yeshwantrao Chavan College of Engineering,Wanadongri, Nagpur",'0416724210,Computer Science and Engineering,Un-Aided Autonomous,Unknown,GOBCS,18067,94.7823058,G,S,OBC,B.Tech,2025,4
'04167,"Yeshwantrao Chavan College of Engineering,Wanadongri, Nagpur",'0416724210,Computer Science and Engineering,Un-Aided Autonomous,Unknown,LNT3S,32668,90.4142665,L,S,NT3,B.Tech,2025,4
'04167,"Yeshwantrao Chavan College of Engineering,Wanadongri, Nagpur",'0416724210,Computer Science and Engineering,Un-Aided Autonomous,Unknown,LOBCS,17026,95.0790084,L,S,OBC,B.Tech,2025,4
'04167,"Yeshwantrao Chavan College of Engineering,Wanadongri, Nagpur",'0416724610,Information Technology,Un-Aided Autonomous,Unknown,GOPENS,18722,94.5862876,G,S,OPEN,B.Tech,2025,4
'04167,"Yeshwantrao Chavan College of Engineering,Wanadongri, Nagpur",'0416724610,Information Technology,Un-Aided Autonomous,Unknown,GOBCS,21281,93.8493242,G,S,OBC,B.Tech,2025,4
'04167,"Yeshwantrao Chavan College of Engineering,Wanadongri, Nagpur",'0416724610,Information Technology,Un-Aided Autonomous,Unknown,GSEBCS,37161,89.0414266,G,S,SEBC,B.Tech,2025,4
'04167,"Yeshwantrao Chavan College of Engineering,Wanadongri, Nagpur",'0416724610,Information Technology,Un-Aided Autonomous,Unknown,LOPENS,21071,93.8849350,L,S,OPEN,B.Tech,2025,4
'04167,"Yeshwantrao Chavan College of Engineering,Wanadongri, Nagpur",'0416724610,Information Technology,Un-Aided Autonomous,Unknown,EWS,38475,88.6328671,E,S,EWS,B.Tech,2025,4
'04167,"Yeshwantrao Chavan College of Engineering,Wanadongri, Nagpur",'0416725110,Computer Technology,Un-Aided Autonomous,Unknown,GOPENS,21762,93.6851271,G,S,OPEN,B.Tech,2025,4
'04167,"Yeshwantrao Chavan College of Engineering,Wanadongri, Nagpur",'0416725110,Computer Technology,Un-Aided Autonomous,Unknown,GNT2S,41779,87.6322867,G,S,NT2,B.Tech,2025,4
'04167,"Yeshwantrao Chavan College of Engineering,Wanadongri, Nagpur",'0416725110,Computer Technology,Un-Aided Autonomous,Unknown,GOBCS,23010,93.2783433,G,S,OBC,B.Tech,2025,4
'04167,"Yeshwantrao Chavan College of Engineering,Wanadongri, Nagpur",'0416725110,Computer Technology,Un-Aided Autonomous,Unknown,GSEBCS,53937,83.7934335,G,S,SEBC,B.Tech,2025,4
'04167,"Yeshwantrao Chavan College of Engineering,Wanadongri, Nagpur",'0416725110,Computer Technology,Un-Aided Autonomous,Unknown,LOPENS,19181,94.4741287,L,S,OPEN,B.Tech,2025,4
'04167,"Yeshwantrao Chavan College of Engineering,Wanadongri, Nagpur",'0416725710,Computer Science and Design,Un-Aided Autonomous,Unknown,GOPENS,26526,92.2439918,G,S,OPEN,B.Tech,2025,4
'04167,"Yeshwantrao Chavan College of Engineering,Wanadongri, Nagpur",'0416725710,Computer Science and Design,Un-Aided Autonomous,Unknown,GSCS,37290,88.9773781,G,S,SC,B.Tech,2025,4
'04167,"Yeshwantrao Chavan College of Engineering,Wanadongri, Nagpur",'0416725710,Computer Science and Design,Un-Aided Autonomous,Unknown,GOBCS,27165,92.0737359,G,S,OBC,B.Tech,2025,4
'04167,"Yeshwantrao Chavan College of Engineering,Wanadongri, Nagpur",'0416725710,Computer Science and Design,Un-Aided Autonomous,Unknown,GSEBCS,45031,86.6718198,G,S,SEBC,B.Tech,2025,4
'04167,"Yeshwantrao Chavan College of Engineering,Wanadongri, Nagpur",'0416726710,Computer Science and Engineering (IoT),Un-Aided Autonomous,Unknown,GOPENS,24886,92.7307558,G,S,OPEN,B.Tech,2025,4
'04167,"Yeshwantrao Chavan College of Engineering,Wanadongri, Nagpur",'0416735610,Electrical Engg[Electronics and Power],Un-Aided Autonomous,Unknown,GOPENS,41364,87.7785554,G,S,OPEN,B.Tech,2025,4
'04167,"Yeshwantrao Chavan College of Engineering,Wanadongri, Nagpur",'0416735610,Electrical Engg[Electronics and Power],Un-Aided Autonomous,Unknown,GOBCS,44798,86.6759630,G,S,OBC,B.Tech,2025,4
'04167,"Yeshwantrao Chavan College of Engineering,Wanadongri, Nagpur",'0416735610,Electrical Engg[Electronics and Power],Un-Aided Autonomous,Unknown,GSEBCS,162153,35.9295868,G,S,SEBC,B.Tech,2025,4
'04167,"Yeshwantrao Chavan College of Engineering,Wanadongri, Nagpur",'0416735610,Electrical Engg[Electronics and Power],Un-Aided Autonomous,Unknown,LOPENS,49502,85.1919561,L,S,OPEN,B.Tech,2025,4
'04167,"Yeshwantrao Chavan College of Engineering,Wanadongri, Nagpur",'0416735610,Electrical Engg[Electronics and Power],Un-Aided Autonomous,Unknown,LOBCS,53550,83.9020979,L,S,OBC,B.Tech,2025,4
'04167,"Yeshwantrao Chavan College of Engineering,Wanadongri, Nagpur",'0416735610,Electrical Engg[Electronics and Power],Un-Aided Autonomous,Unknown,EWS,115281,60.8775137,E,S,EWS,B.Tech,2025,4
'04167,"Yeshwantrao Chavan College of Engineering,Wanadongri, Nagpur",'0416735610,Electrical Engg[Electronics and Power],Un-Aided Autonomous,Unknown,PWDOPENS,46962,85.9646097,P,S,PWD,B.Tech,2025,4
'04167,"Yeshwantrao Chavan College of Engineering,Wanadongri, Nagpur",'0416735610,Electrical Engg[Electronics and Power],Un-Aided Autonomous,Unknown,PWDSEBCS,130712,53.6771201,P,S,PWD,B.Tech,2025,4
'04167,"Yeshwantrao Chavan College of Engineering,Wanadongri, Nagpur",'0416737210,Electronics and Telecommunication Engg,Un-Aided Autonomous,Unknown,GOPENS,29202,91.4198717,G,S,OPEN,B.Tech,2025,4
'04167,"Yeshwantrao Chavan College of Engineering,Wanadongri, Nagpur",'0416737210,Electronics and Telecommunication Engg,Un-Aided Autonomous,Unknown,GSCS,44768,86.6759630,G,S,SC,B.Tech,2025,4
'04167,"Yeshwantrao Chavan College of Engineering,Wanadongri, Nagpur",'0416737210,Electronics and Telecommunication Engg,Un-Aided Autonomous,Unknown,GVJS,61750,81.1967017,G,S,VJ,B.Tech,2025,4
'04167,"Yeshwantrao Chavan College of Engineering,Wanadongri, Nagpur",'0416737210,Electronics and Telecommunication Engg,Un-Aided Autonomous,Unknown,GOBCS,29566,91.3131313,G,S,OBC,B.Tech,2025,4
'04167,"Yeshwantrao Chavan College of Engineering,Wanadongri, Nagpur",'0416737210,Electronics and Telecommunication Engg,Un-Aided Autonomous,Unknown,GSEBCS,55926,83.2058578,G,S,SEBC,B.Tech,2025,4
'04167,"Yeshwantrao Chavan College of Engineering,Wanadongri, Nagpur",'0416737210,Electronics and Telecommunication Engg,Un-Aided Autonomous,Unknown,LOPENS,28107,91.7521019,L,S,OPEN,B.Tech,2025,4
'04167,"Yeshwantrao Chavan College of Engineering,Wanadongri, Nagpur",'0416737210,Electronics and Telecommunication Engg,Un-Aided Autonomous,Unknown,LSCS,50103,85.0571556,L,S,SC,B.Tech,2025,4
'04167,"Yeshwantrao Chavan College of Engineering,Wanadongri, Nagpur",'0416737610,Electronics Engineering,Un-Aided Autonomous,Unknown,GOPENS,42837,87.3181818,G,S,OPEN,B.Tech,2025,4
'04167,"Yeshwantrao Chavan College of Engineering,Wanadongri, Nagpur",'0416737610,Electronics Engineering,Un-Aided Autonomous,Unknown,GOBCS,45071,86.6718198,G,S,OBC,B.Tech,2025,4
'04167,"Yeshwantrao Chavan College of Engineering,Wanadongri, Nagpur",'0416737610,Electronics Engineering,Un-Aided Autonomous,Unknown,GSEBCS,113057,61.7969670,G,S,SEBC,B.Tech,2025,4
'04167,"Yeshwantrao Chavan College of Engineering,Wanadongri, Nagpur",'0416737610,Electronics Engineering,Un-Aided Autonomous,Unknown,LOBCS,30760,90.9705380,L,S,OBC,B.Tech,2025,4
'04167,"Yeshwantrao Chavan College of Engineering,Wanadongri, Nagpur",'0416737610,Electronics Engineering,Un-Aided Autonomous,Unknown,LSEBCS,81820,74.5404987,L,S,SEBC,B.Tech,2025,4
'04167,"Yeshwantrao Chavan College of Engineering,Wanadongri, Nagpur",'0416737610,Electronics Engineering,Un-Aided Autonomous,Unknown,ORPHAN,44711,86.6759630,O,N,ORPHAN,B.Tech,2025,4
'04167,"Yeshwantrao Chavan College of Engineering,Wanadongri, Nagpur",'0416737810,Electronics Engineering ( VLSI Design and Technology),Un-Aided Autonomous,Unknown,GOPENS,46147,86.2351996,G,S,OPEN,B.Tech,2025,4
'04167,"Yeshwantrao Chavan College of Engineering,Wanadongri, Nagpur",'0416737810,Electronics Engineering ( VLSI Design and Technology),Un-Aided Autonomous,Unknown,GSCS,50529,84.8811189,G,S,SC,B.Tech,2025,4
'04167,"Yeshwantrao Chavan College of Engineering,Wanadongri, Nagpur",'0416737810,Electronics Engineering ( VLSI Design and Technology),Un-Aided Autonomous,Unknown,LOPENS,39313,88.3826292,L,S,OPEN,B.Tech,2025,4
'04167,"Yeshwantrao Chavan College of Engineering,Wanadongri, Nagpur",'0416737810,Electronics Engineering ( VLSI Design and Technology),Un-Aided Autonomous,Unknown,LSEBCS,95923,69.0979021,L,S,SEBC,B.Tech,2025,4
'04167,"Yeshwantrao Chavan College of Engineering,Wanadongri, Nagpur",'0416761210,Mechanical Engineering,Un-Aided Autonomous,Unknown,GOPENS,44858,86.6751751,G,S,OPEN,B.Tech,2025,4
'04167,"Yeshwantrao Chavan College of Engineering,Wanadongri, Nagpur",'0416761210,Mechanical Engineering,Un-Aided Autonomous,Unknown,GSCS,66635,79.7185003,G,S,SC,B.Tech,2025,4
'04167,"Yeshwantrao Chavan College of Engineering,Wanadongri, Nagpur",'0416761210,Mechanical Engineering,Un-Aided Autonomous,Unknown,GVJS,84153,73.5570613,G,S,VJ,B.Tech,2025,4
'04167,"Yeshwantrao Chavan College of Engineering,Wanadongri, Nagpur",'0416761210,Mechanical Engineering,Un-Aided Autonomous,Unknown,GOBCS,46882,85.9646097,G,S,OBC,B.Tech,2025,4
'04167,"Yeshwantrao Chavan College of Engineering,Wanadongri, Nagpur",'0416761210,Mechanical Engineering,Un-Aided Autonomous,Unknown,LOPENS,47985,85.6421968,L,S,OPEN,B.Tech,2025,4
'04167,"Yeshwantrao Chavan College of Engineering,Wanadongri, Nagpur",'0416761210,Mechanical Engineering,Un-Aided Autonomous,Unknown,LOBCS,57829,82.4521073,L,S,OBC,B.Tech,2025,4
'04167,"Yeshwantrao Chavan College of Engineering,Wanadongri, Nagpur",'0416761210,Mechanical Engineering,Un-Aided Autonomous,Unknown,EWS,116620,60.4221150,E,S,EWS,B.Tech,2025,4
'04167,"Yeshwantrao Chavan College of Engineering,Wanadongri, Nagpur",'0416761210,Mechanical Engineering,Un-Aided Autonomous,Unknown,DEFSEBCS,96185,68.9620341,D,S,SEBC,B.Tech,2025,4
'04167,"Yeshwantrao Chavan College of Engineering,Wanadongri, Nagpur",'0416761210,Mechanical Engineering,Un-Aided Autonomous,Unknown,ORPHAN,49661,85.1139120,O,N,ORPHAN,B.Tech,2025,4
'04167,"Yeshwantrao Chavan College of Engineering,Wanadongri, Nagpur",'0416791110,Computer Science and Engineering(Artificial Intelligence and Machine Learning),Un-Aided Autonomous,Unknown,TFWS,13966,95.9989694,T,S,TFWS,B.Tech,2025,4
'04167,"Yeshwantrao Chavan College of Engineering,Wanadongri, Nagpur",'0416799510,Artificial Intelligence and Data Science,Un-Aided Autonomous,Unknown,GOPENS,20881,93.9463602,G,S,OPEN,B.Tech,2025,4
'04167,"Yeshwantrao Chavan College of Engineering,Wanadongri, Nagpur",'0416799510,Artificial Intelligence and Data Science,Un-Aided Autonomous,Unknown,GOBCS,22662,93.4220965,G,S,OBC,B.Tech,2025,4
'04167,"Yeshwantrao Chavan College of Engineering,Wanadongri, Nagpur",'0416799510,Artificial Intelligence and Data Science,Un-Aided Autonomous,Unknown,GSEBCS,35804,89.4898417,G,S,SEBC,B.Tech,2025,4
'04172,"Anjuman College of Engineering & Technology, Nagpur",'0417219110,Civil Engineering,Un-Aided Religious Minority - Muslim,Unknown,GOPENH,120223,58.6907687,G,H,OPEN,B.Tech,2025,4
'04172,"Anjuman College of Engineering & Technology, Nagpur",'0417224210,Computer Science and Engineering,Un-Aided Religious Minority - Muslim,Unknown,GOPENO,178519,24.6987745,G,O,OPEN,B.Tech,2025,4
'04172,"Anjuman College of Engineering & Technology, Nagpur",'0417224210,Computer Science and Engineering,Un-Aided Religious Minority - Muslim,Unknown,LOPENO,192572,12.3781915,L,O,OPEN,B.Tech,2025,4
'04172,"Anjuman College of Engineering & Technology, Nagpur",'0417226310,Artificial Intelligence (AI) and Data Science,Un-Aided Religious Minority - Muslim,Unknown,GOPENH,104026,65.8462319,G,H,OPEN,B.Tech,2025,4
'04172,"Anjuman College of Engineering & Technology, Nagpur",'0417229310,Electrical Engineering,Un-Aided Religious Minority - Muslim,Unknown,GOPENH,127768,55.1895416,G,H,OPEN,B.Tech,2025,4
'04172,"Anjuman College of Engineering & Technology, Nagpur",'0417237210,Electronics and Telecommunication Engg,Un-Aided Religious Minority - Muslim,Unknown,GOPENH,108226,63.8244514,G,H,OPEN,B.Tech,2025,4
'04172,"Anjuman College of Engineering & Technology, Nagpur",'0417237210,Electronics and Telecommunication Engg,Un-Aided Religious Minority - Muslim,Unknown,LOPENH,119336,58.8994542,L,H,OPEN,B.Tech,2025,4
'04172,"Anjuman College of Engineering & Technology, Nagpur",'0417261210,Mechanical Engineering,Un-Aided Religious Minority - Muslim,Unknown,GOPENH,141379,47.8905633,G,H,OPEN,B.Tech,2025,4
'04174,"ST. Vincent Pallotti College of Engineering & Technology, Nagpur",'0417419110,Civil Engineering,Un-Aided Autonomous Religious Minority - Christian,Unknown,GOPENS,65299,79.9894700,G,S,OPEN,B.Tech,2025,4
'04174,"ST. Vincent Pallotti College of Engineering & Technology, Nagpur",'0417419110,Civil Engineering,Un-Aided Autonomous Religious Minority - Christian,Unknown,MI,76037,76.7635852,M,I,MI,B.Tech,2025,4
'04174,"ST. Vincent Pallotti College of Engineering & Technology, Nagpur",'0417424210,Computer Science and Engineering,Un-Aided Autonomous Religious Minority - Christian,Unknown,MI,35055,89.6827150,M,I,MI,B.Tech,2025,4
'04174,"ST. Vincent Pallotti College of Engineering & Technology, Nagpur",'0417424610,Information Technology,Un-Aided Autonomous Religious Minority - Christian,Unknown,MI,42566,87.3285356,M,I,MI,B.Tech,2025,4
'04174,"ST. Vincent Pallotti College of Engineering & Technology, Nagpur",'0417426010,Computer Science and Engineering (Cyber Security),Un-Aided Autonomous Religious Minority - Christian,Unknown,LOPENS,47991,85.6421968,L,S,OPEN,B.Tech,2025,4
'04174,"ST. Vincent Pallotti College of Engineering & Technology, Nagpur",'0417426010,Computer Science and Engineering (Cyber Security),Un-Aided Autonomous Religious Minority - Christian,Unknown,MI,48004,85.6421968,M,I,MI,B.Tech,2025,4
'04174,"ST. Vincent Pallotti College of Engineering & Technology, Nagpur",'0417426210,Computer Science and Business Systems,Un-Aided Autonomous Religious Minority - Christian,Unknown,MI,43690,87.0316109,M,I,MI,B.Tech,2025,4
'04174,"ST. Vincent Pallotti College of Engineering & Technology, Nagpur",'0417426510,Industrial IoT,Un-Aided Autonomous Religious Minority - Christian,Unknown,MI,54311,83.7239356,M,I,MI,B.Tech,2025,4
'04174,"ST. Vincent Pallotti College of Engineering & Technology, Nagpur",'0417426610,Robotics and Artificial Intelligence,Un-Aided Autonomous Religious Minority - Christian,Unknown,MI,51579,84.5627208,M,I,MI,B.Tech,2025,4
'04174,"ST. Vincent Pallotti College of Engineering & Technology, Nagpur",'0417429310,Electrical Engineering,Un-Aided Autonomous Religious Minority - Christian,Unknown,GOPENS,63752,80.7175218,G,S,OPEN,B.Tech,2025,4
'04174,"ST. Vincent Pallotti College of Engineering & Technology, Nagpur",'0417437210,Electronics and Telecommunication Engg,Un-Aided Autonomous Religious Minority - Christian,Unknown,MI,55878,83.2058578,M,I,MI,B.Tech,2025,4
'04174,"ST. Vincent Pallotti College of Engineering & Technology, Nagpur",'0417461210,Mechanical Engineering,Un-Aided Autonomous Religious Minority - Christian,Unknown,MI,79274,75.2405919,M,I,MI,B.Tech,2025,4
'04174,"ST. Vincent Pallotti College of Engineering & Technology, Nagpur",'0417491210,Computer Science and Engineering(Data Science),Un-Aided Autonomous Religious Minority - Christian,Unknown,MI,36437,89.2739334,M,I,MI,B.Tech,2025,4
'04174,"ST. Vincent Pallotti College of Engineering & Technology, Nagpur",'0417499710,Artificial Intelligence,Un-Aided Autonomous Religious Minority - Christian,Unknown,GOPENS,42650,87.3285356,G,S,OPEN,B.Tech,2025,4
'04174,"ST. Vincent Pallotti College of Engineering & Technology, Nagpur",'0417499710,Artificial Intelligence,Un-Aided Autonomous Religious Minority - Christian,Unknown,MI,46928,85.9646097,M,I,MI,B.Tech,2025,4
'04175,"JMSS Shri Shankarprasad Agnihotri College of Engineering, Wardha",'0417519110,Civil Engineering,Un-Aided,Unknown,GOBCH,180915,22.1740686,G,H,OBC,B.Tech,2025,4
'04175,"JMSS Shri Shankarprasad Agnihotri College of Engineering, Wardha",'0417519110,Civil Engineering,Un-Aided,Unknown,LOPENH,199050,5.7490133,L,H,OPEN,B.Tech,2025,4
'04175,"JMSS Shri Shankarprasad Agnihotri College of Engineering, Wardha",'0417524210,Computer Science and Engineering,Un-Aided,Unknown,GOPENH,122941,57.4376852,G,H,OPEN,B.Tech,2025,4
'04175,"JMSS Shri Shankarprasad Agnihotri College of Engineering, Wardha",'0417524210,Computer Science and Engineering,Un-Aided,Unknown,GSEBCH,143518,47.1396200,G,H,SEBC,B.Tech,2025,4
'04175,"JMSS Shri Shankarprasad Agnihotri College of Engineering, Wardha",'0417524210,Computer Science and Engineering,Un-Aided,Unknown,LSEBCH,133822,52.1817116,L,H,SEBC,B.Tech,2025,4
'04175,"JMSS Shri Shankarprasad Agnihotri College of Engineering, Wardha",'0417537210,Electronics and Telecommunication Engg,Un-Aided,Unknown,GOPENH,155861,39.6653303,G,H,OPEN,B.Tech,2025,4
'04175,"JMSS Shri Shankarprasad Agnihotri College of Engineering, Wardha",'0417537210,Electronics and Telecommunication Engg,Un-Aided,Unknown,GSCH,191611,13.2717448,G,H,SC,B.Tech,2025,4
'04175,"JMSS Shri Shankarprasad Agnihotri College of Engineering, Wardha",'0417537210,Electronics and Telecommunication Engg,Un-Aided,Unknown,GOBCH,193763,11.1328671,G,H,OBC,B.Tech,2025,4
'04175,"JMSS Shri Shankarprasad Agnihotri College of Engineering, Wardha",'0417537210,Electronics and Telecommunication Engg,Un-Aided,Unknown,PWDOPENH,191455,13.3124347,P,H,PWD,B.Tech,2025,4
'04175,"JMSS Shri Shankarprasad Agnihotri College of Engineering, Wardha",'0417537210,Electronics and Telecommunication Engg,Un-Aided,Unknown,PWDOBCH,180208,22.4248107,P,H,PWD,B.Tech,2025,4
'04175,"JMSS Shri Shankarprasad Agnihotri College of Engineering, Wardha",'0417537210,Electronics and Telecommunication Engg,Un-Aided,Unknown,GNT1H,202117,2.3750793,G,H,NT1,B.Tech,2025,4
'04175,"JMSS Shri Shankarprasad Agnihotri College of Engineering, Wardha",'0417561210,Mechanical Engineering,Un-Aided,Unknown,LNT1H,202464,1.8564220,L,H,NT1,B.Tech,2025,4
'04175,"JMSS Shri Shankarprasad Agnihotri College of Engineering, Wardha",'0417599710,Artificial Intelligence,Un-Aided,Unknown,GOPENH,141408,47.8905633,G,H,OPEN,B.Tech,2025,4
'04175,"JMSS Shri Shankarprasad Agnihotri College of Engineering, Wardha",'0417599710,Artificial Intelligence,Un-Aided,Unknown,GSCH,188941,15.8201150,G,H,SC,B.Tech,2025,4
'04175,"JMSS Shri Shankarprasad Agnihotri College of Engineering, Wardha",'0417599710,Artificial Intelligence,Un-Aided,Unknown,GOBCH,163738,35.4407253,G,H,OBC,B.Tech,2025,4
'04175,"JMSS Shri Shankarprasad Agnihotri College of Engineering, Wardha",'0417599710,Artificial Intelligence,Un-Aided,Unknown,GNT2H,190362,14.0716041,G,H,NT2,B.Tech,2025,4
'04175,"JMSS Shri Shankarprasad Agnihotri College of Engineering, Wardha",'0417599710,Artificial Intelligence,Un-Aided,Unknown,LSTH,200571,4.1433524,L,H,ST,B.Tech,2025,4
'04175,"JMSS Shri Shankarprasad Agnihotri College of Engineering, Wardha",'0417599710,Artificial Intelligence,Un-Aided,Unknown,LNT2H,188784,15.8201150,L,H,NT2,B.Tech,2025,4
'04177,"Priyadarshini Bhagwati College of Engineering, Harpur Nagar, Umred Road,Nagpur",'0417719110,Civil Engineering,Un-Aided Autonomous Linguistic Minority - Hindi,Unknown,GOPENS,114375,61.1295449,G,S,OPEN,B.Tech,2025,4
'04177,"Priyadarshini Bhagwati College of Engineering, Harpur Nagar, Umred Road,Nagpur",'0417719110,Civil Engineering,Un-Aided Autonomous Linguistic Minority - Hindi,Unknown,LOPENS,114544,61.1295449,L,S,OPEN,B.Tech,2025,4
'04177,"Priyadarshini Bhagwati College of Engineering, Harpur Nagar, Umred Road,Nagpur",'0417719110,Civil Engineering,Un-Aided Autonomous Linguistic Minority - Hindi,Unknown,MI,201588,3.0019522,M,I,MI,B.Tech,2025,4
'04177,"Priyadarshini Bhagwati College of Engineering, Harpur Nagar, Umred Road,Nagpur",'0417719110,Civil Engineering,Un-Aided Autonomous Linguistic Minority - Hindi,Unknown,TFWS,127261,55.2744499,T,S,TFWS,B.Tech,2025,4
'04177,"Priyadarshini Bhagwati College of Engineering, Harpur Nagar, Umred Road,Nagpur",'0417719110,Civil Engineering,Un-Aided Autonomous Linguistic Minority - Hindi,Unknown,MI,119026,59.1762367,M,I,MI,B.Tech,2025,4
'04177,"Priyadarshini Bhagwati College of Engineering, Harpur Nagar, Umred Road,Nagpur",'0417724210,Computer Science and Engineering,Un-Aided Autonomous Linguistic Minority - Hindi,Unknown,GOPENS,73457,77.1618860,G,S,OPEN,B.Tech,2025,4
'04177,"Priyadarshini Bhagwati College of Engineering, Harpur Nagar, Umred Road,Nagpur",'0417724210,Computer Science and Engineering,Un-Aided Autonomous Linguistic Minority - Hindi,Unknown,LOPENS,68159,79.3004726,L,S,OPEN,B.Tech,2025,4
'04177,"Priyadarshini Bhagwati College of Engineering, Harpur Nagar, Umred Road,Nagpur",'0417724210,Computer Science and Engineering,Un-Aided Autonomous Linguistic Minority - Hindi,Unknown,MI,166862,32.4837011,M,I,MI,B.Tech,2025,4
'04177,"Priyadarshini Bhagwati College of Engineering, Harpur Nagar, Umred Road,Nagpur",'0417724210,Computer Science and Engineering,Un-Aided Autonomous Linguistic Minority - Hindi,Unknown,TFWS,72288,77.9513058,T,S,TFWS,B.Tech,2025,4
'04177,"Priyadarshini Bhagwati College of Engineering, Harpur Nagar, Umred Road,Nagpur",'0417724610,Information Technology,Un-Aided Autonomous Linguistic Minority - Hindi,Unknown,GOPENS,71237,78.2722320,G,S,OPEN,B.Tech,2025,4
'04177,"Priyadarshini Bhagwati College of Engineering, Harpur Nagar, Umred Road,Nagpur",'0417724610,Information Technology,Un-Aided Autonomous Linguistic Minority - Hindi,Unknown,LOPENS,64217,80.4732503,L,S,OPEN,B.Tech,2025,4
'04177,"Priyadarshini Bhagwati College of Engineering, Harpur Nagar, Umred Road,Nagpur",'0417724610,Information Technology,Un-Aided Autonomous Linguistic Minority - Hindi,Unknown,MI,169726,31.5596589,M,I,MI,B.Tech,2025,4
'04177,"Priyadarshini Bhagwati College of Engineering, Harpur Nagar, Umred Road,Nagpur",'0417724610,Information Technology,Un-Aided Autonomous Linguistic Minority - Hindi,Unknown,TFWS,74008,77.0149774,T,S,TFWS,B.Tech,2025,4
'04177,"Priyadarshini Bhagwati College of Engineering, Harpur Nagar, Umred Road,Nagpur",'0417729310,Electrical Engineering,Un-Aided Autonomous Linguistic Minority - Hindi,Unknown,GOPENS,91795,70.6189283,G,S,OPEN,B.Tech,2025,4
'04177,"Priyadarshini Bhagwati College of Engineering, Harpur Nagar, Umred Road,Nagpur",'0417729310,Electrical Engineering,Un-Aided Autonomous Linguistic Minority - Hindi,Unknown,LOPENS,89121,71.5830116,L,S,OPEN,B.Tech,2025,4
'04177,"Priyadarshini Bhagwati College of Engineering, Harpur Nagar, Umred Road,Nagpur",'0417729310,Electrical Engineering,Un-Aided Autonomous Linguistic Minority - Hindi,Unknown,MI,177820,24.9543245,M,I,MI,B.Tech,2025,4
'04177,"Priyadarshini Bhagwati College of Engineering, Harpur Nagar, Umred Road,Nagpur",'0417729310,Electrical Engineering,Un-Aided Autonomous Linguistic Minority - Hindi,Unknown,TFWS,108755,63.5767823,T,S,TFWS,B.Tech,2025,4
'04177,"Priyadarshini Bhagwati College of Engineering, Harpur Nagar, Umred Road,Nagpur",'0417737010,Electronics and Communication Engineering,Un-Aided Autonomous Linguistic Minority - Hindi,Unknown,GOPENS,82373,74.0094972,G,S,OPEN,B.Tech,2025,4
'04177,"Priyadarshini Bhagwati College of Engineering, Harpur Nagar, Umred Road,Nagpur",'0417737010,Electronics and Communication Engineering,Un-Aided Autonomous Linguistic Minority - Hindi,Unknown,LOPENS,76367,76.5279741,L,S,OPEN,B.Tech,2025,4
'04177,"Priyadarshini Bhagwati College of Engineering, Harpur Nagar, Umred Road,Nagpur",'0417737010,Electronics and Communication Engineering,Un-Aided Autonomous Linguistic Minority - Hindi,Unknown,MI,175460,25.9683560,M,I,MI,B.Tech,2025,4
'04177,"Priyadarshini Bhagwati College of Engineering, Harpur Nagar, Umred Road,Nagpur",'0417737210,Electronics and Telecommunication Engg,Un-Aided Autonomous Linguistic Minority - Hindi,Unknown,GOPENS,78616,75.4048881,G,S,OPEN,B.Tech,2025,4
'04177,"Priyadarshini Bhagwati College of Engineering, Harpur Nagar, Umred Road,Nagpur",'0417737210,Electronics and Telecommunication Engg,Un-Aided Autonomous Linguistic Minority - Hindi,Unknown,LOPENS,69170,78.6729363,L,S,OPEN,B.Tech,2025,4
'04177,"Priyadarshini Bhagwati College of Engineering, Harpur Nagar, Umred Road,Nagpur",'0417737210,Electronics and Telecommunication Engg,Un-Aided Autonomous Linguistic Minority - Hindi,Unknown,MI,169954,30.2606300,M,I,MI,B.Tech,2025,4
'04177,"Priyadarshini Bhagwati College of Engineering, Harpur Nagar, Umred Road,Nagpur",'0417737210,Electronics and Telecommunication Engg,Un-Aided Autonomous Linguistic Minority - Hindi,Unknown,TFWS,79897,75.1927485,T,S,TFWS,B.Tech,2025,4
'04177,"Priyadarshini Bhagwati College of Engineering, Harpur Nagar, Umred Road,Nagpur",'0417761210,Mechanical Engineering,Un-Aided Autonomous Linguistic Minority - Hindi,Unknown,GOPENS,99399,67.8236662,G,S,OPEN,B.Tech,2025,4
'04177,"Priyadarshini Bhagwati College of Engineering, Harpur Nagar, Umred Road,Nagpur",'0417761210,Mechanical Engineering,Un-Aided Autonomous Linguistic Minority - Hindi,Unknown,LOPENS,79939,75.1927485,L,S,OPEN,B.Tech,2025,4
'04177,"Priyadarshini Bhagwati College of Engineering, Harpur Nagar, Umred Road,Nagpur",'0417761210,Mechanical Engineering,Un-Aided Autonomous Linguistic Minority - Hindi,Unknown,MI,187489,16.6909773,M,I,MI,B.Tech,2025,4
'04177,"Priyadarshini Bhagwati College of Engineering, Harpur Nagar, Umred Road,Nagpur",'0417799710,Artificial Intelligence,Un-Aided Autonomous Linguistic Minority - Hindi,Unknown,GOPENS,67948,79.3730892,G,S,OPEN,B.Tech,2025,4
'04177,"Priyadarshini Bhagwati College of Engineering, Harpur Nagar, Umred Road,Nagpur",'0417799710,Artificial Intelligence,Un-Aided Autonomous Linguistic Minority - Hindi,Unknown,LOPENS,58292,82.3736697,L,S,OPEN,B.Tech,2025,4
'04177,"Priyadarshini Bhagwati College of Engineering, Harpur Nagar, Umred Road,Nagpur",'0417799710,Artificial Intelligence,Un-Aided Autonomous Linguistic Minority - Hindi,Unknown,MI,165763,32.6791073,M,I,MI,B.Tech,2025,4
'04177,"Priyadarshini Bhagwati College of Engineering, Harpur Nagar, Umred Road,Nagpur",'0417799710,Artificial Intelligence,Un-Aided Autonomous Linguistic Minority - Hindi,Unknown,TFWS,66406,79.7946282,T,S,TFWS,B.Tech,2025,4
'04181,"Swaminarayan Siddhanta Institute Of Technology, Nagpur",'0418119110,Civil Engineering,Un-Aided Home University : Rashtrasant Tukadoji Maharaj Nagpur University,Rashtrasant Tukadoji Maharaj Nagpur University,LOBCH,182744,21.3037657,L,H,OBC,B.Tech,2025,4
'04181,"Swaminarayan Siddhanta Institute Of Technology, Nagpur",'0418119110,Civil Engineering,Un-Aided Home University : Rashtrasant Tukadoji Maharaj Nagpur University,Rashtrasant Tukadoji Maharaj Nagpur University,PWDOPENH,112693,62.0615406,P,H,PWD,B.Tech,2025,4
'04181,"Swaminarayan Siddhanta Institute Of Technology, Nagpur",'0418119110,Civil Engineering,Un-Aided Home University : Rashtrasant Tukadoji Maharaj Nagpur University,Rashtrasant Tukadoji Maharaj Nagpur University,GVJH,177244,25.2088452,G,H,VJ,B.Tech,2025,4
'04181,"Swaminarayan Siddhanta Institute Of Technology, Nagpur",'0418119110,Civil Engineering,Un-Aided Home University : Rashtrasant Tukadoji Maharaj Nagpur University,Rashtrasant Tukadoji Maharaj Nagpur University,LVJH,173206,28.4151863,L,H,VJ,B.Tech,2025,4
'04181,"Swaminarayan Siddhanta Institute Of Technology, Nagpur",'0418124510,Computer Engineering,Un-Aided Home University : Rashtrasant Tukadoji Maharaj Nagpur University,Rashtrasant Tukadoji Maharaj Nagpur University,GSCO,201376,3.2027737,G,O,SC,B.Tech,2025,4
'04181,"Swaminarayan Siddhanta Institute Of Technology, Nagpur",'0418137210,Electronics and Telecommunication Engg,Un-Aided Home University : Rashtrasant Tukadoji Maharaj Nagpur University,Rashtrasant Tukadoji Maharaj Nagpur University,GOPENH,154381,40.0936536,G,H,OPEN,B.Tech,2025,4
'04181,"Swaminarayan Siddhanta Institute Of Technology, Nagpur",'0418137210,Electronics and Telecommunication Engg,Un-Aided Home University : Rashtrasant Tukadoji Maharaj Nagpur University,Rashtrasant Tukadoji Maharaj Nagpur University,GSCH,169720,31.5596589,G,H,SC,B.Tech,2025,4
'04181,"Swaminarayan Siddhanta Institute Of Technology, Nagpur",'0418137210,Electronics and Telecommunication Engg,Un-Aided Home University : Rashtrasant Tukadoji Maharaj Nagpur University,Rashtrasant Tukadoji Maharaj Nagpur University,LOPENH,146363,45.8266058,L,H,OPEN,B.Tech,2025,4
'04181,"Swaminarayan Siddhanta Institute Of Technology, Nagpur",'0418137210,Electronics and Telecommunication Engg,Un-Aided Home University : Rashtrasant Tukadoji Maharaj Nagpur University,Rashtrasant Tukadoji Maharaj Nagpur University,GSEBCH,160008,36.5248856,G,H,SEBC,B.Tech,2025,4
'04181,"Swaminarayan Siddhanta Institute Of Technology, Nagpur",'0418137210,Electronics and Telecommunication Engg,Un-Aided Home University : Rashtrasant Tukadoji Maharaj Nagpur University,Rashtrasant Tukadoji Maharaj Nagpur University,LSTH,159551,37.1950556,L,H,ST,B.Tech,2025,4
'04181,"Swaminarayan Siddhanta Institute Of Technology, Nagpur",'0418161210,Mechanical Engineering,Un-Aided Home University : Rashtrasant Tukadoji Maharaj Nagpur University,Rashtrasant Tukadoji Maharaj Nagpur University,GSCH,179400,22.9939635,G,H,SC,B.Tech,2025,4
'04181,"Swaminarayan Siddhanta Institute Of Technology, Nagpur",'0418161210,Mechanical Engineering,Un-Aided Home University : Rashtrasant Tukadoji Maharaj Nagpur University,Rashtrasant Tukadoji Maharaj Nagpur University,PWDOBCH,175620,25.9683560,P,H,PWD,B.Tech,2025,4
'04188,"Krushi Jivan Vikas Pratishthan, Ballarpur Institute of Technology, Mouza Bamni",'0418819110,Civil Engineering,Un-Aided Home University : Gondwana University,Gondwana University,LOPENO,202280,2.1142459,L,O,OPEN,B.Tech,2025,4
'04188,"Krushi Jivan Vikas Pratishthan, Ballarpur Institute of Technology, Mouza Bamni",'0418824210,Computer Science and Engineering,Un-Aided Home University : Gondwana University,Gondwana University,LSCH,153529,41.4020979,L,H,SC,B.Tech,2025,4
'04188,"Krushi Jivan Vikas Pratishthan, Ballarpur Institute of Technology, Mouza Bamni",'0418829310,Electrical Engineering,Un-Aided Home University : Gondwana University,Gondwana University,TFWS,100408,67.2177090,T,S,TFWS,B.Tech,2025,4
'04188,"Krushi Jivan Vikas Pratishthan, Ballarpur Institute of Technology, Mouza Bamni",'0418850310,Food Technology,Un-Aided Home University : Gondwana University,Gondwana University,GSEBCH,185040,23.4132019,G,H,SEBC,B.Tech,2025,4
'04188,"Krushi Jivan Vikas Pratishthan, Ballarpur Institute of Technology, Mouza Bamni",'0418850310,Food Technology,Un-Aided Home University : Gondwana University,Gondwana University,LNT3H,180812,27.3265221,L,H,NT3,B.Tech,2025,4
'04188,"Krushi Jivan Vikas Pratishthan, Ballarpur Institute of Technology, Mouza Bamni",'0418861210,Mechanical Engineering,Un-Aided Home University : Gondwana University,Gondwana University,GNT2H,169283,35.9771347,G,H,NT2,B.Tech,2025,4
'04188,"Krushi Jivan Vikas Pratishthan, Ballarpur Institute of Technology, Mouza Bamni",'0418870110,Mining Engineering,Un-Aided Home University : Gondwana University,Gondwana University,GOPENO,192807,11.9485358,G,O,OPEN,B.Tech,2025,4
'04190,"M.D. Yergude Memorial Shikshan Prasarak Mandal's Shri Sai College of Engineering & Technology, Bhadrawati",'0419024210,Computer Science and Engineering,Un-Aided Home University : Gondwana University,Gondwana University,GSCH,140357,49.1540892,G,H,SC,B.Tech,2025,4
'04190,"M.D. Yergude Memorial Shikshan Prasarak Mandal's Shri Sai College of Engineering & Technology, Bhadrawati",'0419024210,Computer Science and Engineering,Un-Aided Home University : Gondwana University,Gondwana University,GNT1H,171355,29.2375397,G,H,NT1,B.Tech,2025,4
'04190,"M.D. Yergude Memorial Shikshan Prasarak Mandal's Shri Sai College of Engineering & Technology, Bhadrawati",'0419024210,Computer Science and Engineering,Un-Aided Home University : Gondwana University,Gondwana University,GSEBCH,180905,22.1740686,G,H,SEBC,B.Tech,2025,4
'04192,"Maitraya Education Society, Nagarjuna Institute of Engineering Technology & Management, Nagpur",'0419219110,Civil Engineering,Un-Aided,Unknown,GSCH,191695,13.2717448,G,H,SC,B.Tech,2025,4
'04192,"Maitraya Education Society, Nagarjuna Institute of Engineering Technology & Management, Nagpur",'0419219110,Civil Engineering,Un-Aided,Unknown,GOBCH,190928,13.9047479,G,H,OBC,B.Tech,2025,4
'04192,"Maitraya Education Society, Nagarjuna Institute of Engineering Technology & Management, Nagpur",'0419219110,Civil Engineering,Un-Aided,Unknown,LOPENH,166671,32.5451434,L,H,OPEN,B.Tech,2025,4
'04192,"Maitraya Education Society, Nagarjuna Institute of Engineering Technology & Management, Nagpur",'0419219110,Civil Engineering,Un-Aided,Unknown,LOBCH,191337,13.3124347,L,H,OBC,B.Tech,2025,4
'04192,"Maitraya Education Society, Nagarjuna Institute of Engineering Technology & Management, Nagpur",'0419219110,Civil Engineering,Un-Aided,Unknown,PWDOPENH,177966,24.8659004,P,H,PWD,B.Tech,2025,4
'04192,"Maitraya Education Society, Nagarjuna Institute of Engineering Technology & Management, Nagpur",'0419219110,Civil Engineering,Un-Aided,Unknown,PWDOBCH,192201,12.5776664,P,H,PWD,B.Tech,2025,4
'04192,"Maitraya Education Society, Nagarjuna Institute of Engineering Technology & Management, Nagpur",'0419219110,Civil Engineering,Un-Aided,Unknown,GSTH,194911,9.9651616,G,H,ST,B.Tech,2025,4
'04192,"Maitraya Education Society, Nagarjuna Institute of Engineering Technology & Management, Nagpur",'0419219110,Civil Engineering,Un-Aided,Unknown,GVJH,196211,8.8248475,G,H,VJ,B.Tech,2025,4
'04192,"Maitraya Education Society, Nagarjuna Institute of Engineering Technology & Management, Nagpur",'0419219110,Civil Engineering,Un-Aided,Unknown,GNT2H,193406,11.5879038,G,H,NT2,B.Tech,2025,4
'04192,"Maitraya Education Society, Nagarjuna Institute of Engineering Technology & Management, Nagpur",'0419219110,Civil Engineering,Un-Aided,Unknown,GNT3H,201072,3.5482921,G,H,NT3,B.Tech,2025,4
'04192,"Maitraya Education Society, Nagarjuna Institute of Engineering Technology & Management, Nagpur",'0419219110,Civil Engineering,Un-Aided,Unknown,GSEBCH,198692,6.3499894,G,H,SEBC,B.Tech,2025,4
'04192,"Maitraya Education Society, Nagarjuna Institute of Engineering Technology & Management, Nagpur",'0419219110,Civil Engineering,Un-Aided,Unknown,LSEBCH,191579,13.2717448,L,H,SEBC,B.Tech,2025,4
'04192,"Maitraya Education Society, Nagarjuna Institute of Engineering Technology & Management, Nagpur",'0419224210,Computer Science and Engineering,Un-Aided,Unknown,GOPENH,144421,46.6242967,G,H,OPEN,B.Tech,2025,4
'04192,"Maitraya Education Society, Nagarjuna Institute of Engineering Technology & Management, Nagpur",'0419224210,Computer Science and Engineering,Un-Aided,Unknown,GOBCH,147310,44.5303298,G,H,OBC,B.Tech,2025,4
'04192,"Maitraya Education Society, Nagarjuna Institute of Engineering Technology & Management, Nagpur",'0419224210,Computer Science and Engineering,Un-Aided,Unknown,LOBCH,144347,46.7613499,L,H,OBC,B.Tech,2025,4
'04192,"Maitraya Education Society, Nagarjuna Institute of Engineering Technology & Management, Nagpur",'0419224210,Computer Science and Engineering,Un-Aided,Unknown,PWDOPENH,145071,46.3957696,P,H,PWD,B.Tech,2025,4
'04192,"Maitraya Education Society, Nagarjuna Institute of Engineering Technology & Management, Nagpur",'0419224210,Computer Science and Engineering,Un-Aided,Unknown,GSEBCH,151947,42.6339209,G,H,SEBC,B.Tech,2025,4
'04192,"Maitraya Education Society, Nagarjuna Institute of Engineering Technology & Management, Nagpur",'0419224210,Computer Science and Engineering,Un-Aided,Unknown,PWDSEBCH,137445,50.4913264,P,H,PWD,B.Tech,2025,4
'04192,"Maitraya Education Society, Nagarjuna Institute of Engineering Technology & Management, Nagpur",'0419235610,Electrical Engg[Electronics and Power],Un-Aided,Unknown,GOPENH,163942,35.1590106,G,H,OPEN,B.Tech,2025,4
'04192,"Maitraya Education Society, Nagarjuna Institute of Engineering Technology & Management, Nagpur",'0419235610,Electrical Engg[Electronics and Power],Un-Aided,Unknown,GOBCH,199717,5.1955268,G,H,OBC,B.Tech,2025,4
'04192,"Maitraya Education Society, Nagarjuna Institute of Engineering Technology & Management, Nagpur",'0419235610,Electrical Engg[Electronics and Power],Un-Aided,Unknown,PWDOBCH,198374,6.4874627,P,H,PWD,B.Tech,2025,4
'04192,"Maitraya Education Society, Nagarjuna Institute of Engineering Technology & Management, Nagpur",'0419235610,Electrical Engg[Electronics and Power],Un-Aided,Unknown,GSTH,201184,3.4408227,G,H,ST,B.Tech,2025,4
'04192,"Maitraya Education Society, Nagarjuna Institute of Engineering Technology & Management, Nagpur",'0419235610,Electrical Engg[Electronics and Power],Un-Aided,Unknown,GNT2H,180474,22.3617813,G,H,NT2,B.Tech,2025,4
'04192,"Maitraya Education Society, Nagarjuna Institute of Engineering Technology & Management, Nagpur",'0419235610,Electrical Engg[Electronics and Power],Un-Aided,Unknown,GSEBCH,173838,28.3031822,G,H,SEBC,B.Tech,2025,4
'04192,"Maitraya Education Society, Nagarjuna Institute of Engineering Technology & Management, Nagpur",'0419261210,Mechanical Engineering,Un-Aided,Unknown,GSCH,197877,7.1701886,G,H,SC,B.Tech,2025,4
'04192,"Maitraya Education Society, Nagarjuna Institute of Engineering Technology & Management, Nagpur",'0419261210,Mechanical Engineering,Un-Aided,Unknown,GNT1H,203487,0.3826399,G,H,NT1,B.Tech,2025,4
'04192,"Maitraya Education Society, Nagarjuna Institute of Engineering Technology & Management, Nagpur",'0419261210,Mechanical Engineering,Un-Aided,Unknown,GOBCH,196105,8.9230769,G,H,OBC,B.Tech,2025,4
'04192,"Maitraya Education Society, Nagarjuna Institute of Engineering Technology & Management, Nagpur",'0419261210,Mechanical Engineering,Un-Aided,Unknown,LOPENH,184500,19.2944893,L,H,OPEN,B.Tech,2025,4
'04192,"Maitraya Education Society, Nagarjuna Institute of Engineering Technology & Management, Nagpur",'0419261210,Mechanical Engineering,Un-Aided,Unknown,LOBCH,199023,5.8085422,L,H,OBC,B.Tech,2025,4
'04192,"Maitraya Education Society, Nagarjuna Institute of Engineering Technology & Management, Nagpur",'0419261210,Mechanical Engineering,Un-Aided,Unknown,PWDOBCH,186934,17.6786167,P,H,PWD,B.Tech,2025,4
'04192,"Maitraya Education Society, Nagarjuna Institute of Engineering Technology & Management, Nagpur",'0419261210,Mechanical Engineering,Un-Aided,Unknown,GNT2H,201954,2.5131625,G,H,NT2,B.Tech,2025,4
'04192,"Maitraya Education Society, Nagarjuna Institute of Engineering Technology & Management, Nagpur",'0419261210,Mechanical Engineering,Un-Aided,Unknown,GSEBCH,199164,5.7167832,G,H,SEBC,B.Tech,2025,4
'04192,"Maitraya Education Society, Nagarjuna Institute of Engineering Technology & Management, Nagpur",'0419261210,Mechanical Engineering,Un-Aided,Unknown,LSCH,202661,1.5757364,L,H,SC,B.Tech,2025,4
'04192,"Maitraya Education Society, Nagarjuna Institute of Engineering Technology & Management, Nagpur",'0419261210,Mechanical Engineering,Un-Aided,Unknown,LVJH,198471,6.4009128,L,H,VJ,B.Tech,2025,4
'04192,"Maitraya Education Society, Nagarjuna Institute of Engineering Technology & Management, Nagpur",'0419261210,Mechanical Engineering,Un-Aided,Unknown,LNT2H,203110,0.9474443,L,H,NT2,B.Tech,2025,4
'04192,"Maitraya Education Society, Nagarjuna Institute of Engineering Technology & Management, Nagpur",'0419291110,Computer Science and Engineering(Artificial Intelligence and Machine Learning),Un-Aided,Unknown,LOPENH,126959,55.4922986,L,H,OPEN,B.Tech,2025,4
'04192,"Maitraya Education Society, Nagarjuna Institute of Engineering Technology & Management, Nagpur",'0419291110,Computer Science and Engineering(Artificial Intelligence and Machine Learning),Un-Aided,Unknown,GSEBCH,108049,63.8244514,G,H,SEBC,B.Tech,2025,4
'04193,"K.D.M. Education Society, Vidharbha Institute of Technology,Umred Road ,Nagpur",'0419324210,Computer Science and Engineering,Un-Aided Autonomous Linguistic Minority - Hindi Home University : Autonomous Institute,Autonomous Institute,GOPENS,131201,53.6060165,G,S,OPEN,B.Tech,2025,4
'04193,"K.D.M. Education Society, Vidharbha Institute of Technology,Umred Road ,Nagpur",'0419324210,Computer Science and Engineering,Un-Aided Autonomous Linguistic Minority - Hindi Home University : Autonomous Institute,Autonomous Institute,LOPENS,145481,45.9816283,L,S,OPEN,B.Tech,2025,4
'04193,"K.D.M. Education Society, Vidharbha Institute of Technology,Umred Road ,Nagpur",'0419324210,Computer Science and Engineering,Un-Aided Autonomous Linguistic Minority - Hindi Home University : Autonomous Institute,Autonomous Institute,MI,158831,38.2479385,M,I,MI,B.Tech,2025,4
'04193,"K.D.M. Education Society, Vidharbha Institute of Technology,Umred Road ,Nagpur",'0419329310,Electrical Engineering,Un-Aided Autonomous Linguistic Minority - Hindi Home University : Autonomous Institute,Autonomous Institute,LOPENS,159549,37.1950556,L,S,OPEN,B.Tech,2025,4
'04193,"K.D.M. Education Society, Vidharbha Institute of Technology,Umred Road ,Nagpur",'0419329310,Electrical Engineering,Un-Aided Autonomous Linguistic Minority - Hindi Home University : Autonomous Institute,Autonomous Institute,TFWS,194893,10.2639800,T,S,TFWS,B.Tech,2025,4
'04193,"K.D.M. Education Society, Vidharbha Institute of Technology,Umred Road ,Nagpur",'0419329310,Electrical Engineering,Un-Aided Autonomous Linguistic Minority - Hindi Home University : Autonomous Institute,Autonomous Institute,MI,202364,2.0436563,M,I,MI,B.Tech,2025,4
'04193,"K.D.M. Education Society, Vidharbha Institute of Technology,Umred Road ,Nagpur",'0419337010,Electronics and Communication Engineering,Un-Aided Autonomous Linguistic Minority - Hindi Home University : Autonomous Institute,Autonomous Institute,GOPENS,186138,18.1456181,G,S,OPEN,B.Tech,2025,4
'04193,"K.D.M. Education Society, Vidharbha Institute of Technology,Umred Road ,Nagpur",'0419337010,Electronics and Communication Engineering,Un-Aided Autonomous Linguistic Minority - Hindi Home University : Autonomous Institute,Autonomous Institute,LOPENS,163969,35.1590106,L,S,OPEN,B.Tech,2025,4
'04193,"K.D.M. Education Society, Vidharbha Institute of Technology,Umred Road ,Nagpur",'0419337010,Electronics and Communication Engineering,Un-Aided Autonomous Linguistic Minority - Hindi Home University : Autonomous Institute,Autonomous Institute,MI,203671,0.1268714,M,I,MI,B.Tech,2025,4
'04193,"K.D.M. Education Society, Vidharbha Institute of Technology,Umred Road ,Nagpur",'0419361210,Mechanical Engineering,Un-Aided Autonomous Linguistic Minority - Hindi Home University : Autonomous Institute,Autonomous Institute,GOPENS,134339,51.7009371,G,S,OPEN,B.Tech,2025,4
'04193,"K.D.M. Education Society, Vidharbha Institute of Technology,Umred Road ,Nagpur",'0419361210,Mechanical Engineering,Un-Aided Autonomous Linguistic Minority - Hindi Home University : Autonomous Institute,Autonomous Institute,LOPENS,179209,23.4132019,L,S,OPEN,B.Tech,2025,4
'04193,"K.D.M. Education Society, Vidharbha Institute of Technology,Umred Road ,Nagpur",'0419361210,Mechanical Engineering,Un-Aided Autonomous Linguistic Minority - Hindi Home University : Autonomous Institute,Autonomous Institute,MI,201582,3.0019522,M,I,MI,B.Tech,2025,4
'04193,"K.D.M. Education Society, Vidharbha Institute of Technology,Umred Road ,Nagpur",'0419391110,Computer Science and Engineering(Artificial Intelligence and Machine Learning),Un-Aided Autonomous Linguistic Minority - Hindi Home University : Autonomous Institute,Autonomous Institute,GOPENS,156875,39.3601986,G,S,OPEN,B.Tech,2025,4
'04193,"K.D.M. Education Society, Vidharbha Institute of Technology,Umred Road ,Nagpur",'0419391110,Computer Science and Engineering(Artificial Intelligence and Machine Learning),Un-Aided Autonomous Linguistic Minority - Hindi Home University : Autonomous Institute,Autonomous Institute,LOPENS,71689,78.1688442,L,S,OPEN,B.Tech,2025,4
'04193,"K.D.M. Education Society, Vidharbha Institute of Technology,Umred Road ,Nagpur",'0419391110,Computer Science and Engineering(Artificial Intelligence and Machine Learning),Un-Aided Autonomous Linguistic Minority - Hindi Home University : Autonomous Institute,Autonomous Institute,MI,196247,8.8248475,M,I,MI,B.Tech,2025,4
'04193,"K.D.M. Education Society, Vidharbha Institute of Technology,Umred Road ,Nagpur",'0419391110,Computer Science and Engineering(Artificial Intelligence and Machine Learning),Un-Aided Autonomous Linguistic Minority - Hindi Home University : Autonomous Institute,Autonomous Institute,TFWS,140007,49.2256217,T,S,TFWS,B.Tech,2025,4
'04193,"K.D.M. Education Society, Vidharbha Institute of Technology,Umred Road ,Nagpur",'0419391110,Computer Science and Engineering(Artificial Intelligence and Machine Learning),Un-Aided Autonomous Linguistic Minority - Hindi Home University : Autonomous Institute,Autonomous Institute,MI,166110,32.5553935,M,I,MI,B.Tech,2025,4
'04193,"K.D.M. Education Society, Vidharbha Institute of Technology,Umred Road ,Nagpur",'0419391210,Computer Science and Engineering(Data Science),Un-Aided Autonomous Linguistic Minority - Hindi Home University : Autonomous Institute,Autonomous Institute,GOPENS,162251,35.9295868,G,S,OPEN,B.Tech,2025,4
'04193,"K.D.M. Education Society, Vidharbha Institute of Technology,Umred Road ,Nagpur",'0419391210,Computer Science and Engineering(Data Science),Un-Aided Autonomous Linguistic Minority - Hindi Home University : Autonomous Institute,Autonomous Institute,LOPENS,132441,52.8806012,L,S,OPEN,B.Tech,2025,4
'04193,"K.D.M. Education Society, Vidharbha Institute of Technology,Umred Road ,Nagpur",'0419391210,Computer Science and Engineering(Data Science),Un-Aided Autonomous Linguistic Minority - Hindi Home University : Autonomous Institute,Autonomous Institute,MI,167704,32.1281783,M,I,MI,B.Tech,2025,4
'04196,"Gurunanak Educational Society's Gurunanak Institute of Technology, Nagpur",'0419619110,Civil Engineering,Un-Aided,Unknown,GOPENH,132233,53.2228937,G,H,OPEN,B.Tech,2025,4
'04196,"Gurunanak Educational Society's Gurunanak Institute of Technology, Nagpur",'0419619110,Civil Engineering,Un-Aided,Unknown,GSCH,170922,29.4125763,G,H,SC,B.Tech,2025,4
'04196,"Gurunanak Educational Society's Gurunanak Institute of Technology, Nagpur",'0419619110,Civil Engineering,Un-Aided,Unknown,GNT1H,167478,32.1650475,G,H,NT1,B.Tech,2025,4
'04196,"Gurunanak Educational Society's Gurunanak Institute of Technology, Nagpur",'0419619110,Civil Engineering,Un-Aided,Unknown,GOBCH,172560,28.6767287,G,H,OBC,B.Tech,2025,4
'04196,"Gurunanak Educational Society's Gurunanak Institute of Technology, Nagpur",'0419619110,Civil Engineering,Un-Aided,Unknown,LOPENH,142228,47.3563218,L,H,OPEN,B.Tech,2025,4
'04196,"Gurunanak Educational Society's Gurunanak Institute of Technology, Nagpur",'0419619110,Civil Engineering,Un-Aided,Unknown,LOBCH,163532,35.5422955,L,H,OBC,B.Tech,2025,4
'04196,"Gurunanak Educational Society's Gurunanak Institute of Technology, Nagpur",'0419624210,Computer Science and Engineering,Un-Aided,Unknown,GSCO,198748,6.2359571,G,O,SC,B.Tech,2025,4
'04196,"Gurunanak Educational Society's Gurunanak Institute of Technology, Nagpur",'0419624210,Computer Science and Engineering,Un-Aided,Unknown,GSEBCO,125312,56.5039753,G,O,SEBC,B.Tech,2025,4
'04196,"Gurunanak Educational Society's Gurunanak Institute of Technology, Nagpur",'0419637210,Electronics and Telecommunication Engg,Un-Aided,Unknown,GOPENH,154851,40.0432529,G,H,OPEN,B.Tech,2025,4
'04196,"Gurunanak Educational Society's Gurunanak Institute of Technology, Nagpur",'0419637210,Electronics and Telecommunication Engg,Un-Aided,Unknown,LNT3H,146501,45.3566434,L,H,NT3,B.Tech,2025,4
'04196,"Gurunanak Educational Society's Gurunanak Institute of Technology, Nagpur",'0419661210,Mechanical Engineering,Un-Aided,Unknown,GOPENH,145141,46.3957696,G,H,OPEN,B.Tech,2025,4
'04196,"Gurunanak Educational Society's Gurunanak Institute of Technology, Nagpur",'0419661210,Mechanical Engineering,Un-Aided,Unknown,GSEBCH,146751,45.3566434,G,H,SEBC,B.Tech,2025,4
'04196,"Gurunanak Educational Society's Gurunanak Institute of Technology, Nagpur",'0419691010,Computer Science and Engineering(Cyber Security),Un-Aided,Unknown,GOPENH,149869,43.4652257,G,H,OPEN,B.Tech,2025,4
'04196,"Gurunanak Educational Society's Gurunanak Institute of Technology, Nagpur",'0419691010,Computer Science and Engineering(Cyber Security),Un-Aided,Unknown,GOBCH,150972,43.0314730,G,H,OBC,B.Tech,2025,4
'04196,"Gurunanak Educational Society's Gurunanak Institute of Technology, Nagpur",'0419691010,Computer Science and Engineering(Cyber Security),Un-Aided,Unknown,LOPENH,130295,53.7591782,L,H,OPEN,B.Tech,2025,4
'04196,"Gurunanak Educational Society's Gurunanak Institute of Technology, Nagpur",'0419691010,Computer Science and Engineering(Cyber Security),Un-Aided,Unknown,GSEBCH,152164,42.6339209,G,H,SEBC,B.Tech,2025,4
'04196,"Gurunanak Educational Society's Gurunanak Institute of Technology, Nagpur",'0419691010,Computer Science and Engineering(Cyber Security),Un-Aided,Unknown,LSTH,153323,41.4458186,L,H,ST,B.Tech,2025,4
'04196,"Gurunanak Educational Society's Gurunanak Institute of Technology, Nagpur",'0419691210,Computer Science and Engineering(Data Science),Un-Aided,Unknown,GOPENH,119750,58.8994542,G,H,OPEN,B.Tech,2025,4
'04196,"Gurunanak Educational Society's Gurunanak Institute of Technology, Nagpur",'0419691210,Computer Science and Engineering(Data Science),Un-Aided,Unknown,GOBCH,146537,45.3566434,G,H,OBC,B.Tech,2025,4
'04196,"Gurunanak Educational Society's Gurunanak Institute of Technology, Nagpur",'0419692110,Artificial Intelligence and Machine Learning,Un-Aided,Unknown,GOPENH,141226,47.8905633,G,H,OPEN,B.Tech,2025,4
'04196,"Gurunanak Educational Society's Gurunanak Institute of Technology, Nagpur",'0419692110,Artificial Intelligence and Machine Learning,Un-Aided,Unknown,GSCH,149561,43.5338318,G,H,SC,B.Tech,2025,4
'04196,"Gurunanak Educational Society's Gurunanak Institute of Technology, Nagpur",'0419692110,Artificial Intelligence and Machine Learning,Un-Aided,Unknown,GNT2H,157944,39.2302050,G,H,NT2,B.Tech,2025,4
'04196,"Gurunanak Educational Society's Gurunanak Institute of Technology, Nagpur",'0419692110,Artificial Intelligence and Machine Learning,Un-Aided,Unknown,LOPENH,123870,57.0133407,L,H,OPEN,B.Tech,2025,4
'04196,"Gurunanak Educational Society's Gurunanak Institute of Technology, Nagpur",'0419692110,Artificial Intelligence and Machine Learning,Un-Aided,Unknown,LOBCH,132335,53.2228937,L,H,OBC,B.Tech,2025,4
'04196,"Gurunanak Educational Society's Gurunanak Institute of Technology, Nagpur",'0419692110,Artificial Intelligence and Machine Learning,Un-Aided,Unknown,PWDOPENH,145869,45.9245973,P,H,PWD,B.Tech,2025,4
'04196,"Gurunanak Educational Society's Gurunanak Institute of Technology, Nagpur",'0419692110,Artificial Intelligence and Machine Learning,Un-Aided,Unknown,GNT3H,141532,47.8015007,G,H,NT3,B.Tech,2025,4
'04196,"Gurunanak Educational Society's Gurunanak Institute of Technology, Nagpur",'0419692110,Artificial Intelligence and Machine Learning,Un-Aided,Unknown,GSEBCH,142732,47.1398578,G,H,SEBC,B.Tech,2025,4
'04197,"Jai Mahakali Shikshan Sanstha, Agnihotri College of Engineering, Sindhi(Meghe)",'0419719110,Civil Engineering,Un-Aided,Unknown,GOPENH,191789,13.2656066,G,H,OPEN,B.Tech,2025,4
'04197,"Jai Mahakali Shikshan Sanstha, Agnihotri College of Engineering, Sindhi(Meghe)",'0419724210,Computer Science and Engineering,Un-Aided,Unknown,GOPENH,137811,50.3223138,G,H,OPEN,B.Tech,2025,4
'04197,"Jai Mahakali Shikshan Sanstha, Agnihotri College of Engineering, Sindhi(Meghe)",'0419724210,Computer Science and Engineering,Un-Aided,Unknown,GSCH,163929,35.1590106,G,H,SC,B.Tech,2025,4
'04197,"Jai Mahakali Shikshan Sanstha, Agnihotri College of Engineering, Sindhi(Meghe)",'0419724210,Computer Science and Engineering,Un-Aided,Unknown,GOBCH,172828,28.6767287,G,H,OBC,B.Tech,2025,4
'04197,"Jai Mahakali Shikshan Sanstha, Agnihotri College of Engineering, Sindhi(Meghe)",'0419724210,Computer Science and Engineering,Un-Aided,Unknown,LSTH,202566,1.6858068,L,H,ST,B.Tech,2025,4
'04197,"Jai Mahakali Shikshan Sanstha, Agnihotri College of Engineering, Sindhi(Meghe)",'0419737010,Electronics and Communication Engineering,Un-Aided,Unknown,GOPENH,181350,22.0358020,G,H,OPEN,B.Tech,2025,4
'04197,"Jai Mahakali Shikshan Sanstha, Agnihotri College of Engineering, Sindhi(Meghe)",'0419761210,Mechanical Engineering,Un-Aided,Unknown,LOBCH,194580,10.4252003,L,H,OBC,B.Tech,2025,4
'04302,"Gondia Education Society's Manoharbhai Patel Institute Of Engineering & Technology, Shahapur, Bhandara",'0430219110,Civil Engineering,Un-Aided,Unknown,GSCH,176118,25.7272727,G,H,SC,B.Tech,2025,4
'04302,"Gondia Education Society's Manoharbhai Patel Institute Of Engineering & Technology, Shahapur, Bhandara",'0430219110,Civil Engineering,Un-Aided,Unknown,GOBCH,179249,23.4132019,G,H,OBC,B.Tech,2025,4
'04302,"Gondia Education Society's Manoharbhai Patel Institute Of Engineering & Technology, Shahapur, Bhandara",'0430219110,Civil Engineering,Un-Aided,Unknown,GSCH,181985,21.6174291,G,H,SC,B.Tech,2025,4
'04302,"Gondia Education Society's Manoharbhai Patel Institute Of Engineering & Technology, Shahapur, Bhandara",'0430219110,Civil Engineering,Un-Aided,Unknown,GSTH,193750,11.1328671,G,H,ST,B.Tech,2025,4
'04302,"Gondia Education Society's Manoharbhai Patel Institute Of Engineering & Technology, Shahapur, Bhandara",'0430219110,Civil Engineering,Un-Aided,Unknown,GNT1H,193722,11.1328671,G,H,NT1,B.Tech,2025,4
'04302,"Gondia Education Society's Manoharbhai Patel Institute Of Engineering & Technology, Shahapur, Bhandara",'0430224510,Computer Engineering,Un-Aided,Unknown,GSCH,167684,32.1281783,G,H,SC,B.Tech,2025,4
'04302,"Gondia Education Society's Manoharbhai Patel Institute Of Engineering & Technology, Shahapur, Bhandara",'0430261210,Mechanical Engineering,Un-Aided,Unknown,DEFOPENS,125980,55.9381337,D,S,OPEN,B.Tech,2025,4
'04304,"Cummins College of Engineering For Women, Sukhali (Gupchup), Tal. Hingna Hingna Nagpur",'0430424550F,Computer Engineering,Un-Aided,Unknown,LOPENH,23090,93.2766093,L,H,OPEN,B.Tech,2025,4
'04304,"Cummins College of Engineering For Women, Sukhali (Gupchup), Tal. Hingna Hingna Nagpur",'0430424550F,Computer Engineering,Un-Aided,Unknown,LOBCH,27225,92.0411007,L,H,OBC,B.Tech,2025,4
'04304,"Cummins College of Engineering For Women, Sukhali (Gupchup), Tal. Hingna Hingna Nagpur",'0430424550F,Computer Engineering,Un-Aided,Unknown,PWDOBCH,50714,84.8736599,P,H,PWD,B.Tech,2025,4
'04304,"Cummins College of Engineering For Women, Sukhali (Gupchup), Tal. Hingna Hingna Nagpur",'0430437250F,Electronics and Telecommunication Engg,Un-Aided,Unknown,LOPENO,33327,90.1610143,L,O,OPEN,B.Tech,2025,4
'04304,"Cummins College of Engineering For Women, Sukhali (Gupchup), Tal. Hingna Hingna Nagpur",'0430461250F,Mechanical Engineering,Un-Aided,Unknown,LOPENH,67622,79.4832155,L,H,OPEN,B.Tech,2025,4
'04613,"Suryodaya College of Engineering & Technology, Nagpur",'0461319110,Civil Engineering,Un-Aided Autonomous,Unknown,GOPENS,61906,81.1967017,G,S,OPEN,B.Tech,2025,4
'04613,"Suryodaya College of Engineering & Technology, Nagpur",'0461324510,Computer Engineering,Un-Aided Autonomous,Unknown,GOPENS,95961,69.0979021,G,S,OPEN,B.Tech,2025,4
'04613,"Suryodaya College of Engineering & Technology, Nagpur",'0461324510,Computer Engineering,Un-Aided Autonomous,Unknown,GSCS,104118,65.8462319,G,S,SC,B.Tech,2025,4
'04613,"Suryodaya College of Engineering & Technology, Nagpur",'0461324510,Computer Engineering,Un-Aided Autonomous,Unknown,GNT2S,152913,41.7471281,G,S,NT2,B.Tech,2025,4
'04613,"Suryodaya College of Engineering & Technology, Nagpur",'0461324510,Computer Engineering,Un-Aided Autonomous,Unknown,LOPENS,66794,79.6986029,L,S,OPEN,B.Tech,2025,4
'04613,"Suryodaya College of Engineering & Technology, Nagpur",'0461324510,Computer Engineering,Un-Aided Autonomous,Unknown,LSCS,74944,76.8973331,L,S,SC,B.Tech,2025,4
'04613,"Suryodaya College of Engineering & Technology, Nagpur",'0461324510,Computer Engineering,Un-Aided Autonomous,Unknown,TFWS,86515,72.7429418,T,S,TFWS,B.Tech,2025,4
'04613,"Suryodaya College of Engineering & Technology, Nagpur",'0461324510,Computer Engineering,Un-Aided Autonomous,Unknown,GSEBCS,102421,66.3795642,G,S,SEBC,B.Tech,2025,4
'04613,"Suryodaya College of Engineering & Technology, Nagpur",'0461326510,Industrial IoT,Un-Aided Autonomous,Unknown,GOPENS,73146,77.1631566,G,S,OPEN,B.Tech,2025,4
'04613,"Suryodaya College of Engineering & Technology, Nagpur",'0461326510,Industrial IoT,Un-Aided Autonomous,Unknown,GSCS,132322,53.2228937,G,S,SC,B.Tech,2025,4
'04613,"Suryodaya College of Engineering & Technology, Nagpur",'0461326510,Industrial IoT,Un-Aided Autonomous,Unknown,LSCS,135176,51.1762787,L,S,SC,B.Tech,2025,4
'04613,"Suryodaya College of Engineering & Technology, Nagpur",'0461326510,Industrial IoT,Un-Aided Autonomous,Unknown,LOBCS,119953,58.8525307,L,S,OBC,B.Tech,2025,4
'04613,"Suryodaya College of Engineering & Technology, Nagpur",'0461326510,Industrial IoT,Un-Aided Autonomous,Unknown,GSEBCS,78018,75.6075065,G,S,SEBC,B.Tech,2025,4
'04613,"Suryodaya College of Engineering & Technology, Nagpur",'0461329310,Electrical Engineering,Un-Aided Autonomous,Unknown,LSCS,137471,50.4913264,L,S,SC,B.Tech,2025,4
'04613,"Suryodaya College of Engineering & Technology, Nagpur",'0461329310,Electrical Engineering,Un-Aided Autonomous,Unknown,TFWS,129472,54.1537389,T,S,TFWS,B.Tech,2025,4
'04613,"Suryodaya College of Engineering & Technology, Nagpur",'0461329310,Electrical Engineering,Un-Aided Autonomous,Unknown,EWS,201644,2.8004180,E,S,EWS,B.Tech,2025,4
'04613,"Suryodaya College of Engineering & Technology, Nagpur",'0461337210,Electronics and Telecommunication Engg,Un-Aided Autonomous,Unknown,GSCS,121804,57.8195751,G,S,SC,B.Tech,2025,4
'04613,"Suryodaya College of Engineering & Technology, Nagpur",'0461337210,Electronics and Telecommunication Engg,Un-Aided Autonomous,Unknown,TFWS,139258,49.3416227,T,S,TFWS,B.Tech,2025,4
'04613,"Suryodaya College of Engineering & Technology, Nagpur",'0461361210,Mechanical Engineering,Un-Aided Autonomous,Unknown,GOBCS,102944,66.2972028,G,S,OBC,B.Tech,2025,4
'04613,"Suryodaya College of Engineering & Technology, Nagpur",'0461361210,Mechanical Engineering,Un-Aided Autonomous,Unknown,TFWS,120446,58.6907687,T,S,TFWS,B.Tech,2025,4
'04613,"Suryodaya College of Engineering & Technology, Nagpur",'0461361210,Mechanical Engineering,Un-Aided Autonomous,Unknown,GNT3S,105474,65.3084343,G,S,NT3,B.Tech,2025,4
'04613,"Suryodaya College of Engineering & Technology, Nagpur",'0461391210,Computer Science and Engineering(Data Science),Un-Aided Autonomous,Unknown,GNT3S,187380,16.8604050,G,S,NT3,B.Tech,2025,4
'04613,"Suryodaya College of Engineering & Technology, Nagpur",'0461391210,Computer Science and Engineering(Data Science),Un-Aided Autonomous,Unknown,GSEBCS,200150,4.5300548,G,S,SEBC,B.Tech,2025,4
'04613,"Suryodaya College of Engineering & Technology, Nagpur",'0461391210,Computer Science and Engineering(Data Science),Un-Aided Autonomous,Unknown,LOPENS,76522,76.5279741,L,S,OPEN,B.Tech,2025,4
'04648,"R.V. Parankar College of Engineering & Technology, Arvi, Dist Wardha",'0464819110,Civil Engineering,Un-Aided,Unknown,GOPENH,187602,16.5233632,G,H,OPEN,B.Tech,2025,4
'04648,"R.V. Parankar College of Engineering & Technology, Arvi, Dist Wardha",'0464824210,Computer Science and Engineering,Un-Aided,Unknown,LOPENH,165804,32.6791073,L,H,OPEN,B.Tech,2025,4
'04648,"R.V. Parankar College of Engineering & Technology, Arvi, Dist Wardha",'0464824210,Computer Science and Engineering,Un-Aided,Unknown,LOPENH,195011,9.9651616,L,H,OPEN,B.Tech,2025,4
'04648,"R.V. Parankar College of Engineering & Technology, Arvi, Dist Wardha",'0464824610,Information Technology,Un-Aided,Unknown,GOPENH,199973,4.8139345,G,H,OPEN,B.Tech,2025,4
'04648,"R.V. Parankar College of Engineering & Technology, Arvi, Dist Wardha",'0464829310,Electrical Engineering,Un-Aided,Unknown,TFWS,144042,46.7613499,T,S,TFWS,B.Tech,2025,4
'04648,"R.V. Parankar College of Engineering & Technology, Arvi, Dist Wardha",'0464861210,Mechanical Engineering,Un-Aided,Unknown,GOPENO,151129,42.9247346,G,O,OPEN,B.Tech,2025,4
'04648,"R.V. Parankar College of Engineering & Technology, Arvi, Dist Wardha",'0464861210,Mechanical Engineering,Un-Aided,Unknown,LOPENO,152615,41.7471281,L,O,OPEN,B.Tech,2025,4
'04649,"Bajaj Institute of Technology, Wardha",'0464919110,Civil Engineering,Un-Aided Linguistic Minority - Hindi Home University : Rashtrasant Tukadoji Maharaj Nagpur University,Rashtrasant Tukadoji Maharaj Nagpur University,LOPENH,86994,72.3760958,L,H,OPEN,B.Tech,2025,4
'04649,"Bajaj Institute of Technology, Wardha",'0464924510,Computer Engineering,Un-Aided Linguistic Minority - Hindi Home University : Rashtrasant Tukadoji Maharaj Nagpur University,Rashtrasant Tukadoji Maharaj Nagpur University,GOPENH,56808,82.8437868,G,H,OPEN,B.Tech,2025,4
'04649,"Bajaj Institute of Technology, Wardha",'0464961210,Mechanical Engineering,Un-Aided Linguistic Minority - Hindi Home University : Rashtrasant Tukadoji Maharaj Nagpur University,Rashtrasant Tukadoji Maharaj Nagpur University,GOPENO,89750,71.4842352,G,O,OPEN,B.Tech,2025,4
'04679,"Karanjekar College of Engineering & Management, Sakoli",'0467919110,Civil Engineering,Un-Aided Home University : Rashtrasant Tukadoji Maharaj Nagpur University,Rashtrasant Tukadoji Maharaj Nagpur University,GSCO,141808,47.8015007,G,O,SC,B.Tech,2025,4
'04679,"Karanjekar College of Engineering & Management, Sakoli",'0467924210,Computer Science and Engineering,Un-Aided Home University : Rashtrasant Tukadoji Maharaj Nagpur University,Rashtrasant Tukadoji Maharaj Nagpur University,GOPENH,73079,77.2287062,G,H,OPEN,B.Tech,2025,4
'04679,"Karanjekar College of Engineering & Management, Sakoli",'0467924210,Computer Science and Engineering,Un-Aided Home University : Rashtrasant Tukadoji Maharaj Nagpur University,Rashtrasant Tukadoji Maharaj Nagpur University,GSCH,196032,9.0142807,G,H,SC,B.Tech,2025,4
'04679,"Karanjekar College of Engineering & Management, Sakoli",'0467924210,Computer Science and Engineering,Un-Aided Home University : Rashtrasant Tukadoji Maharaj Nagpur University,Rashtrasant Tukadoji Maharaj Nagpur University,GOBCH,174965,26.6274079,G,H,OBC,B.Tech,2025,4
'04679,"Karanjekar College of Engineering & Management, Sakoli",'0467924210,Computer Science and Engineering,Un-Aided Home University : Rashtrasant Tukadoji Maharaj Nagpur University,Rashtrasant Tukadoji Maharaj Nagpur University,PWDOPENH,116196,60.4378874,P,H,PWD,B.Tech,2025,4
'04679,"Karanjekar College of Engineering & Management, Sakoli",'0467924210,Computer Science and Engineering,Un-Aided Home University : Rashtrasant Tukadoji Maharaj Nagpur University,Rashtrasant Tukadoji Maharaj Nagpur University,PWDSCH,175772,25.8355418,P,H,PWD,B.Tech,2025,4
'04679,"Karanjekar College of Engineering & Management, Sakoli",'0467924210,Computer Science and Engineering,Un-Aided Home University : Rashtrasant Tukadoji Maharaj Nagpur University,Rashtrasant Tukadoji Maharaj Nagpur University,GSTH,192641,12.3781915,G,H,ST,B.Tech,2025,4
'04679,"Karanjekar College of Engineering & Management, Sakoli",'0467924210,Computer Science and Engineering,Un-Aided Home University : Rashtrasant Tukadoji Maharaj Nagpur University,Rashtrasant Tukadoji Maharaj Nagpur University,GVJH,197857,7.1701886,G,H,VJ,B.Tech,2025,4
'04679,"Karanjekar College of Engineering & Management, Sakoli",'0467924210,Computer Science and Engineering,Un-Aided Home University : Rashtrasant Tukadoji Maharaj Nagpur University,Rashtrasant Tukadoji Maharaj Nagpur University,GNT3H,180910,22.1740686,G,H,NT3,B.Tech,2025,4
'04679,"Karanjekar College of Engineering & Management, Sakoli",'0467924210,Computer Science and Engineering,Un-Aided Home University : Rashtrasant Tukadoji Maharaj Nagpur University,Rashtrasant Tukadoji Maharaj Nagpur University,GSEBCH,199836,5.0214955,G,H,SEBC,B.Tech,2025,4
'04679,"Karanjekar College of Engineering & Management, Sakoli",'0467924210,Computer Science and Engineering,Un-Aided Home University : Rashtrasant Tukadoji Maharaj Nagpur University,Rashtrasant Tukadoji Maharaj Nagpur University,LSTH,176740,25.4595013,L,H,ST,B.Tech,2025,4
'04679,"Karanjekar College of Engineering & Management, Sakoli",'0467924210,Computer Science and Engineering,Un-Aided Home University : Rashtrasant Tukadoji Maharaj Nagpur University,Rashtrasant Tukadoji Maharaj Nagpur University,LNT3H,133391,52.3622324,L,H,NT3,B.Tech,2025,4
'04679,"Karanjekar College of Engineering & Management, Sakoli",'0467924210,Computer Science and Engineering,Un-Aided Home University : Rashtrasant Tukadoji Maharaj Nagpur University,Rashtrasant Tukadoji Maharaj Nagpur University,LSEBCH,190307,14.3147873,L,H,SEBC,B.Tech,2025,4
'04679,"Karanjekar College of Engineering & Management, Sakoli",'0467926310,Artificial Intelligence (AI) and Data Science,Un-Aided Home University : Rashtrasant Tukadoji Maharaj Nagpur University,Rashtrasant Tukadoji Maharaj Nagpur University,GOPENH,139845,49.2256217,G,H,OPEN,B.Tech,2025,4
'04679,"Karanjekar College of Engineering & Management, Sakoli",'0467929310,Electrical Engineering,Un-Aided Home University : Rashtrasant Tukadoji Maharaj Nagpur University,Rashtrasant Tukadoji Maharaj Nagpur University,GOPENO,180945,22.1740686,G,O,OPEN,B.Tech,2025,4
'04679,"Karanjekar College of Engineering & Management, Sakoli",'0467929310,Electrical Engineering,Un-Aided Home University : Rashtrasant Tukadoji Maharaj Nagpur University,Rashtrasant Tukadoji Maharaj Nagpur University,LSCO,179549,22.9939635,L,O,SC,B.Tech,2025,4
'04703,"Somayya Institute of Technology, Chandrapur",'0470324210,Computer Science and Engineering,Un-Aided Home University : Gondwana University,Gondwana University,GSCH,146464,45.3566434,G,H,SC,B.Tech,2025,4
'04703,"Somayya Institute of Technology, Chandrapur",'0470324210,Computer Science and Engineering,Un-Aided Home University : Gondwana University,Gondwana University,GNT1H,177472,25.0722391,G,H,NT1,B.Tech,2025,4
'04703,"Somayya Institute of Technology, Chandrapur",'0470324210,Computer Science and Engineering,Un-Aided Home University : Gondwana University,Gondwana University,GOBCH,186717,17.7120141,G,H,OBC,B.Tech,2025,4
'04703,"Somayya Institute of Technology, Chandrapur",'0470324210,Computer Science and Engineering,Un-Aided Home University : Gondwana University,Gondwana University,LOBCH,175029,26.6274079,L,H,OBC,B.Tech,2025,4
'04703,"Somayya Institute of Technology, Chandrapur",'0470326010,Computer Science and Engineering (Cyber Security),Un-Aided Home University : Gondwana University,Gondwana University,LOPENH,181824,21.6174291,L,H,OPEN,B.Tech,2025,4
'04703,"Somayya Institute of Technology, Chandrapur",'0470329310,Electrical Engineering,Un-Aided Home University : Gondwana University,Gondwana University,GOPENH,187166,17.2365618,G,H,OPEN,B.Tech,2025,4
'04703,"Somayya Institute of Technology, Chandrapur",'0470329310,Electrical Engineering,Un-Aided Home University : Gondwana University,Gondwana University,LOBCH,143020,47.1398578,L,H,OBC,B.Tech,2025,4
'04703,"Somayya Institute of Technology, Chandrapur",'0470370110,Mining Engineering,Un-Aided Home University : Gondwana University,Gondwana University,GOBCH,201096,3.5346303,G,H,OBC,B.Tech,2025,4
'04703,"Somayya Institute of Technology, Chandrapur",'0470370110,Mining Engineering,Un-Aided Home University : Gondwana University,Gondwana University,LOBCH,152736,41.7471281,L,H,OBC,B.Tech,2025,4
'04703,"Somayya Institute of Technology, Chandrapur",'0470370110,Mining Engineering,Un-Aided Home University : Gondwana University,Gondwana University,PWDOPENH,165451,33.0802795,P,H,PWD,B.Tech,2025,4
'04703,"Somayya Institute of Technology, Chandrapur",'0470391210,Computer Science and Engineering(Data Science),Un-Aided Home University : Gondwana University,Gondwana University,GOBCH,180749,22.1740686,G,H,OBC,B.Tech,2025,4
'04703,"Somayya Institute of Technology, Chandrapur",'0470392110,Artificial Intelligence and Machine Learning,Un-Aided Home University : Gondwana University,Gondwana University,GOPENO,122490,57.5410529,G,O,OPEN,B.Tech,2025,4
'05003,"University Institute of Chemical Technology, North Maharashtra University, Jalgaon",'0500350310,Food Technology,University Department,Unknown,GOBCH,118097,63.1058313,G,H,OBC,B.Tech,2025,4
'05003,"University Institute of Chemical Technology, North Maharashtra University, Jalgaon",'0500350310,Food Technology,University Department,Unknown,LOPENH,47504,86.8241565,L,H,OPEN,B.Tech,2025,4
'05003,"University Institute of Chemical Technology, North Maharashtra University, Jalgaon",'0500350310,Food Technology,University Department,Unknown,LOBCH,88466,73.8463670,L,H,OBC,B.Tech,2025,4
'05003,"University Institute of Chemical Technology, North Maharashtra University, Jalgaon",'0500350710,Chemical Engineering,University Department,Unknown,GOPENH,124998,56.6213771,G,H,OPEN,B.Tech,2025,4
'05003,"University Institute of Chemical Technology, North Maharashtra University, Jalgaon",'0500350710,Chemical Engineering,University Department,Unknown,LOPENH,187024,17.2365618,L,H,OPEN,B.Tech,2025,4
'05003,"University Institute of Chemical Technology, North Maharashtra University, Jalgaon",'0500350710,Chemical Engineering,University Department,Unknown,LOBCH,196182,8.9230769,L,H,OBC,B.Tech,2025,4
'05003,"University Institute of Chemical Technology, North Maharashtra University, Jalgaon",'0500350710,Chemical Engineering,University Department,Unknown,GNT3H,130464,53.7591782,G,H,NT3,B.Tech,2025,4
'05003,"University Institute of Chemical Technology, North Maharashtra University, Jalgaon",'0500351810,Oil Fats and Waxes Technology,University Department,Unknown,GSCH,185994,18.4184219,G,H,SC,B.Tech,2025,4
'05003,"University Institute of Chemical Technology, North Maharashtra University, Jalgaon",'0500351810,Oil Fats and Waxes Technology,University Department,Unknown,LSEBCH,151516,42.7403863,L,H,SEBC,B.Tech,2025,4
'05003,"University Institute of Chemical Technology, North Maharashtra University, Jalgaon",'0500352310,Paints Technology,University Department,Unknown,GOPENH,115394,60.8775137,G,H,OPEN,B.Tech,2025,4
'05004,"Government College of Engineering, Jalgaon",'0500419110,Civil Engineering,Government Autonomous,Unknown,GOPENS,57356,82.8332926,G,S,OPEN,B.Tech,2025,4
'05004,"Government College of Engineering, Jalgaon",'0500419110,Civil Engineering,Government Autonomous,Unknown,GSCS,90666,71.1730870,G,S,SC,B.Tech,2025,4
'05004,"Government College of Engineering, Jalgaon",'0500419110,Civil Engineering,Government Autonomous,Unknown,GOBCS,70756,78.4242636,G,S,OBC,B.Tech,2025,4
'05004,"Government College of Engineering, Jalgaon",'0500419110,Civil Engineering,Government Autonomous,Unknown,GSEBCS,88729,71.6607627,G,S,SEBC,B.Tech,2025,4
'05004,"Government College of Engineering, Jalgaon",'0500419110,Civil Engineering,Government Autonomous,Unknown,LVJS,165392,33.0802795,L,S,VJ,B.Tech,2025,4
'05004,"Government College of Engineering, Jalgaon",'0500419110,Civil Engineering,Government Autonomous,Unknown,LNT3S,134242,51.7009371,L,S,NT3,B.Tech,2025,4
'05004,"Government College of Engineering, Jalgaon",'0500419110,Civil Engineering,Government Autonomous,Unknown,LOBCS,87390,72.1363369,L,S,OBC,B.Tech,2025,4
'05004,"Government College of Engineering, Jalgaon",'0500419110,Civil Engineering,Government Autonomous,Unknown,TFWS,46976,85.9124978,T,S,TFWS,B.Tech,2025,4
'05004,"Government College of Engineering, Jalgaon",'0500419110,Civil Engineering,Government Autonomous,Unknown,EWS,199181,5.7122954,E,S,EWS,B.Tech,2025,4
'05004,"Government College of Engineering, Jalgaon",'0500419110,Civil Engineering,Government Autonomous,Unknown,DEFOBCS,83479,73.6328536,D,S,OBC,B.Tech,2025,4
'05004,"Government College of Engineering, Jalgaon",'0500419110,Civil Engineering,Government Autonomous,Unknown,PWDOPENS,79879,75.1927485,P,S,PWD,B.Tech,2025,4
'05004,"Government College of Engineering, Jalgaon",'0500424510,Computer Engineering,Government Autonomous,Unknown,GOPENS,31237,90.8739909,G,S,OPEN,B.Tech,2025,4
'05004,"Government College of Engineering, Jalgaon",'0500424510,Computer Engineering,Government Autonomous,Unknown,GVJS,46464,86.2041018,G,S,VJ,B.Tech,2025,4
'05004,"Government College of Engineering, Jalgaon",'0500424510,Computer Engineering,Government Autonomous,Unknown,GNT2S,33448,90.1551333,G,S,NT2,B.Tech,2025,4
'05004,"Government College of Engineering, Jalgaon",'0500424510,Computer Engineering,Government Autonomous,Unknown,GOBCS,39110,88.5033286,G,S,OBC,B.Tech,2025,4
'05004,"Government College of Engineering, Jalgaon",'0500424510,Computer Engineering,Government Autonomous,Unknown,LSCS,58322,82.3736697,L,S,SC,B.Tech,2025,4
'05004,"Government College of Engineering, Jalgaon",'0500424510,Computer Engineering,Government Autonomous,Unknown,LVJS,69034,78.6729363,L,S,VJ,B.Tech,2025,4
'05004,"Government College of Engineering, Jalgaon",'0500424510,Computer Engineering,Government Autonomous,Unknown,TFWS,26544,92.2439918,T,S,TFWS,B.Tech,2025,4
'05004,"Government College of Engineering, Jalgaon",'0500429310,Electrical Engineering,Government Autonomous,Unknown,GOPENS,62845,81.0133535,G,S,OPEN,B.Tech,2025,4
'05004,"Government College of Engineering, Jalgaon",'0500429310,Electrical Engineering,Government Autonomous,Unknown,GSCS,84907,73.4354379,G,S,SC,B.Tech,2025,4
'05004,"Government College of Engineering, Jalgaon",'0500429310,Electrical Engineering,Government Autonomous,Unknown,GVJS,77567,75.6538462,G,S,VJ,B.Tech,2025,4
'05004,"Government College of Engineering, Jalgaon",'0500429310,Electrical Engineering,Government Autonomous,Unknown,GNT2S,90890,71.1730870,G,S,NT2,B.Tech,2025,4
'05004,"Government College of Engineering, Jalgaon",'0500429310,Electrical Engineering,Government Autonomous,Unknown,LOPENS,77725,75.6522650,L,S,OPEN,B.Tech,2025,4
'05004,"Government College of Engineering, Jalgaon",'0500429310,Electrical Engineering,Government Autonomous,Unknown,LOBCS,83870,73.6159498,L,S,OBC,B.Tech,2025,4
'05004,"Government College of Engineering, Jalgaon",'0500429310,Electrical Engineering,Government Autonomous,Unknown,TFWS,79418,75.2405919,T,S,TFWS,B.Tech,2025,4
'05004,"Government College of Engineering, Jalgaon",'0500429310,Electrical Engineering,Government Autonomous,Unknown,PWDOPENS,67871,79.3730892,P,S,PWD,B.Tech,2025,4
'05004,"Government College of Engineering, Jalgaon",'0500429310,Electrical Engineering,Government Autonomous,Unknown,PWDOBCS,56247,83.0707711,P,S,PWD,B.Tech,2025,4
'05004,"Government College of Engineering, Jalgaon",'0500437210,Electronics and Telecommunication Engg,Government Autonomous,Unknown,GOPENS,55441,83.3397246,G,S,OPEN,B.Tech,2025,4
'05004,"Government College of Engineering, Jalgaon",'0500437210,Electronics and Telecommunication Engg,Government Autonomous,Unknown,GSCS,78188,75.6075065,G,S,SC,B.Tech,2025,4
'05004,"Government College of Engineering, Jalgaon",'0500437210,Electronics and Telecommunication Engg,Government Autonomous,Unknown,GSTS,152686,41.7471281,G,S,ST,B.Tech,2025,4
'05004,"Government College of Engineering, Jalgaon",'0500437210,Electronics and Telecommunication Engg,Government Autonomous,Unknown,GOBCS,58639,82.3322294,G,S,OBC,B.Tech,2025,4
'05004,"Government College of Engineering, Jalgaon",'0500437210,Electronics and Telecommunication Engg,Government Autonomous,Unknown,LOPENS,54625,83.5597353,L,S,OPEN,B.Tech,2025,4
'05004,"Government College of Engineering, Jalgaon",'0500437210,Electronics and Telecommunication Engg,Government Autonomous,Unknown,LSCS,66444,79.7946282,L,S,SC,B.Tech,2025,4
'05004,"Government College of Engineering, Jalgaon",'0500437210,Electronics and Telecommunication Engg,Government Autonomous,Unknown,TFWS,63222,80.8599071,T,S,TFWS,B.Tech,2025,4
'05004,"Government College of Engineering, Jalgaon",'0500437210,Electronics and Telecommunication Engg,Government Autonomous,Unknown,EWS,160497,36.2260120,E,S,EWS,B.Tech,2025,4
'05004,"Government College of Engineering, Jalgaon",'0500437210,Electronics and Telecommunication Engg,Government Autonomous,Unknown,DEFOPENS,53359,83.9367933,D,S,OPEN,B.Tech,2025,4
'05004,"Government College of Engineering, Jalgaon",'0500437210,Electronics and Telecommunication Engg,Government Autonomous,Unknown,GSTS,61225,81.3270637,G,S,ST,B.Tech,2025,4
'05004,"Government College of Engineering, Jalgaon",'0500437210,Electronics and Telecommunication Engg,Government Autonomous,Unknown,ORPHAN,61118,81.5804905,O,N,ORPHAN,B.Tech,2025,4
'05004,"Government College of Engineering, Jalgaon",'0500446610,Instrumentation Engineering,Government Autonomous,Unknown,GOPENS,87258,72.3760958,G,S,OPEN,B.Tech,2025,4
'05004,"Government College of Engineering, Jalgaon",'0500446610,Instrumentation Engineering,Government Autonomous,Unknown,GOBCS,97100,68.4887011,G,S,OBC,B.Tech,2025,4
'05004,"Government College of Engineering, Jalgaon",'0500446610,Instrumentation Engineering,Government Autonomous,Unknown,GSEBCS,165830,32.6791073,G,S,SEBC,B.Tech,2025,4
'05004,"Government College of Engineering, Jalgaon",'0500446610,Instrumentation Engineering,Government Autonomous,Unknown,LSCS,134326,51.7009371,L,S,SC,B.Tech,2025,4
'05004,"Government College of Engineering, Jalgaon",'0500446610,Instrumentation Engineering,Government Autonomous,Unknown,LOBCS,78253,75.4880541,L,S,OBC,B.Tech,2025,4
'05004,"Government College of Engineering, Jalgaon",'0500446610,Instrumentation Engineering,Government Autonomous,Unknown,TFWS,130908,53.6771201,T,S,TFWS,B.Tech,2025,4
'05004,"Government College of Engineering, Jalgaon",'0500446610,Instrumentation Engineering,Government Autonomous,Unknown,LVJS,101660,66.4263323,L,S,VJ,B.Tech,2025,4
'05004,"Government College of Engineering, Jalgaon",'0500446610,Instrumentation Engineering,Government Autonomous,Unknown,LSEBCS,121467,57.8195751,L,S,SEBC,B.Tech,2025,4
'05004,"Government College of Engineering, Jalgaon",'0500446610,Instrumentation Engineering,Government Autonomous,Unknown,ORPHAN,110536,63.2000580,O,N,ORPHAN,B.Tech,2025,4
'05004,"Government College of Engineering, Jalgaon",'0500461210,Mechanical Engineering,Government Autonomous,Unknown,GOPENS,80731,75.1620214,G,S,OPEN,B.Tech,2025,4
'05004,"Government College of Engineering, Jalgaon",'0500461210,Mechanical Engineering,Government Autonomous,Unknown,GNT2S,111322,62.8632493,G,S,NT2,B.Tech,2025,4
'05004,"Government College of Engineering, Jalgaon",'0500461210,Mechanical Engineering,Government Autonomous,Unknown,GNT3S,109338,63.4714222,G,S,NT3,B.Tech,2025,4
'05004,"Government College of Engineering, Jalgaon",'0500461210,Mechanical Engineering,Government Autonomous,Unknown,GOBCS,90199,71.4755245,G,S,OBC,B.Tech,2025,4
'05004,"Government College of Engineering, Jalgaon",'0500461210,Mechanical Engineering,Government Autonomous,Unknown,LOPENS,82190,74.0094972,L,S,OPEN,B.Tech,2025,4
'05004,"Government College of Engineering, Jalgaon",'0500461210,Mechanical Engineering,Government Autonomous,Unknown,LOBCS,116816,60.3213757,L,S,OBC,B.Tech,2025,4
'05004,"Government College of Engineering, Jalgaon",'0500461210,Mechanical Engineering,Government Autonomous,Unknown,EWS,199553,5.3139267,E,S,EWS,B.Tech,2025,4
'05004,"Government College of Engineering, Jalgaon",'0500461210,Mechanical Engineering,Government Autonomous,Unknown,PWDOPENS,81227,74.6802716,P,S,PWD,B.Tech,2025,4
'05004,"Government College of Engineering, Jalgaon",'0500461210,Mechanical Engineering,Government Autonomous,Unknown,ORPHAN,82254,74.0094972,O,N,ORPHAN,B.Tech,2025,4
'05103,"Shri Shivaji Vidya Prasarak Sanstha's Late Bapusaheb Shivaji Rao Deore College of Engineering,Dhule",'0510319110,Civil Engineering,"Un-Aided Home University : Kavayitri Bahinabai Chaudhari North Maharashtra University, Jalgaon","Kavayitri Bahinabai Chaudhari North Maharashtra University, Jalgaon",LSCO,188323,16.1743072,L,O,SC,B.Tech,2025,4
'05103,"Shri Shivaji Vidya Prasarak Sanstha's Late Bapusaheb Shivaji Rao Deore College of Engineering,Dhule",'0510324510,Computer Engineering,"Un-Aided Home University : Kavayitri Bahinabai Chaudhari North Maharashtra University, Jalgaon","Kavayitri Bahinabai Chaudhari North Maharashtra University, Jalgaon",DEFOBCS,116031,60.4378874,D,S,OBC,B.Tech,2025,4
'05103,"Shri Shivaji Vidya Prasarak Sanstha's Late Bapusaheb Shivaji Rao Deore College of Engineering,Dhule",'0510337210,Electronics and Telecommunication Engg,"Un-Aided Home University : Kavayitri Bahinabai Chaudhari North Maharashtra University, Jalgaon","Kavayitri Bahinabai Chaudhari North Maharashtra University, Jalgaon",LSCH,174727,26.7336064,L,H,SC,B.Tech,2025,4
'05103,"Shri Shivaji Vidya Prasarak Sanstha's Late Bapusaheb Shivaji Rao Deore College of Engineering,Dhule",'0510337210,Electronics and Telecommunication Engg,"Un-Aided Home University : Kavayitri Bahinabai Chaudhari North Maharashtra University, Jalgaon","Kavayitri Bahinabai Chaudhari North Maharashtra University, Jalgaon",GSTH,120940,58.4401523,G,H,ST,B.Tech,2025,4
'05103,"Shri Shivaji Vidya Prasarak Sanstha's Late Bapusaheb Shivaji Rao Deore College of Engineering,Dhule",'0510337610,Electronics Engineering,"Un-Aided Home University : Kavayitri Bahinabai Chaudhari North Maharashtra University, Jalgaon","Kavayitri Bahinabai Chaudhari North Maharashtra University, Jalgaon",GOPENO,185906,18.4184219,G,O,OPEN,B.Tech,2025,4
'05103,"Shri Shivaji Vidya Prasarak Sanstha's Late Bapusaheb Shivaji Rao Deore College of Engineering,Dhule",'0510337610,Electronics Engineering,"Un-Aided Home University : Kavayitri Bahinabai Chaudhari North Maharashtra University, Jalgaon","Kavayitri Bahinabai Chaudhari North Maharashtra University, Jalgaon",GOBCO,186601,17.7120141,G,O,OBC,B.Tech,2025,4
'05103,"Shri Shivaji Vidya Prasarak Sanstha's Late Bapusaheb Shivaji Rao Deore College of Engineering,Dhule",'0510361210,Mechanical Engineering,"Un-Aided Home University : Kavayitri Bahinabai Chaudhari North Maharashtra University, Jalgaon","Kavayitri Bahinabai Chaudhari North Maharashtra University, Jalgaon",GOPENH,168083,32.0884521,G,H,OPEN,B.Tech,2025,4
'05103,"Shri Shivaji Vidya Prasarak Sanstha's Late Bapusaheb Shivaji Rao Deore College of Engineering,Dhule",'0510361210,Mechanical Engineering,"Un-Aided Home University : Kavayitri Bahinabai Chaudhari North Maharashtra University, Jalgaon","Kavayitri Bahinabai Chaudhari North Maharashtra University, Jalgaon",GOBCH,176000,25.7272727,G,H,OBC,B.Tech,2025,4
'05103,"Shri Shivaji Vidya Prasarak Sanstha's Late Bapusaheb Shivaji Rao Deore College of Engineering,Dhule",'0510361210,Mechanical Engineering,"Un-Aided Home University : Kavayitri Bahinabai Chaudhari North Maharashtra University, Jalgaon","Kavayitri Bahinabai Chaudhari North Maharashtra University, Jalgaon",GSCH,178248,24.7167509,G,H,SC,B.Tech,2025,4
'05103,"Shri Shivaji Vidya Prasarak Sanstha's Late Bapusaheb Shivaji Rao Deore College of Engineering,Dhule",'0510361210,Mechanical Engineering,"Un-Aided Home University : Kavayitri Bahinabai Chaudhari North Maharashtra University, Jalgaon","Kavayitri Bahinabai Chaudhari North Maharashtra University, Jalgaon",GSEBCH,176487,25.5643537,G,H,SEBC,B.Tech,2025,4
'05103,"Shri Shivaji Vidya Prasarak Sanstha's Late Bapusaheb Shivaji Rao Deore College of Engineering,Dhule",'0510361210,Mechanical Engineering,"Un-Aided Home University : Kavayitri Bahinabai Chaudhari North Maharashtra University, Jalgaon","Kavayitri Bahinabai Chaudhari North Maharashtra University, Jalgaon",LSTH,182360,21.5408750,L,H,ST,B.Tech,2025,4
'05103,"Shri Shivaji Vidya Prasarak Sanstha's Late Bapusaheb Shivaji Rao Deore College of Engineering,Dhule",'0510384410,Electronics and Computer Engineering,"Un-Aided Home University : Kavayitri Bahinabai Chaudhari North Maharashtra University, Jalgaon","Kavayitri Bahinabai Chaudhari North Maharashtra University, Jalgaon",GSCO,192593,12.3781915,G,O,SC,B.Tech,2025,4
'05104,"Shramsadhana Bombay Trust, College of Engineering & Technology, Jalgaon",'0510419110,Civil Engineering,Un-Aided,Unknown,GOPENH,113247,61.7969670,G,H,OPEN,B.Tech,2025,4
'05104,"Shramsadhana Bombay Trust, College of Engineering & Technology, Jalgaon",'0510419110,Civil Engineering,Un-Aided,Unknown,GSTH,135140,51.1762787,G,H,ST,B.Tech,2025,4
'05104,"Shramsadhana Bombay Trust, College of Engineering & Technology, Jalgaon",'0510424510,Computer Engineering,Un-Aided,Unknown,GOPENO,145425,45.9816283,G,O,OPEN,B.Tech,2025,4
'05104,"Shramsadhana Bombay Trust, College of Engineering & Technology, Jalgaon",'0510429310,Electrical Engineering,Un-Aided,Unknown,GOPENH,123996,57.0133407,G,H,OPEN,B.Tech,2025,4
'05104,"Shramsadhana Bombay Trust, College of Engineering & Technology, Jalgaon",'0510429310,Electrical Engineering,Un-Aided,Unknown,GVJH,142451,47.3563218,G,H,VJ,B.Tech,2025,4
'05104,"Shramsadhana Bombay Trust, College of Engineering & Technology, Jalgaon",'0510429310,Electrical Engineering,Un-Aided,Unknown,LSEBCH,126866,55.4922986,L,H,SEBC,B.Tech,2025,4
'05104,"Shramsadhana Bombay Trust, College of Engineering & Technology, Jalgaon",'0510437210,Electronics and Telecommunication Engg,Un-Aided,Unknown,GOPENH,95052,69.3295893,G,H,OPEN,B.Tech,2025,4
'05104,"Shramsadhana Bombay Trust, College of Engineering & Technology, Jalgaon",'0510437210,Electronics and Telecommunication Engg,Un-Aided,Unknown,LSTH,111468,62.8632493,L,H,ST,B.Tech,2025,4
'05104,"Shramsadhana Bombay Trust, College of Engineering & Technology, Jalgaon",'0510450710,Chemical Engineering,Un-Aided,Unknown,GOPENO,93663,69.8941051,G,O,OPEN,B.Tech,2025,4
'05104,"Shramsadhana Bombay Trust, College of Engineering & Technology, Jalgaon",'0510450710,Chemical Engineering,Un-Aided,Unknown,GSCO,190513,14.0716041,G,O,SC,B.Tech,2025,4
'05104,"Shramsadhana Bombay Trust, College of Engineering & Technology, Jalgaon",'0510461210,Mechanical Engineering,Un-Aided,Unknown,GNT2H,156930,39.3601986,G,H,NT2,B.Tech,2025,4
'05104,"Shramsadhana Bombay Trust, College of Engineering & Technology, Jalgaon",'0510461210,Mechanical Engineering,Un-Aided,Unknown,GOBCH,121916,57.8195751,G,H,OBC,B.Tech,2025,4
'05104,"Shramsadhana Bombay Trust, College of Engineering & Technology, Jalgaon",'0510461210,Mechanical Engineering,Un-Aided,Unknown,LOBCH,161791,35.9909439,L,H,OBC,B.Tech,2025,4
'05104,"Shramsadhana Bombay Trust, College of Engineering & Technology, Jalgaon",'0510461210,Mechanical Engineering,Un-Aided,Unknown,GSEBCH,146900,45.2322221,G,H,SEBC,B.Tech,2025,4
'05106,"Khandesh College Education Society's College Of Engineering And Management, Jalgaon",'0510624510,Computer Engineering,Un-Aided Autonomous Home University : Autonomous Institute,Autonomous Institute,GOPENS,129855,54.0903901,G,S,OPEN,B.Tech,2025,4
'05106,"Khandesh College Education Society's College Of Engineering And Management, Jalgaon",'0510624510,Computer Engineering,Un-Aided Autonomous Home University : Autonomous Institute,Autonomous Institute,GSCS,148011,43.9154166,G,S,SC,B.Tech,2025,4
'05106,"Khandesh College Education Society's College Of Engineering And Management, Jalgaon",'0510624510,Computer Engineering,Un-Aided Autonomous Home University : Autonomous Institute,Autonomous Institute,LOPENS,114723,60.9090909,L,S,OPEN,B.Tech,2025,4
'05106,"Khandesh College Education Society's College Of Engineering And Management, Jalgaon",'0510624510,Computer Engineering,Un-Aided Autonomous Home University : Autonomous Institute,Autonomous Institute,LOBCS,130191,53.7591782,L,S,OBC,B.Tech,2025,4
'05106,"Khandesh College Education Society's College Of Engineering And Management, Jalgaon",'0510624510,Computer Engineering,Un-Aided Autonomous Home University : Autonomous Institute,Autonomous Institute,DEFOPENS,191627,13.2717448,D,S,OPEN,B.Tech,2025,4
'05106,"Khandesh College Education Society's College Of Engineering And Management, Jalgaon",'0510624510,Computer Engineering,Un-Aided Autonomous Home University : Autonomous Institute,Autonomous Institute,PWDOBCS,126684,55.4922986,P,S,PWD,B.Tech,2025,4
'05106,"Khandesh College Education Society's College Of Engineering And Management, Jalgaon",'0510624510,Computer Engineering,Un-Aided Autonomous Home University : Autonomous Institute,Autonomous Institute,GSTS,137703,50.3223138,G,S,ST,B.Tech,2025,4
'05106,"Khandesh College Education Society's College Of Engineering And Management, Jalgaon",'0510624510,Computer Engineering,Un-Aided Autonomous Home University : Autonomous Institute,Autonomous Institute,LSTS,19431,94.3738279,L,S,ST,B.Tech,2025,4
'05106,"Khandesh College Education Society's College Of Engineering And Management, Jalgaon",'0510624510,Computer Engineering,Un-Aided Autonomous Home University : Autonomous Institute,Autonomous Institute,LSEBCS,108324,63.8244514,L,S,SEBC,B.Tech,2025,4
'05106,"Khandesh College Education Society's College Of Engineering And Management, Jalgaon",'0510624510,Computer Engineering,Un-Aided Autonomous Home University : Autonomous Institute,Autonomous Institute,DEFSEBCS,113006,62.0615406,D,S,SEBC,B.Tech,2025,4
'05106,"Khandesh College Education Society's College Of Engineering And Management, Jalgaon",'0510629310,Electrical Engineering,Un-Aided Autonomous Home University : Autonomous Institute,Autonomous Institute,GOPENS,160349,36.2260120,G,S,OPEN,B.Tech,2025,4
'05106,"Khandesh College Education Society's College Of Engineering And Management, Jalgaon",'0510629310,Electrical Engineering,Un-Aided Autonomous Home University : Autonomous Institute,Autonomous Institute,LOPENS,158238,38.7925588,L,S,OPEN,B.Tech,2025,4
'05106,"Khandesh College Education Society's College Of Engineering And Management, Jalgaon",'0510629310,Electrical Engineering,Un-Aided Autonomous Home University : Autonomous Institute,Autonomous Institute,LOBCS,168378,32.0884521,L,S,OBC,B.Tech,2025,4
'05106,"Khandesh College Education Society's College Of Engineering And Management, Jalgaon",'0510629310,Electrical Engineering,Un-Aided Autonomous Home University : Autonomous Institute,Autonomous Institute,GNT3S,165030,33.4650350,G,S,NT3,B.Tech,2025,4
'05106,"Khandesh College Education Society's College Of Engineering And Management, Jalgaon",'0510661210,Mechanical Engineering,Un-Aided Autonomous Home University : Autonomous Institute,Autonomous Institute,GOBCS,179826,22.8933117,G,S,OBC,B.Tech,2025,4
'05106,"Khandesh College Education Society's College Of Engineering And Management, Jalgaon",'0510661210,Mechanical Engineering,Un-Aided Autonomous Home University : Autonomous Institute,Autonomous Institute,GSTS,186016,18.4184219,G,S,ST,B.Tech,2025,4
'05106,"Khandesh College Education Society's College Of Engineering And Management, Jalgaon",'0510684410,Electronics and Computer Engineering,Un-Aided Autonomous Home University : Autonomous Institute,Autonomous Institute,GOPENS,152783,41.7471281,G,S,OPEN,B.Tech,2025,4
'05106,"Khandesh College Education Society's College Of Engineering And Management, Jalgaon",'0510684410,Electronics and Computer Engineering,Un-Aided Autonomous Home University : Autonomous Institute,Autonomous Institute,ORPHAN,156895,39.3601986,O,N,ORPHAN,B.Tech,2025,4
'05106,"Khandesh College Education Society's College Of Engineering And Management, Jalgaon",'0510691210,Computer Science and Engineering(Data Science),Un-Aided Autonomous Home University : Autonomous Institute,Autonomous Institute,LOBCS,152470,42.2674623,L,S,OBC,B.Tech,2025,4
'05106,"Khandesh College Education Society's College Of Engineering And Management, Jalgaon",'0510691210,Computer Science and Engineering(Data Science),Un-Aided Autonomous Home University : Autonomous Institute,Autonomous Institute,DEFOPENS,139406,49.3416227,D,S,OPEN,B.Tech,2025,4
'05106,"Khandesh College Education Society's College Of Engineering And Management, Jalgaon",'0510691210,Computer Science and Engineering(Data Science),Un-Aided Autonomous Home University : Autonomous Institute,Autonomous Institute,GSCS,142528,47.3563218,G,S,SC,B.Tech,2025,4
'05106,"Khandesh College Education Society's College Of Engineering And Management, Jalgaon",'0510691210,Computer Science and Engineering(Data Science),Un-Aided Autonomous Home University : Autonomous Institute,Autonomous Institute,LSCS,125483,56.2929777,L,S,SC,B.Tech,2025,4
'05108,"Maratha Vidya Prasarak Samaj's Karmaveer Adv. Baburao Ganpatrao Thakare College Of Engineering, Nashik",'0510819110,Civil Engineering,Un-Aided Autonomous,Unknown,GOPENS,67689,79.4832155,G,S,OPEN,B.Tech,2025,4
'05108,"Maratha Vidya Prasarak Samaj's Karmaveer Adv. Baburao Ganpatrao Thakare College Of Engineering, Nashik",'0510819110,Civil Engineering,Un-Aided Autonomous,Unknown,GOBCS,73154,77.1631566,G,S,OBC,B.Tech,2025,4
'05108,"Maratha Vidya Prasarak Samaj's Karmaveer Adv. Baburao Ganpatrao Thakare College Of Engineering, Nashik",'0510824510,Computer Engineering,Un-Aided Autonomous,Unknown,GSCS,60022,81.8021201,G,S,SC,B.Tech,2025,4
'05108,"Maratha Vidya Prasarak Samaj's Karmaveer Adv. Baburao Ganpatrao Thakare College Of Engineering, Nashik",'0510824510,Computer Engineering,Un-Aided Autonomous,Unknown,GOBCS,28998,91.5026371,G,S,OBC,B.Tech,2025,4
'05108,"Maratha Vidya Prasarak Samaj's Karmaveer Adv. Baburao Ganpatrao Thakare College Of Engineering, Nashik",'0510824510,Computer Engineering,Un-Aided Autonomous,Unknown,GSEBCS,48410,85.5729148,G,S,SEBC,B.Tech,2025,4
'05108,"Maratha Vidya Prasarak Samaj's Karmaveer Adv. Baburao Ganpatrao Thakare College Of Engineering, Nashik",'0510824510,Computer Engineering,Un-Aided Autonomous,Unknown,LSEBCS,57331,82.8332926,L,S,SEBC,B.Tech,2025,4
'05108,"Maratha Vidya Prasarak Samaj's Karmaveer Adv. Baburao Ganpatrao Thakare College Of Engineering, Nashik",'0510824510,Computer Engineering,Un-Aided Autonomous,Unknown,TFWS,22416,93.5154990,T,S,TFWS,B.Tech,2025,4
'05108,"Maratha Vidya Prasarak Samaj's Karmaveer Adv. Baburao Ganpatrao Thakare College Of Engineering, Nashik",'0510824510,Computer Engineering,Un-Aided Autonomous,Unknown,EWS,63519,80.7807182,E,S,EWS,B.Tech,2025,4
'05108,"Maratha Vidya Prasarak Samaj's Karmaveer Adv. Baburao Ganpatrao Thakare College Of Engineering, Nashik",'0510824610,Information Technology,Un-Aided Autonomous,Unknown,GOPENS,26780,92.2299976,G,S,OPEN,B.Tech,2025,4
'05108,"Maratha Vidya Prasarak Samaj's Karmaveer Adv. Baburao Ganpatrao Thakare College Of Engineering, Nashik",'0510824610,Information Technology,Un-Aided Autonomous,Unknown,GSCS,87842,72.1028020,G,S,SC,B.Tech,2025,4
'05108,"Maratha Vidya Prasarak Samaj's Karmaveer Adv. Baburao Ganpatrao Thakare College Of Engineering, Nashik",'0510824610,Information Technology,Un-Aided Autonomous,Unknown,GOBCS,29648,91.3084967,G,S,OBC,B.Tech,2025,4
'05108,"Maratha Vidya Prasarak Samaj's Karmaveer Adv. Baburao Ganpatrao Thakare College Of Engineering, Nashik",'0510824610,Information Technology,Un-Aided Autonomous,Unknown,GSEBCS,60767,81.6328671,G,S,SEBC,B.Tech,2025,4
'05108,"Maratha Vidya Prasarak Samaj's Karmaveer Adv. Baburao Ganpatrao Thakare College Of Engineering, Nashik",'0510824610,Information Technology,Un-Aided Autonomous,Unknown,LSEBCS,65247,79.9894700,L,S,SEBC,B.Tech,2025,4
'05108,"Maratha Vidya Prasarak Samaj's Karmaveer Adv. Baburao Ganpatrao Thakare College Of Engineering, Nashik",'0510824610,Information Technology,Un-Aided Autonomous,Unknown,PWDSCS,87174,72.3760958,P,S,PWD,B.Tech,2025,4
'05108,"Maratha Vidya Prasarak Samaj's Karmaveer Adv. Baburao Ganpatrao Thakare College Of Engineering, Nashik",'0510826310,Artificial Intelligence (AI) and Data Science,Un-Aided Autonomous,Unknown,GVJS,73964,77.0149774,G,S,VJ,B.Tech,2025,4
'05108,"Maratha Vidya Prasarak Samaj's Karmaveer Adv. Baburao Ganpatrao Thakare College Of Engineering, Nashik",'0510826310,Artificial Intelligence (AI) and Data Science,Un-Aided Autonomous,Unknown,LOPENS,34099,89.9884696,L,S,OPEN,B.Tech,2025,4
'05108,"Maratha Vidya Prasarak Samaj's Karmaveer Adv. Baburao Ganpatrao Thakare College Of Engineering, Nashik",'0510826310,Artificial Intelligence (AI) and Data Science,Un-Aided Autonomous,Unknown,LSCS,94163,69.8498837,L,S,SC,B.Tech,2025,4
'05108,"Maratha Vidya Prasarak Samaj's Karmaveer Adv. Baburao Ganpatrao Thakare College Of Engineering, Nashik",'0510826310,Artificial Intelligence (AI) and Data Science,Un-Aided Autonomous,Unknown,LSEBCS,61239,81.3270637,L,S,SEBC,B.Tech,2025,4
'05108,"Maratha Vidya Prasarak Samaj's Karmaveer Adv. Baburao Ganpatrao Thakare College Of Engineering, Nashik",'0510826310,Artificial Intelligence (AI) and Data Science,Un-Aided Autonomous,Unknown,EWS,58745,82.2162613,E,S,EWS,B.Tech,2025,4
'05108,"Maratha Vidya Prasarak Samaj's Karmaveer Adv. Baburao Ganpatrao Thakare College Of Engineering, Nashik",'0510829310,Electrical Engineering,Un-Aided Autonomous,Unknown,GNT3S,70060,78.5512207,G,S,NT3,B.Tech,2025,4
'05108,"Maratha Vidya Prasarak Samaj's Karmaveer Adv. Baburao Ganpatrao Thakare College Of Engineering, Nashik",'0510837210,Electronics and Telecommunication Engg,Un-Aided Autonomous,Unknown,GOPENS,31902,90.6536517,G,S,OPEN,B.Tech,2025,4
'05108,"Maratha Vidya Prasarak Samaj's Karmaveer Adv. Baburao Ganpatrao Thakare College Of Engineering, Nashik",'0510837210,Electronics and Telecommunication Engg,Un-Aided Autonomous,Unknown,EWS,160074,36.5248856,E,S,EWS,B.Tech,2025,4
'05108,"Maratha Vidya Prasarak Samaj's Karmaveer Adv. Baburao Ganpatrao Thakare College Of Engineering, Nashik",'0510837210,Electronics and Telecommunication Engg,Un-Aided Autonomous,Unknown,DEFSCS,98202,68.2382408,D,S,SC,B.Tech,2025,4
'05108,"Maratha Vidya Prasarak Samaj's Karmaveer Adv. Baburao Ganpatrao Thakare College Of Engineering, Nashik",'0510837210,Electronics and Telecommunication Engg,Un-Aided Autonomous,Unknown,DEFSEBCS,63953,80.6021790,D,S,SEBC,B.Tech,2025,4
'05108,"Maratha Vidya Prasarak Samaj's Karmaveer Adv. Baburao Ganpatrao Thakare College Of Engineering, Nashik",'0510846410,Instrumentation and Control Engineering,Un-Aided Autonomous,Unknown,GOPENS,67568,79.4832155,G,S,OPEN,B.Tech,2025,4
'05108,"Maratha Vidya Prasarak Samaj's Karmaveer Adv. Baburao Ganpatrao Thakare College Of Engineering, Nashik",'0510846410,Instrumentation and Control Engineering,Un-Aided Autonomous,Unknown,GNT2S,115371,60.8775137,G,S,NT2,B.Tech,2025,4
'05108,"Maratha Vidya Prasarak Samaj's Karmaveer Adv. Baburao Ganpatrao Thakare College Of Engineering, Nashik",'0510846410,Instrumentation and Control Engineering,Un-Aided Autonomous,Unknown,LOPENS,59600,81.9705913,L,S,OPEN,B.Tech,2025,4
'05108,"Maratha Vidya Prasarak Samaj's Karmaveer Adv. Baburao Ganpatrao Thakare College Of Engineering, Nashik",'0510846410,Instrumentation and Control Engineering,Un-Aided Autonomous,Unknown,LSTS,60641,81.6453226,L,S,ST,B.Tech,2025,4
'05108,"Maratha Vidya Prasarak Samaj's Karmaveer Adv. Baburao Ganpatrao Thakare College Of Engineering, Nashik",'0510861210,Mechanical Engineering,Un-Aided Autonomous,Unknown,GSCS,120165,58.6907687,G,S,SC,B.Tech,2025,4
'05108,"Maratha Vidya Prasarak Samaj's Karmaveer Adv. Baburao Ganpatrao Thakare College Of Engineering, Nashik",'0510861210,Mechanical Engineering,Un-Aided Autonomous,Unknown,GOBCS,56414,82.9717485,G,S,OBC,B.Tech,2025,4
'05108,"Maratha Vidya Prasarak Samaj's Karmaveer Adv. Baburao Ganpatrao Thakare College Of Engineering, Nashik",'0510861210,Mechanical Engineering,Un-Aided Autonomous,Unknown,LOPENS,64247,80.4732503,L,S,OPEN,B.Tech,2025,4
'05108,"Maratha Vidya Prasarak Samaj's Karmaveer Adv. Baburao Ganpatrao Thakare College Of Engineering, Nashik",'0510861210,Mechanical Engineering,Un-Aided Autonomous,Unknown,LSTS,30454,91.0675835,L,S,ST,B.Tech,2025,4
'05108,"Maratha Vidya Prasarak Samaj's Karmaveer Adv. Baburao Ganpatrao Thakare College Of Engineering, Nashik",'0510891610,Automation and Robotics,Un-Aided Autonomous,Unknown,GOPENS,46918,85.9646097,G,S,OPEN,B.Tech,2025,4
'05108,"Maratha Vidya Prasarak Samaj's Karmaveer Adv. Baburao Ganpatrao Thakare College Of Engineering, Nashik",'0510891610,Automation and Robotics,Un-Aided Autonomous,Unknown,GSEBCS,99940,67.8210479,G,S,SEBC,B.Tech,2025,4
'05108,"Maratha Vidya Prasarak Samaj's Karmaveer Adv. Baburao Ganpatrao Thakare College Of Engineering, Nashik",'0510891610,Automation and Robotics,Un-Aided Autonomous,Unknown,LOBCS,58370,82.3736697,L,S,OBC,B.Tech,2025,4
'05109,"Sandip Foundation, Sandip Institute of Technology and Research Centre, Mahiravani, Nashik",'0510919110,Civil Engineering,Un-Aided Autonomous,Unknown,GOPENS,107752,64.2631037,G,S,OPEN,B.Tech,2025,4
'05109,"Sandip Foundation, Sandip Institute of Technology and Research Centre, Mahiravani, Nashik",'0510919110,Civil Engineering,Un-Aided Autonomous,Unknown,GSCS,158726,38.2479385,G,S,SC,B.Tech,2025,4
'05109,"Sandip Foundation, Sandip Institute of Technology and Research Centre, Mahiravani, Nashik",'0510919110,Civil Engineering,Un-Aided Autonomous,Unknown,GVJS,171612,29.0442453,G,S,VJ,B.Tech,2025,4
'05109,"Sandip Foundation, Sandip Institute of Technology and Research Centre, Mahiravani, Nashik",'0510919110,Civil Engineering,Un-Aided Autonomous,Unknown,GOBCS,117253,60.2517483,G,S,OBC,B.Tech,2025,4
'05109,"Sandip Foundation, Sandip Institute of Technology and Research Centre, Mahiravani, Nashik",'0510919110,Civil Engineering,Un-Aided Autonomous,Unknown,GSEBCS,147790,44.2599775,G,S,SEBC,B.Tech,2025,4
'05109,"Sandip Foundation, Sandip Institute of Technology and Research Centre, Mahiravani, Nashik",'0510919110,Civil Engineering,Un-Aided Autonomous,Unknown,LOPENS,108576,63.6512871,L,S,OPEN,B.Tech,2025,4
'05109,"Sandip Foundation, Sandip Institute of Technology and Research Centre, Mahiravani, Nashik",'0510924510,Computer Engineering,Un-Aided Autonomous,Unknown,GOPENS,52707,84.1437716,G,S,OPEN,B.Tech,2025,4
'05109,"Sandip Foundation, Sandip Institute of Technology and Research Centre, Mahiravani, Nashik",'0510924510,Computer Engineering,Un-Aided Autonomous,Unknown,GOBCS,62107,81.1324174,G,S,OBC,B.Tech,2025,4
'05109,"Sandip Foundation, Sandip Institute of Technology and Research Centre, Mahiravani, Nashik",'0510924510,Computer Engineering,Un-Aided Autonomous,Unknown,GSEBCS,72462,77.9513058,G,S,SEBC,B.Tech,2025,4
'05109,"Sandip Foundation, Sandip Institute of Technology and Research Centre, Mahiravani, Nashik",'0510924510,Computer Engineering,Un-Aided Autonomous,Unknown,LOPENS,27655,91.8738016,L,S,OPEN,B.Tech,2025,4
'05109,"Sandip Foundation, Sandip Institute of Technology and Research Centre, Mahiravani, Nashik",'0510924510,Computer Engineering,Un-Aided Autonomous,Unknown,LNT2S,87292,72.1363369,L,S,NT2,B.Tech,2025,4
'05109,"Sandip Foundation, Sandip Institute of Technology and Research Centre, Mahiravani, Nashik",'0510924510,Computer Engineering,Un-Aided Autonomous,Unknown,DEFOPENS,129685,54.1537389,D,S,OPEN,B.Tech,2025,4
'05109,"Sandip Foundation, Sandip Institute of Technology and Research Centre, Mahiravani, Nashik",'0510924510,Computer Engineering,Un-Aided Autonomous,Unknown,TFWS,35274,89.6391842,T,S,TFWS,B.Tech,2025,4
'05109,"Sandip Foundation, Sandip Institute of Technology and Research Centre, Mahiravani, Nashik",'0510924510,Computer Engineering,Un-Aided Autonomous,Unknown,EWS,159369,37.6293706,E,S,EWS,B.Tech,2025,4
'05109,"Sandip Foundation, Sandip Institute of Technology and Research Centre, Mahiravani, Nashik",'0510924510,Computer Engineering,Un-Aided Autonomous,Unknown,ORPHAN,54305,83.7239356,O,N,ORPHAN,B.Tech,2025,4
'05109,"Sandip Foundation, Sandip Institute of Technology and Research Centre, Mahiravani, Nashik",'0510924610,Information Technology,Un-Aided Autonomous,Unknown,GOPENS,67364,79.6033896,G,S,OPEN,B.Tech,2025,4
'05109,"Sandip Foundation, Sandip Institute of Technology and Research Centre, Mahiravani, Nashik",'0510924610,Information Technology,Un-Aided Autonomous,Unknown,LOPENS,61475,81.2846613,L,S,OPEN,B.Tech,2025,4
'05109,"Sandip Foundation, Sandip Institute of Technology and Research Centre, Mahiravani, Nashik",'0510924610,Information Technology,Un-Aided Autonomous,Unknown,DEFOPENS,111131,62.9184580,D,S,OPEN,B.Tech,2025,4
'05109,"Sandip Foundation, Sandip Institute of Technology and Research Centre, Mahiravani, Nashik",'0510924610,Information Technology,Un-Aided Autonomous,Unknown,EWS,166004,32.5553935,E,S,EWS,B.Tech,2025,4
'05109,"Sandip Foundation, Sandip Institute of Technology and Research Centre, Mahiravani, Nashik",'0510929310,Electrical Engineering,Un-Aided Autonomous,Unknown,GOPENS,104774,65.6307130,G,S,OPEN,B.Tech,2025,4
'05109,"Sandip Foundation, Sandip Institute of Technology and Research Centre, Mahiravani, Nashik",'0510929310,Electrical Engineering,Un-Aided Autonomous,Unknown,GOBCS,108457,63.6512871,G,S,OBC,B.Tech,2025,4
'05109,"Sandip Foundation, Sandip Institute of Technology and Research Centre, Mahiravani, Nashik",'0510929310,Electrical Engineering,Un-Aided Autonomous,Unknown,LOPENS,89708,71.5562808,L,S,OPEN,B.Tech,2025,4
'05109,"Sandip Foundation, Sandip Institute of Technology and Research Centre, Mahiravani, Nashik",'0510929310,Electrical Engineering,Un-Aided Autonomous,Unknown,LOBCS,106468,64.7131860,L,S,OBC,B.Tech,2025,4
'05109,"Sandip Foundation, Sandip Institute of Technology and Research Centre, Mahiravani, Nashik",'0510929310,Electrical Engineering,Un-Aided Autonomous,Unknown,PWDSCS,147782,44.2599775,P,S,PWD,B.Tech,2025,4
'05109,"Sandip Foundation, Sandip Institute of Technology and Research Centre, Mahiravani, Nashik",'0510929310,Electrical Engineering,Un-Aided Autonomous,Unknown,PWDOBCS,107607,64.2631037,P,S,PWD,B.Tech,2025,4
'05109,"Sandip Foundation, Sandip Institute of Technology and Research Centre, Mahiravani, Nashik",'0510937210,Electronics and Telecommunication Engg,Un-Aided Autonomous,Unknown,GOPENS,83642,73.6328536,G,S,OPEN,B.Tech,2025,4
'05109,"Sandip Foundation, Sandip Institute of Technology and Research Centre, Mahiravani, Nashik",'0510937210,Electronics and Telecommunication Engg,Un-Aided Autonomous,Unknown,GSCS,104126,65.8462319,G,S,SC,B.Tech,2025,4
'05109,"Sandip Foundation, Sandip Institute of Technology and Research Centre, Mahiravani, Nashik",'0510937210,Electronics and Telecommunication Engg,Un-Aided Autonomous,Unknown,GSTS,201569,3.0685728,G,S,ST,B.Tech,2025,4
'05109,"Sandip Foundation, Sandip Institute of Technology and Research Centre, Mahiravani, Nashik",'0510937210,Electronics and Telecommunication Engg,Un-Aided Autonomous,Unknown,GNT3S,98444,68.2382408,G,S,NT3,B.Tech,2025,4
'05109,"Sandip Foundation, Sandip Institute of Technology and Research Centre, Mahiravani, Nashik",'0510937210,Electronics and Telecommunication Engg,Un-Aided Autonomous,Unknown,GSEBCS,93491,70.2033567,G,S,SEBC,B.Tech,2025,4
'05109,"Sandip Foundation, Sandip Institute of Technology and Research Centre, Mahiravani, Nashik",'0510937210,Electronics and Telecommunication Engg,Un-Aided Autonomous,Unknown,LOPENS,82614,73.8000589,L,S,OPEN,B.Tech,2025,4
'05109,"Sandip Foundation, Sandip Institute of Technology and Research Centre, Mahiravani, Nashik",'0510937210,Electronics and Telecommunication Engg,Un-Aided Autonomous,Unknown,LNT1S,167441,32.1650475,L,S,NT1,B.Tech,2025,4
'05109,"Sandip Foundation, Sandip Institute of Technology and Research Centre, Mahiravani, Nashik",'0510937210,Electronics and Telecommunication Engg,Un-Aided Autonomous,Unknown,PWDOPENS,78470,75.4880541,P,S,PWD,B.Tech,2025,4
'05109,"Sandip Foundation, Sandip Institute of Technology and Research Centre, Mahiravani, Nashik",'0510956610,Computer Science,Un-Aided Autonomous,Unknown,GOPENS,59082,82.1358690,G,S,OPEN,B.Tech,2025,4
'05109,"Sandip Foundation, Sandip Institute of Technology and Research Centre, Mahiravani, Nashik",'0510956610,Computer Science,Un-Aided Autonomous,Unknown,GOBCS,61234,81.3270637,G,S,OBC,B.Tech,2025,4
'05109,"Sandip Foundation, Sandip Institute of Technology and Research Centre, Mahiravani, Nashik",'0510956610,Computer Science,Un-Aided Autonomous,Unknown,LOPENS,63082,80.9669596,L,S,OPEN,B.Tech,2025,4
'05109,"Sandip Foundation, Sandip Institute of Technology and Research Centre, Mahiravani, Nashik",'0510956610,Computer Science,Un-Aided Autonomous,Unknown,PWDOPENS,58140,82.3938224,P,S,PWD,B.Tech,2025,4
'05109,"Sandip Foundation, Sandip Institute of Technology and Research Centre, Mahiravani, Nashik",'0510961210,Mechanical Engineering,Un-Aided Autonomous,Unknown,GOPENS,114017,61.5619516,G,S,OPEN,B.Tech,2025,4
'05109,"Sandip Foundation, Sandip Institute of Technology and Research Centre, Mahiravani, Nashik",'0510961210,Mechanical Engineering,Un-Aided Autonomous,Unknown,GSEBCS,114218,61.1295449,G,S,SEBC,B.Tech,2025,4
'05109,"Sandip Foundation, Sandip Institute of Technology and Research Centre, Mahiravani, Nashik",'0510961210,Mechanical Engineering,Un-Aided Autonomous,Unknown,LOPENS,111897,62.1412608,L,S,OPEN,B.Tech,2025,4
'05109,"Sandip Foundation, Sandip Institute of Technology and Research Centre, Mahiravani, Nashik",'0510961210,Mechanical Engineering,Un-Aided Autonomous,Unknown,LSCS,170220,29.8059527,L,S,SC,B.Tech,2025,4
'05109,"Sandip Foundation, Sandip Institute of Technology and Research Centre, Mahiravani, Nashik",'0510961210,Mechanical Engineering,Un-Aided Autonomous,Unknown,DEFOPENS,113264,61.7969670,D,S,OPEN,B.Tech,2025,4
'05109,"Sandip Foundation, Sandip Institute of Technology and Research Centre, Mahiravani, Nashik",'0510991610,Automation and Robotics,Un-Aided Autonomous,Unknown,GOPENS,66571,79.7185003,G,S,OPEN,B.Tech,2025,4
'05109,"Sandip Foundation, Sandip Institute of Technology and Research Centre, Mahiravani, Nashik",'0510991610,Automation and Robotics,Un-Aided Autonomous,Unknown,GSCS,122680,57.5410529,G,S,SC,B.Tech,2025,4
'05109,"Sandip Foundation, Sandip Institute of Technology and Research Centre, Mahiravani, Nashik",'0510991610,Automation and Robotics,Un-Aided Autonomous,Unknown,GVJS,100222,67.2177090,G,S,VJ,B.Tech,2025,4
'05109,"Sandip Foundation, Sandip Institute of Technology and Research Centre, Mahiravani, Nashik",'0510991610,Automation and Robotics,Un-Aided Autonomous,Unknown,GNT2S,112848,62.0615406,G,S,NT2,B.Tech,2025,4
'05109,"Sandip Foundation, Sandip Institute of Technology and Research Centre, Mahiravani, Nashik",'0510991610,Automation and Robotics,Un-Aided Autonomous,Unknown,GOBCS,76684,76.2716859,G,S,OBC,B.Tech,2025,4
'05109,"Sandip Foundation, Sandip Institute of Technology and Research Centre, Mahiravani, Nashik",'0510991610,Automation and Robotics,Un-Aided Autonomous,Unknown,LOPENS,98617,68.1164395,L,S,OPEN,B.Tech,2025,4
'05109,"Sandip Foundation, Sandip Institute of Technology and Research Centre, Mahiravani, Nashik",'0510991610,Automation and Robotics,Un-Aided Autonomous,Unknown,LOBCS,105656,65.3084343,L,S,OBC,B.Tech,2025,4
'05109,"Sandip Foundation, Sandip Institute of Technology and Research Centre, Mahiravani, Nashik",'0510992110,Artificial Intelligence and Machine Learning,Un-Aided Autonomous,Unknown,GOPENS,66621,79.7185003,G,S,OPEN,B.Tech,2025,4
'05109,"Sandip Foundation, Sandip Institute of Technology and Research Centre, Mahiravani, Nashik",'0510992110,Artificial Intelligence and Machine Learning,Un-Aided Autonomous,Unknown,GSCS,96205,68.9620341,G,S,SC,B.Tech,2025,4
'05109,"Sandip Foundation, Sandip Institute of Technology and Research Centre, Mahiravani, Nashik",'0510992110,Artificial Intelligence and Machine Learning,Un-Aided Autonomous,Unknown,GOBCS,71571,78.2396759,G,S,OBC,B.Tech,2025,4
'05109,"Sandip Foundation, Sandip Institute of Technology and Research Centre, Mahiravani, Nashik",'0510992110,Artificial Intelligence and Machine Learning,Un-Aided Autonomous,Unknown,LOPENS,70945,78.3357644,L,S,OPEN,B.Tech,2025,4
'05109,"Sandip Foundation, Sandip Institute of Technology and Research Centre, Mahiravani, Nashik",'0510992110,Artificial Intelligence and Machine Learning,Un-Aided Autonomous,Unknown,LOBCS,71081,78.3357644,L,S,OBC,B.Tech,2025,4
'05109,"Sandip Foundation, Sandip Institute of Technology and Research Centre, Mahiravani, Nashik",'0510992110,Artificial Intelligence and Machine Learning,Un-Aided Autonomous,Unknown,LSEBCS,84130,73.5570613,L,S,SEBC,B.Tech,2025,4
'05109,"Sandip Foundation, Sandip Institute of Technology and Research Centre, Mahiravani, Nashik",'0510999510,Artificial Intelligence and Data Science,Un-Aided Autonomous,Unknown,GOPENS,60837,81.6328671,G,S,OPEN,B.Tech,2025,4
'05109,"Sandip Foundation, Sandip Institute of Technology and Research Centre, Mahiravani, Nashik",'0510999510,Artificial Intelligence and Data Science,Un-Aided Autonomous,Unknown,GVJS,80243,75.1716925,G,S,VJ,B.Tech,2025,4
'05109,"Sandip Foundation, Sandip Institute of Technology and Research Centre, Mahiravani, Nashik",'0510999510,Artificial Intelligence and Data Science,Un-Aided Autonomous,Unknown,LNT1S,169177,31.9226076,L,S,NT1,B.Tech,2025,4
'05109,"Sandip Foundation, Sandip Institute of Technology and Research Centre, Mahiravani, Nashik",'0510999510,Artificial Intelligence and Data Science,Un-Aided Autonomous,Unknown,LOBCS,61035,81.5804905,L,S,OBC,B.Tech,2025,4
'05109,"Sandip Foundation, Sandip Institute of Technology and Research Centre, Mahiravani, Nashik",'0510999510,Artificial Intelligence and Data Science,Un-Aided Autonomous,Unknown,EWS,179423,22.9939635,E,S,EWS,B.Tech,2025,4
'05109,"Sandip Foundation, Sandip Institute of Technology and Research Centre, Mahiravani, Nashik",'0510999510,Artificial Intelligence and Data Science,Un-Aided Autonomous,Unknown,PWDOPENS,51800,84.4950314,P,S,PWD,B.Tech,2025,4
'05121,"K. K. Wagh Institute of Engineering Education and Research, Nashik",'0512119110,Civil Engineering,Un-Aided Autonomous,Unknown,GOPENS,61043,81.5804905,G,S,OPEN,B.Tech,2025,4
'05121,"K. K. Wagh Institute of Engineering Education and Research, Nashik",'0512119110,Civil Engineering,Un-Aided Autonomous,Unknown,GNT2S,77015,75.8001957,G,S,NT2,B.Tech,2025,4
'05121,"K. K. Wagh Institute of Engineering Education and Research, Nashik",'0512119110,Civil Engineering,Un-Aided Autonomous,Unknown,GSEBCS,93353,70.2033567,G,S,SEBC,B.Tech,2025,4
'05121,"K. K. Wagh Institute of Engineering Education and Research, Nashik",'0512119110,Civil Engineering,Un-Aided Autonomous,Unknown,PWDOPENS,48646,85.4179037,P,S,PWD,B.Tech,2025,4
'05121,"K. K. Wagh Institute of Engineering Education and Research, Nashik",'0512119110,Civil Engineering,Un-Aided Autonomous,Unknown,ORPHAN,64260,80.4732503,O,N,ORPHAN,B.Tech,2025,4
'05121,"K. K. Wagh Institute of Engineering Education and Research, Nashik",'0512121910,Robotics and Automation,Un-Aided Autonomous,Unknown,GOPENS,38823,88.5563899,G,S,OPEN,B.Tech,2025,4
'05121,"K. K. Wagh Institute of Engineering Education and Research, Nashik",'0512121910,Robotics and Automation,Un-Aided Autonomous,Unknown,GSCS,76670,76.2716859,G,S,SC,B.Tech,2025,4
'05121,"K. K. Wagh Institute of Engineering Education and Research, Nashik",'0512121910,Robotics and Automation,Un-Aided Autonomous,Unknown,EWS,96152,69.0979021,E,S,EWS,B.Tech,2025,4
'05121,"K. K. Wagh Institute of Engineering Education and Research, Nashik",'0512121910,Robotics and Automation,Un-Aided Autonomous,Unknown,GSTS,44588,86.6827486,G,S,ST,B.Tech,2025,4
'05121,"K. K. Wagh Institute of Engineering Education and Research, Nashik",'0512124510,Computer Engineering,Un-Aided Autonomous,Unknown,GNT1S,27950,91.7968608,G,S,NT1,B.Tech,2025,4
'05121,"K. K. Wagh Institute of Engineering Education and Research, Nashik",'0512124510,Computer Engineering,Un-Aided Autonomous,Unknown,GOBCS,12745,96.3424067,G,S,OBC,B.Tech,2025,4
'05121,"K. K. Wagh Institute of Engineering Education and Research, Nashik",'0512124510,Computer Engineering,Un-Aided Autonomous,Unknown,LOBCS,17007,95.1080209,L,S,OBC,B.Tech,2025,4
'05121,"K. K. Wagh Institute of Engineering Education and Research, Nashik",'0512124510,Computer Engineering,Un-Aided Autonomous,Unknown,EWS,22959,93.3531469,E,S,EWS,B.Tech,2025,4
'05121,"K. K. Wagh Institute of Engineering Education and Research, Nashik",'0512124510,Computer Engineering,Un-Aided Autonomous,Unknown,PWDOPENS,14229,95.9261851,P,S,PWD,B.Tech,2025,4
'05121,"K. K. Wagh Institute of Engineering Education and Research, Nashik",'0512124610,Information Technology,Un-Aided Autonomous,Unknown,GOPENS,19922,94.2525900,G,S,OPEN,B.Tech,2025,4
'05121,"K. K. Wagh Institute of Engineering Education and Research, Nashik",'0512124610,Information Technology,Un-Aided Autonomous,Unknown,GOBCS,20281,94.1411405,G,S,OBC,B.Tech,2025,4
'05121,"K. K. Wagh Institute of Engineering Education and Research, Nashik",'0512124610,Information Technology,Un-Aided Autonomous,Unknown,GSEBCS,30861,90.9306237,G,S,SEBC,B.Tech,2025,4
'05121,"K. K. Wagh Institute of Engineering Education and Research, Nashik",'0512124610,Information Technology,Un-Aided Autonomous,Unknown,LOPENS,18442,94.7159159,L,S,OPEN,B.Tech,2025,4
'05121,"K. K. Wagh Institute of Engineering Education and Research, Nashik",'0512124610,Information Technology,Un-Aided Autonomous,Unknown,LSCS,54611,83.5597353,L,S,SC,B.Tech,2025,4
'05121,"K. K. Wagh Institute of Engineering Education and Research, Nashik",'0512124610,Information Technology,Un-Aided Autonomous,Unknown,EWS,39264,88.4967904,E,S,EWS,B.Tech,2025,4
'05121,"K. K. Wagh Institute of Engineering Education and Research, Nashik",'0512124610,Information Technology,Un-Aided Autonomous,Unknown,ORPHAN,20664,94.0000000,O,N,ORPHAN,B.Tech,2025,4
'05121,"K. K. Wagh Institute of Engineering Education and Research, Nashik",'0512125710,Computer Science and Design,Un-Aided Autonomous,Unknown,GOPENS,23354,93.2101568,G,S,OPEN,B.Tech,2025,4
'05121,"K. K. Wagh Institute of Engineering Education and Research, Nashik",'0512129310,Electrical Engineering,Un-Aided Autonomous,Unknown,GOPENS,28348,91.7146701,G,S,OPEN,B.Tech,2025,4
'05121,"K. K. Wagh Institute of Engineering Education and Research, Nashik",'0512129310,Electrical Engineering,Un-Aided Autonomous,Unknown,LSCS,80248,75.1716925,L,S,SC,B.Tech,2025,4
'05121,"K. K. Wagh Institute of Engineering Education and Research, Nashik",'0512129310,Electrical Engineering,Un-Aided Autonomous,Unknown,TFWS,29007,91.5026371,T,S,TFWS,B.Tech,2025,4
'05121,"K. K. Wagh Institute of Engineering Education and Research, Nashik",'0512137210,Electronics and Telecommunication Engg,Un-Aided Autonomous,Unknown,GOPENS,26149,92.3780367,G,S,OPEN,B.Tech,2025,4
'05121,"K. K. Wagh Institute of Engineering Education and Research, Nashik",'0512137210,Electronics and Telecommunication Engg,Un-Aided Autonomous,Unknown,GSCS,56716,82.8811189,G,S,SC,B.Tech,2025,4
'05121,"K. K. Wagh Institute of Engineering Education and Research, Nashik",'0512137210,Electronics and Telecommunication Engg,Un-Aided Autonomous,Unknown,GSTS,167214,32.3446384,G,S,ST,B.Tech,2025,4
'05121,"K. K. Wagh Institute of Engineering Education and Research, Nashik",'0512137210,Electronics and Telecommunication Engg,Un-Aided Autonomous,Unknown,GVJS,39553,88.2544975,G,S,VJ,B.Tech,2025,4
'05121,"K. K. Wagh Institute of Engineering Education and Research, Nashik",'0512137210,Electronics and Telecommunication Engg,Un-Aided Autonomous,Unknown,GNT2S,39803,88.1880330,G,S,NT2,B.Tech,2025,4
'05121,"K. K. Wagh Institute of Engineering Education and Research, Nashik",'0512137210,Electronics and Telecommunication Engg,Un-Aided Autonomous,Unknown,GOBCS,28200,91.7377622,G,S,OBC,B.Tech,2025,4
'05121,"K. K. Wagh Institute of Engineering Education and Research, Nashik",'0512137210,Electronics and Telecommunication Engg,Un-Aided Autonomous,Unknown,LOPENS,25723,92.4545035,L,S,OPEN,B.Tech,2025,4
'05121,"K. K. Wagh Institute of Engineering Education and Research, Nashik",'0512137210,Electronics and Telecommunication Engg,Un-Aided Autonomous,Unknown,LOBCS,27175,92.0411007,L,S,OBC,B.Tech,2025,4
'05121,"K. K. Wagh Institute of Engineering Education and Research, Nashik",'0512137210,Electronics and Telecommunication Engg,Un-Aided Autonomous,Unknown,TFWS,25504,92.5540912,T,S,TFWS,B.Tech,2025,4
'05121,"K. K. Wagh Institute of Engineering Education and Research, Nashik",'0512137210,Electronics and Telecommunication Engg,Un-Aided Autonomous,Unknown,EWS,57727,82.5532062,E,S,EWS,B.Tech,2025,4
'05121,"K. K. Wagh Institute of Engineering Education and Research, Nashik",'0512137210,Electronics and Telecommunication Engg,Un-Aided Autonomous,Unknown,ORPHAN,26326,92.3341523,O,N,ORPHAN,B.Tech,2025,4
'05121,"K. K. Wagh Institute of Engineering Education and Research, Nashik",'0512150710,Chemical Engineering,Un-Aided Autonomous,Unknown,GOBCS,18551,94.6848871,G,S,OBC,B.Tech,2025,4
'05121,"K. K. Wagh Institute of Engineering Education and Research, Nashik",'0512150710,Chemical Engineering,Un-Aided Autonomous,Unknown,DEFOPENS,41866,87.5995489,D,S,OPEN,B.Tech,2025,4
'05121,"K. K. Wagh Institute of Engineering Education and Research, Nashik",'0512161210,Mechanical Engineering,Un-Aided Autonomous,Unknown,GOPENS,10870,96.8595953,G,S,OPEN,B.Tech,2025,4
'05121,"K. K. Wagh Institute of Engineering Education and Research, Nashik",'0512161210,Mechanical Engineering,Un-Aided Autonomous,Unknown,GSCS,54690,83.5597353,G,S,SC,B.Tech,2025,4
'05121,"K. K. Wagh Institute of Engineering Education and Research, Nashik",'0512161210,Mechanical Engineering,Un-Aided Autonomous,Unknown,GOBCS,44255,86.7202099,G,S,OBC,B.Tech,2025,4
'05121,"K. K. Wagh Institute of Engineering Education and Research, Nashik",'0512161210,Mechanical Engineering,Un-Aided Autonomous,Unknown,LSCS,87674,72.1028020,L,S,SC,B.Tech,2025,4
'05121,"K. K. Wagh Institute of Engineering Education and Research, Nashik",'0512161210,Mechanical Engineering,Un-Aided Autonomous,Unknown,EWS,114886,60.9090909,E,S,EWS,B.Tech,2025,4
'05121,"K. K. Wagh Institute of Engineering Education and Research, Nashik",'0512199510,Artificial Intelligence and Data Science,Un-Aided Autonomous,Unknown,GOBCS,21989,93.5907336,G,S,OBC,B.Tech,2025,4
'05121,"K. K. Wagh Institute of Engineering Education and Research, Nashik",'0512199510,Artificial Intelligence and Data Science,Un-Aided Autonomous,Unknown,LOBCS,21390,93.8434722,L,S,OBC,B.Tech,2025,4
'05124,"Jagadamba Education Soc. Nashik's S.N.D. College of Engineering & Reserch, Babulgaon",'0512419110,Civil Engineering,Un-Aided,Unknown,GOPENH,155486,39.7546871,G,H,OPEN,B.Tech,2025,4
'05124,"Jagadamba Education Soc. Nashik's S.N.D. College of Engineering & Reserch, Babulgaon",'0512419110,Civil Engineering,Un-Aided,Unknown,GSCH,165550,33.0802795,G,H,SC,B.Tech,2025,4
'05124,"Jagadamba Education Soc. Nashik's S.N.D. College of Engineering & Reserch, Babulgaon",'0512419110,Civil Engineering,Un-Aided,Unknown,GOBCH,160237,36.2260120,G,H,OBC,B.Tech,2025,4
'05124,"Jagadamba Education Soc. Nashik's S.N.D. College of Engineering & Reserch, Babulgaon",'0512419110,Civil Engineering,Un-Aided,Unknown,LOBCH,148344,43.9154166,L,H,OBC,B.Tech,2025,4
'05124,"Jagadamba Education Soc. Nashik's S.N.D. College of Engineering & Reserch, Babulgaon",'0512419110,Civil Engineering,Un-Aided,Unknown,LSTH,163310,35.5422955,L,H,ST,B.Tech,2025,4
'05124,"Jagadamba Education Soc. Nashik's S.N.D. College of Engineering & Reserch, Babulgaon",'0512419110,Civil Engineering,Un-Aided,Unknown,LNT2H,157242,39.3344201,L,H,NT2,B.Tech,2025,4
'05124,"Jagadamba Education Soc. Nashik's S.N.D. College of Engineering & Reserch, Babulgaon",'0512424510,Computer Engineering,Un-Aided,Unknown,GOPENH,99190,68.1117918,G,H,OPEN,B.Tech,2025,4
'05124,"Jagadamba Education Soc. Nashik's S.N.D. College of Engineering & Reserch, Babulgaon",'0512424510,Computer Engineering,Un-Aided,Unknown,GSCH,124623,56.6213771,G,H,SC,B.Tech,2025,4
'05124,"Jagadamba Education Soc. Nashik's S.N.D. College of Engineering & Reserch, Babulgaon",'0512424510,Computer Engineering,Un-Aided,Unknown,GSTH,103621,65.8992965,G,H,ST,B.Tech,2025,4
'05124,"Jagadamba Education Soc. Nashik's S.N.D. College of Engineering & Reserch, Babulgaon",'0512424610,Information Technology,Un-Aided,Unknown,GOPENO,111812,62.1412608,G,O,OPEN,B.Tech,2025,4
'05124,"Jagadamba Education Soc. Nashik's S.N.D. College of Engineering & Reserch, Babulgaon",'0512424610,Information Technology,Un-Aided,Unknown,GVJO,175464,25.9683560,G,O,VJ,B.Tech,2025,4
'05124,"Jagadamba Education Soc. Nashik's S.N.D. College of Engineering & Reserch, Babulgaon",'0512424610,Information Technology,Un-Aided,Unknown,GOBCO,117722,59.9607019,G,O,OBC,B.Tech,2025,4
'05124,"Jagadamba Education Soc. Nashik's S.N.D. College of Engineering & Reserch, Babulgaon",'0512424610,Information Technology,Un-Aided,Unknown,LOPENO,70009,78.5512207,L,O,OPEN,B.Tech,2025,4
'05124,"Jagadamba Education Soc. Nashik's S.N.D. College of Engineering & Reserch, Babulgaon",'0512424610,Information Technology,Un-Aided,Unknown,GSTO,123359,57.4017459,G,O,ST,B.Tech,2025,4
'05124,"Jagadamba Education Soc. Nashik's S.N.D. College of Engineering & Reserch, Babulgaon",'0512429310,Electrical Engineering,Un-Aided,Unknown,GOPENH,103969,65.8462319,G,H,OPEN,B.Tech,2025,4
'05124,"Jagadamba Education Soc. Nashik's S.N.D. College of Engineering & Reserch, Babulgaon",'0512429310,Electrical Engineering,Un-Aided,Unknown,GNT2H,118627,59.2797111,G,H,NT2,B.Tech,2025,4
'05124,"Jagadamba Education Soc. Nashik's S.N.D. College of Engineering & Reserch, Babulgaon",'0512429310,Electrical Engineering,Un-Aided,Unknown,GOBCH,148716,43.7443400,G,H,OBC,B.Tech,2025,4
'05124,"Jagadamba Education Soc. Nashik's S.N.D. College of Engineering & Reserch, Babulgaon",'0512429310,Electrical Engineering,Un-Aided,Unknown,LVJH,120112,58.8525307,L,H,VJ,B.Tech,2025,4
'05124,"Jagadamba Education Soc. Nashik's S.N.D. College of Engineering & Reserch, Babulgaon",'0512461210,Mechanical Engineering,Un-Aided,Unknown,LOBCO,151049,42.9247346,L,O,OBC,B.Tech,2025,4
'05124,"Jagadamba Education Soc. Nashik's S.N.D. College of Engineering & Reserch, Babulgaon",'0512461210,Mechanical Engineering,Un-Aided,Unknown,LSCO,152579,41.7471281,L,O,SC,B.Tech,2025,4
'05124,"Jagadamba Education Soc. Nashik's S.N.D. College of Engineering & Reserch, Babulgaon",'0512462410,Mechatronics Engineering,Un-Aided,Unknown,GOPENH,112430,62.1365556,G,H,OPEN,B.Tech,2025,4
'05124,"Jagadamba Education Soc. Nashik's S.N.D. College of Engineering & Reserch, Babulgaon",'0512462410,Mechatronics Engineering,Un-Aided,Unknown,LOPENH,125096,56.5039753,L,H,OPEN,B.Tech,2025,4
'05124,"Jagadamba Education Soc. Nashik's S.N.D. College of Engineering & Reserch, Babulgaon",'0512462410,Mechatronics Engineering,Un-Aided,Unknown,LOBCH,128631,54.5739657,L,H,OBC,B.Tech,2025,4
'05124,"Jagadamba Education Soc. Nashik's S.N.D. College of Engineering & Reserch, Babulgaon",'0512462410,Mechatronics Engineering,Un-Aided,Unknown,PWDOPENH,126658,55.4922986,P,H,PWD,B.Tech,2025,4
'05124,"Jagadamba Education Soc. Nashik's S.N.D. College of Engineering & Reserch, Babulgaon",'0512462410,Mechatronics Engineering,Un-Aided,Unknown,GNT1H,129756,54.0903901,G,H,NT1,B.Tech,2025,4
'05124,"Jagadamba Education Soc. Nashik's S.N.D. College of Engineering & Reserch, Babulgaon",'0512484410,Electronics and Computer Engineering,Un-Aided,Unknown,GOBCO,149804,43.4652257,G,O,OBC,B.Tech,2025,4
'05124,"Jagadamba Education Soc. Nashik's S.N.D. College of Engineering & Reserch, Babulgaon",'0512484410,Electronics and Computer Engineering,Un-Aided,Unknown,GVJO,151336,42.9247346,G,O,VJ,B.Tech,2025,4
'05125,"Pravara Rural Education Society's Sir Visvesvaraya Institute of Technology, Chincholi Dist. Nashik",'0512524510,Computer Engineering,Un-Aided,Unknown,GOPENH,83198,73.6345056,G,H,OPEN,B.Tech,2025,4
'05125,"Pravara Rural Education Society's Sir Visvesvaraya Institute of Technology, Chincholi Dist. Nashik",'0512524510,Computer Engineering,Un-Aided,Unknown,GSCH,191233,13.4300699,G,H,SC,B.Tech,2025,4
'05125,"Pravara Rural Education Society's Sir Visvesvaraya Institute of Technology, Chincholi Dist. Nashik",'0512524510,Computer Engineering,Un-Aided,Unknown,GNT2H,96079,69.0979021,G,H,NT2,B.Tech,2025,4
'05125,"Pravara Rural Education Society's Sir Visvesvaraya Institute of Technology, Chincholi Dist. Nashik",'0512524510,Computer Engineering,Un-Aided,Unknown,GSTH,86668,72.6730266,G,H,ST,B.Tech,2025,4
'05125,"Pravara Rural Education Society's Sir Visvesvaraya Institute of Technology, Chincholi Dist. Nashik",'0512524610,Information Technology,Un-Aided,Unknown,GOPENH,116127,60.4378874,G,H,OPEN,B.Tech,2025,4
'05125,"Pravara Rural Education Society's Sir Visvesvaraya Institute of Technology, Chincholi Dist. Nashik",'0512524610,Information Technology,Un-Aided,Unknown,GSCH,202585,1.6345919,G,H,SC,B.Tech,2025,4
'05125,"Pravara Rural Education Society's Sir Visvesvaraya Institute of Technology, Chincholi Dist. Nashik",'0512524610,Information Technology,Un-Aided,Unknown,GNT3H,121869,57.8195751,G,H,NT3,B.Tech,2025,4
'05125,"Pravara Rural Education Society's Sir Visvesvaraya Institute of Technology, Chincholi Dist. Nashik",'0512524610,Information Technology,Un-Aided,Unknown,LOBCH,108494,63.6512871,L,H,OBC,B.Tech,2025,4
'05125,"Pravara Rural Education Society's Sir Visvesvaraya Institute of Technology, Chincholi Dist. Nashik",'0512524610,Information Technology,Un-Aided,Unknown,PWDOPENH,114722,60.9090909,P,H,PWD,B.Tech,2025,4
'05125,"Pravara Rural Education Society's Sir Visvesvaraya Institute of Technology, Chincholi Dist. Nashik",'0512550710,Chemical Engineering,Un-Aided,Unknown,GOPENH,103552,65.8992965,G,H,OPEN,B.Tech,2025,4
'05125,"Pravara Rural Education Society's Sir Visvesvaraya Institute of Technology, Chincholi Dist. Nashik",'0512550710,Chemical Engineering,Un-Aided,Unknown,GSCH,167097,32.3446384,G,H,SC,B.Tech,2025,4
'05125,"Pravara Rural Education Society's Sir Visvesvaraya Institute of Technology, Chincholi Dist. Nashik",'0512550710,Chemical Engineering,Un-Aided,Unknown,LNT2H,184470,19.2944893,L,H,NT2,B.Tech,2025,4
'05125,"Pravara Rural Education Society's Sir Visvesvaraya Institute of Technology, Chincholi Dist. Nashik",'0512550710,Chemical Engineering,Un-Aided,Unknown,PWDOPENH,117850,59.9607019,P,H,PWD,B.Tech,2025,4
'05125,"Pravara Rural Education Society's Sir Visvesvaraya Institute of Technology, Chincholi Dist. Nashik",'0512584410,Electronics and Computer Engineering,Un-Aided,Unknown,GOPENH,122891,57.4376852,G,H,OPEN,B.Tech,2025,4
'05125,"Pravara Rural Education Society's Sir Visvesvaraya Institute of Technology, Chincholi Dist. Nashik",'0512584410,Electronics and Computer Engineering,Un-Aided,Unknown,GSCH,124655,56.6213771,G,H,SC,B.Tech,2025,4
'05125,"Pravara Rural Education Society's Sir Visvesvaraya Institute of Technology, Chincholi Dist. Nashik",'0512584410,Electronics and Computer Engineering,Un-Aided,Unknown,LSCH,128260,54.5872518,L,H,SC,B.Tech,2025,4
'05130,"Brahma Valley College of Engineering & Research, Trimbakeshwar, Nashik",'0513019110,Civil Engineering,Un-Aided,Unknown,GSCH,203433,0.4702194,G,H,SC,B.Tech,2025,4
'05130,"Brahma Valley College of Engineering & Research, Trimbakeshwar, Nashik",'0513024510,Computer Engineering,Un-Aided,Unknown,GOPENH,112367,62.1365556,G,H,OPEN,B.Tech,2025,4
'05130,"Brahma Valley College of Engineering & Research, Trimbakeshwar, Nashik",'0513024510,Computer Engineering,Un-Aided,Unknown,GSCH,175397,25.9683560,G,H,SC,B.Tech,2025,4
'05130,"Brahma Valley College of Engineering & Research, Trimbakeshwar, Nashik",'0513024510,Computer Engineering,Un-Aided,Unknown,GOBCH,125541,56.2929777,G,H,OBC,B.Tech,2025,4
'05130,"Brahma Valley College of Engineering & Research, Trimbakeshwar, Nashik",'0513024510,Computer Engineering,Un-Aided,Unknown,LOPENH,125894,55.9381337,L,H,OPEN,B.Tech,2025,4
'05130,"Brahma Valley College of Engineering & Research, Trimbakeshwar, Nashik",'0513024510,Computer Engineering,Un-Aided,Unknown,LOBCH,127743,55.1895416,L,H,OBC,B.Tech,2025,4
'05130,"Brahma Valley College of Engineering & Research, Trimbakeshwar, Nashik",'0513024510,Computer Engineering,Un-Aided,Unknown,LSTH,131232,53.6060165,L,H,ST,B.Tech,2025,4
'05130,"Brahma Valley College of Engineering & Research, Trimbakeshwar, Nashik",'0513024510,Computer Engineering,Un-Aided,Unknown,PWDOPENH,116236,60.4378874,P,H,PWD,B.Tech,2025,4
'05130,"Brahma Valley College of Engineering & Research, Trimbakeshwar, Nashik",'0513029310,Electrical Engineering,Un-Aided,Unknown,GOPENH,151176,42.9247346,G,H,OPEN,B.Tech,2025,4
'05130,"Brahma Valley College of Engineering & Research, Trimbakeshwar, Nashik",'0513029310,Electrical Engineering,Un-Aided,Unknown,LOPENH,136368,50.7016833,L,H,OPEN,B.Tech,2025,4
'05130,"Brahma Valley College of Engineering & Research, Trimbakeshwar, Nashik",'0513029310,Electrical Engineering,Un-Aided,Unknown,LOBCH,152733,41.7471281,L,H,OBC,B.Tech,2025,4
'05130,"Brahma Valley College of Engineering & Research, Trimbakeshwar, Nashik",'0513029310,Electrical Engineering,Un-Aided,Unknown,PWDOPENH,80794,74.9785452,P,H,PWD,B.Tech,2025,4
'05130,"Brahma Valley College of Engineering & Research, Trimbakeshwar, Nashik",'0513029310,Electrical Engineering,Un-Aided,Unknown,PWDOBCH,137544,50.3223138,P,H,PWD,B.Tech,2025,4
'05130,"Brahma Valley College of Engineering & Research, Trimbakeshwar, Nashik",'0513061210,Mechanical Engineering,Un-Aided,Unknown,GOPENH,142413,47.3563218,G,H,OPEN,B.Tech,2025,4
'05130,"Brahma Valley College of Engineering & Research, Trimbakeshwar, Nashik",'0513061210,Mechanical Engineering,Un-Aided,Unknown,GNT2H,163217,35.5422955,G,H,NT2,B.Tech,2025,4
'05130,"Brahma Valley College of Engineering & Research, Trimbakeshwar, Nashik",'0513061210,Mechanical Engineering,Un-Aided,Unknown,LOPENH,159963,36.5248856,L,H,OPEN,B.Tech,2025,4
'05130,"Brahma Valley College of Engineering & Research, Trimbakeshwar, Nashik",'0513061210,Mechanical Engineering,Un-Aided,Unknown,LNT2H,178424,24.7167509,L,H,NT2,B.Tech,2025,4
'05130,"Brahma Valley College of Engineering & Research, Trimbakeshwar, Nashik",'0513061210,Mechanical Engineering,Un-Aided,Unknown,LSEBCH,190076,14.7567322,L,H,SEBC,B.Tech,2025,4
'05130,"Brahma Valley College of Engineering & Research, Trimbakeshwar, Nashik",'0513061210,Mechanical Engineering,Un-Aided,Unknown,GSTH,155599,39.7546871,G,H,ST,B.Tech,2025,4
'05130,"Brahma Valley College of Engineering & Research, Trimbakeshwar, Nashik",'0513061210,Mechanical Engineering,Un-Aided,Unknown,LSCH,131735,53.2657343,L,H,SC,B.Tech,2025,4
'05139,"Pravara Rural College of Engineering, Loni, Pravaranagar, Ahmednagar.",'0513919110,Civil Engineering,Un-Aided,Unknown,GOPENH,98703,68.1164395,G,H,OPEN,B.Tech,2025,4
'05139,"Pravara Rural College of Engineering, Loni, Pravaranagar, Ahmednagar.",'0513919110,Civil Engineering,Un-Aided,Unknown,GSEBCH,147324,44.5303298,G,H,SEBC,B.Tech,2025,4
'05139,"Pravara Rural College of Engineering, Loni, Pravaranagar, Ahmednagar.",'0513919110,Civil Engineering,Un-Aided,Unknown,LOPENH,86728,72.6730266,L,H,OPEN,B.Tech,2025,4
'05139,"Pravara Rural College of Engineering, Loni, Pravaranagar, Ahmednagar.",'0513924510,Computer Engineering,Un-Aided,Unknown,GOBCH,48554,85.5207245,G,H,OBC,B.Tech,2025,4
'05139,"Pravara Rural College of Engineering, Loni, Pravaranagar, Ahmednagar.",'0513924610,Information Technology,Un-Aided,Unknown,GOPENO,58698,82.2162613,G,O,OPEN,B.Tech,2025,4
'05139,"Pravara Rural College of Engineering, Loni, Pravaranagar, Ahmednagar.",'0513924610,Information Technology,Un-Aided,Unknown,GOBCO,45755,86.3869833,G,O,OBC,B.Tech,2025,4
'05139,"Pravara Rural College of Engineering, Loni, Pravaranagar, Ahmednagar.",'0513924610,Information Technology,Un-Aided,Unknown,LOPENO,53611,83.9020979,L,O,OPEN,B.Tech,2025,4
'05139,"Pravara Rural College of Engineering, Loni, Pravaranagar, Ahmednagar.",'0513924610,Information Technology,Un-Aided,Unknown,LSTO,62370,81.1295102,L,O,ST,B.Tech,2025,4
'05139,"Pravara Rural College of Engineering, Loni, Pravaranagar, Ahmednagar.",'0513937210,Electronics and Telecommunication Engg,Un-Aided,Unknown,GOPENH,66923,79.6986029,G,H,OPEN,B.Tech,2025,4
'05139,"Pravara Rural College of Engineering, Loni, Pravaranagar, Ahmednagar.",'0513937210,Electronics and Telecommunication Engg,Un-Aided,Unknown,GSCH,135138,51.1762787,G,H,SC,B.Tech,2025,4
'05139,"Pravara Rural College of Engineering, Loni, Pravaranagar, Ahmednagar.",'0513946410,Instrumentation and Control Engineering,Un-Aided,Unknown,GOPENO,83943,73.6159498,G,O,OPEN,B.Tech,2025,4
'05139,"Pravara Rural College of Engineering, Loni, Pravaranagar, Ahmednagar.",'0513946410,Instrumentation and Control Engineering,Un-Aided,Unknown,GSTO,84849,73.4354379,G,O,ST,B.Tech,2025,4
'05139,"Pravara Rural College of Engineering, Loni, Pravaranagar, Ahmednagar.",'0513950710,Chemical Engineering,Un-Aided,Unknown,GOBCH,99243,68.1117918,G,H,OBC,B.Tech,2025,4
'05139,"Pravara Rural College of Engineering, Loni, Pravaranagar, Ahmednagar.",'0513950710,Chemical Engineering,Un-Aided,Unknown,GSEBCH,175430,25.9683560,G,H,SEBC,B.Tech,2025,4
'05139,"Pravara Rural College of Engineering, Loni, Pravaranagar, Ahmednagar.",'0513950710,Chemical Engineering,Un-Aided,Unknown,GVJH,105576,65.3084343,G,H,VJ,B.Tech,2025,4
'05139,"Pravara Rural College of Engineering, Loni, Pravaranagar, Ahmednagar.",'0513950710,Chemical Engineering,Un-Aided,Unknown,LVJH,95636,69.2179237,L,H,VJ,B.Tech,2025,4
'05139,"Pravara Rural College of Engineering, Loni, Pravaranagar, Ahmednagar.",'0513961210,Mechanical Engineering,Un-Aided,Unknown,GNT1O,195629,9.4338928,G,O,NT1,B.Tech,2025,4
'05139,"Pravara Rural College of Engineering, Loni, Pravaranagar, Ahmednagar.",'0513984410,Electronics and Computer Engineering,Un-Aided,Unknown,GOPENH,72090,78.0104170,G,H,OPEN,B.Tech,2025,4
'05139,"Pravara Rural College of Engineering, Loni, Pravaranagar, Ahmednagar.",'0513984410,Electronics and Computer Engineering,Un-Aided,Unknown,GOBCH,83138,73.6345056,G,H,OBC,B.Tech,2025,4
'05139,"Pravara Rural College of Engineering, Loni, Pravaranagar, Ahmednagar.",'0513984410,Electronics and Computer Engineering,Un-Aided,Unknown,LOPENH,78886,75.3562654,L,H,OPEN,B.Tech,2025,4
'05139,"Pravara Rural College of Engineering, Loni, Pravaranagar, Ahmednagar.",'0513991610,Automation and Robotics,Un-Aided,Unknown,GOPENH,78664,75.4048881,G,H,OPEN,B.Tech,2025,4
'05139,"Pravara Rural College of Engineering, Loni, Pravaranagar, Ahmednagar.",'0513991610,Automation and Robotics,Un-Aided,Unknown,LOPENH,68640,78.8357161,L,H,OPEN,B.Tech,2025,4
'05139,"Pravara Rural College of Engineering, Loni, Pravaranagar, Ahmednagar.",'0513999510,Artificial Intelligence and Data Science,Un-Aided,Unknown,LOPENO,76509,76.5279741,L,O,OPEN,B.Tech,2025,4
'05151,"MET Bhujbal Knowledge City MET League's Engineering College, Adgaon, Nashik.",'0515119110,Civil Engineering,Un-Aided,Unknown,GOBCH,86096,72.8948543,G,H,OBC,B.Tech,2025,4
'05151,"MET Bhujbal Knowledge City MET League's Engineering College, Adgaon, Nashik.",'0515119110,Civil Engineering,Un-Aided,Unknown,GSEBCH,131660,53.2657343,G,H,SEBC,B.Tech,2025,4
'05151,"MET Bhujbal Knowledge City MET League's Engineering College, Adgaon, Nashik.",'0515119110,Civil Engineering,Un-Aided,Unknown,LOPENH,77030,75.8001957,L,H,OPEN,B.Tech,2025,4
'05151,"MET Bhujbal Knowledge City MET League's Engineering College, Adgaon, Nashik.",'0515119110,Civil Engineering,Un-Aided,Unknown,PWDOPENH,90507,71.1730870,P,H,PWD,B.Tech,2025,4
'05151,"MET Bhujbal Knowledge City MET League's Engineering College, Adgaon, Nashik.",'0515124510,Computer Engineering,Un-Aided,Unknown,GOPENO,89753,71.4842352,G,O,OPEN,B.Tech,2025,4
'05151,"MET Bhujbal Knowledge City MET League's Engineering College, Adgaon, Nashik.",'0515124510,Computer Engineering,Un-Aided,Unknown,GSTO,159287,37.6293706,G,O,ST,B.Tech,2025,4
'05151,"MET Bhujbal Knowledge City MET League's Engineering College, Adgaon, Nashik.",'0515124510,Computer Engineering,Un-Aided,Unknown,GSEBCO,108179,63.8244514,G,O,SEBC,B.Tech,2025,4
'05151,"MET Bhujbal Knowledge City MET League's Engineering College, Adgaon, Nashik.",'0515124610,Information Technology,Un-Aided,Unknown,GSCH,76997,75.8001957,G,H,SC,B.Tech,2025,4
'05151,"MET Bhujbal Knowledge City MET League's Engineering College, Adgaon, Nashik.",'0515124610,Information Technology,Un-Aided,Unknown,GNT2H,71296,78.2722320,G,H,NT2,B.Tech,2025,4
'05151,"MET Bhujbal Knowledge City MET League's Engineering College, Adgaon, Nashik.",'0515124610,Information Technology,Un-Aided,Unknown,LNT1H,112279,62.1365556,L,H,NT1,B.Tech,2025,4
'05151,"MET Bhujbal Knowledge City MET League's Engineering College, Adgaon, Nashik.",'0515129310,Electrical Engineering,Un-Aided,Unknown,GSTH,59180,82.1319232,G,H,ST,B.Tech,2025,4
'05151,"MET Bhujbal Knowledge City MET League's Engineering College, Adgaon, Nashik.",'0515137210,Electronics and Telecommunication Engg,Un-Aided,Unknown,GSCH,72418,77.9513058,G,H,SC,B.Tech,2025,4
'05151,"MET Bhujbal Knowledge City MET League's Engineering College, Adgaon, Nashik.",'0515137210,Electronics and Telecommunication Engg,Un-Aided,Unknown,PWDOPENH,45979,86.3462208,P,H,PWD,B.Tech,2025,4
'05151,"MET Bhujbal Knowledge City MET League's Engineering College, Adgaon, Nashik.",'0515161210,Mechanical Engineering,Un-Aided,Unknown,GOPENH,78256,75.4880541,G,H,OPEN,B.Tech,2025,4
'05151,"MET Bhujbal Knowledge City MET League's Engineering College, Adgaon, Nashik.",'0515161210,Mechanical Engineering,Un-Aided,Unknown,LOPENH,80668,75.1620214,L,H,OPEN,B.Tech,2025,4
'05151,"MET Bhujbal Knowledge City MET League's Engineering College, Adgaon, Nashik.",'0515161210,Mechanical Engineering,Un-Aided,Unknown,LNT3H,118687,59.2797111,L,H,NT3,B.Tech,2025,4
'05151,"MET Bhujbal Knowledge City MET League's Engineering College, Adgaon, Nashik.",'0515161210,Mechanical Engineering,Un-Aided,Unknown,LOBCH,95406,69.2179237,L,H,OBC,B.Tech,2025,4
'05151,"MET Bhujbal Knowledge City MET League's Engineering College, Adgaon, Nashik.",'0515161210,Mechanical Engineering,Un-Aided,Unknown,PWDOPENH,71521,78.2396759,P,H,PWD,B.Tech,2025,4
'05151,"MET Bhujbal Knowledge City MET League's Engineering College, Adgaon, Nashik.",'0515184410,Electronics and Computer Engineering,Un-Aided,Unknown,GOPENH,51016,84.7618697,G,H,OPEN,B.Tech,2025,4
'05151,"MET Bhujbal Knowledge City MET League's Engineering College, Adgaon, Nashik.",'0515184410,Electronics and Computer Engineering,Un-Aided,Unknown,LOBCH,59885,81.9404030,L,H,OBC,B.Tech,2025,4
'05151,"MET Bhujbal Knowledge City MET League's Engineering College, Adgaon, Nashik.",'0515184410,Electronics and Computer Engineering,Un-Aided,Unknown,GSTH,56984,82.8372770,G,H,ST,B.Tech,2025,4
'05151,"MET Bhujbal Knowledge City MET League's Engineering College, Adgaon, Nashik.",'0515199510,Artificial Intelligence and Data Science,Un-Aided,Unknown,GSEBCO,91639,70.7504568,G,O,SEBC,B.Tech,2025,4
'05152,"G H Raisoni College of Engineering and Management, Jalgaon",'0515219110,Civil Engineering,Un-Aided Autonomous Linguistic Minority - Hindi,Unknown,GOPENS,142083,47.7841578,G,S,OPEN,B.Tech,2025,4
'05152,"G H Raisoni College of Engineering and Management, Jalgaon",'0515219110,Civil Engineering,Un-Aided Autonomous Linguistic Minority - Hindi,Unknown,TFWS,107948,63.8244514,T,S,TFWS,B.Tech,2025,4
'05152,"G H Raisoni College of Engineering and Management, Jalgaon",'0515219110,Civil Engineering,Un-Aided Autonomous Linguistic Minority - Hindi,Unknown,MI,154240,40.0936536,M,I,MI,B.Tech,2025,4
'05152,"G H Raisoni College of Engineering and Management, Jalgaon",'0515224210,Computer Science and Engineering,Un-Aided Autonomous Linguistic Minority - Hindi,Unknown,GOPENS,87909,72.1028020,G,S,OPEN,B.Tech,2025,4
'05152,"G H Raisoni College of Engineering and Management, Jalgaon",'0515224210,Computer Science and Engineering,Un-Aided Autonomous Linguistic Minority - Hindi,Unknown,LOPENS,30929,90.9306237,L,S,OPEN,B.Tech,2025,4
'05152,"G H Raisoni College of Engineering and Management, Jalgaon",'0515224210,Computer Science and Engineering,Un-Aided Autonomous Linguistic Minority - Hindi,Unknown,MI,118928,59.1762367,M,I,MI,B.Tech,2025,4
'05152,"G H Raisoni College of Engineering and Management, Jalgaon",'0515224610,Information Technology,Un-Aided Autonomous Linguistic Minority - Hindi,Unknown,GOPENS,89571,71.5562808,G,S,OPEN,B.Tech,2025,4
'05152,"G H Raisoni College of Engineering and Management, Jalgaon",'0515224610,Information Technology,Un-Aided Autonomous Linguistic Minority - Hindi,Unknown,LOPENS,103057,66.2972028,L,S,OPEN,B.Tech,2025,4
'05152,"G H Raisoni College of Engineering and Management, Jalgaon",'0515224610,Information Technology,Un-Aided Autonomous Linguistic Minority - Hindi,Unknown,MI,129316,54.1537389,M,I,MI,B.Tech,2025,4
'05152,"G H Raisoni College of Engineering and Management, Jalgaon",'0515229310,Electrical Engineering,Un-Aided Autonomous Linguistic Minority - Hindi,Unknown,GOPENS,146117,45.8266058,G,S,OPEN,B.Tech,2025,4
'05152,"G H Raisoni College of Engineering and Management, Jalgaon",'0515229310,Electrical Engineering,Un-Aided Autonomous Linguistic Minority - Hindi,Unknown,LOPENS,140946,47.8905633,L,S,OPEN,B.Tech,2025,4
'05152,"G H Raisoni College of Engineering and Management, Jalgaon",'0515229310,Electrical Engineering,Un-Aided Autonomous Linguistic Minority - Hindi,Unknown,MI,161801,35.9909439,M,I,MI,B.Tech,2025,4
'05152,"G H Raisoni College of Engineering and Management, Jalgaon",'0515237210,Electronics and Telecommunication Engg,Un-Aided Autonomous Linguistic Minority - Hindi,Unknown,GOPENS,117735,59.9607019,G,S,OPEN,B.Tech,2025,4
'05152,"G H Raisoni College of Engineering and Management, Jalgaon",'0515237210,Electronics and Telecommunication Engg,Un-Aided Autonomous Linguistic Minority - Hindi,Unknown,LOPENS,130071,54.0903901,L,S,OPEN,B.Tech,2025,4
'05152,"G H Raisoni College of Engineering and Management, Jalgaon",'0515237210,Electronics and Telecommunication Engg,Un-Aided Autonomous Linguistic Minority - Hindi,Unknown,TFWS,94489,69.4936445,T,S,TFWS,B.Tech,2025,4
'05152,"G H Raisoni College of Engineering and Management, Jalgaon",'0515237210,Electronics and Telecommunication Engg,Un-Aided Autonomous Linguistic Minority - Hindi,Unknown,MI,131096,53.6060165,M,I,MI,B.Tech,2025,4
'05152,"G H Raisoni College of Engineering and Management, Jalgaon",'0515261210,Mechanical Engineering,Un-Aided Autonomous Linguistic Minority - Hindi,Unknown,GOPENS,143310,47.1396200,G,S,OPEN,B.Tech,2025,4
'05152,"G H Raisoni College of Engineering and Management, Jalgaon",'0515261210,Mechanical Engineering,Un-Aided Autonomous Linguistic Minority - Hindi,Unknown,LOPENS,133340,52.3622324,L,S,OPEN,B.Tech,2025,4
'05152,"G H Raisoni College of Engineering and Management, Jalgaon",'0515261210,Mechanical Engineering,Un-Aided Autonomous Linguistic Minority - Hindi,Unknown,MI,164782,33.6209084,M,I,MI,B.Tech,2025,4
'05152,"G H Raisoni College of Engineering and Management, Jalgaon",'0515291110,Computer Science and Engineering(Artificial Intelligence and Machine Learning),Un-Aided Autonomous Linguistic Minority - Hindi,Unknown,GOPENS,41428,87.6872170,G,S,OPEN,B.Tech,2025,4
'05152,"G H Raisoni College of Engineering and Management, Jalgaon",'0515291110,Computer Science and Engineering(Artificial Intelligence and Machine Learning),Un-Aided Autonomous Linguistic Minority - Hindi,Unknown,MI,76301,76.6755200,M,I,MI,B.Tech,2025,4
'05152,"G H Raisoni College of Engineering and Management, Jalgaon",'0515291210,Computer Science and Engineering(Data Science),Un-Aided Autonomous Linguistic Minority - Hindi,Unknown,GOPENS,82838,73.7482517,G,S,OPEN,B.Tech,2025,4
'05152,"G H Raisoni College of Engineering and Management, Jalgaon",'0515291210,Computer Science and Engineering(Data Science),Un-Aided Autonomous Linguistic Minority - Hindi,Unknown,LOPENS,125473,56.2929777,L,S,OPEN,B.Tech,2025,4
'05152,"G H Raisoni College of Engineering and Management, Jalgaon",'0515291210,Computer Science and Engineering(Data Science),Un-Aided Autonomous Linguistic Minority - Hindi,Unknown,MI,125812,55.9381337,M,I,MI,B.Tech,2025,4
'05152,"G H Raisoni College of Engineering and Management, Jalgaon",'0515291310,Computer Science and Engineering (Artificial Intelligence),Un-Aided Autonomous Linguistic Minority - Hindi,Unknown,GOPENS,96074,69.0979021,G,S,OPEN,B.Tech,2025,4
'05152,"G H Raisoni College of Engineering and Management, Jalgaon",'0515291310,Computer Science and Engineering (Artificial Intelligence),Un-Aided Autonomous Linguistic Minority - Hindi,Unknown,LOPENS,115519,60.6344780,L,S,OPEN,B.Tech,2025,4
'05152,"G H Raisoni College of Engineering and Management, Jalgaon",'0515291310,Computer Science and Engineering (Artificial Intelligence),Un-Aided Autonomous Linguistic Minority - Hindi,Unknown,MI,181226,22.1118881,M,I,MI,B.Tech,2025,4
'05152,"G H Raisoni College of Engineering and Management, Jalgaon",'0515291310,Computer Science and Engineering (Artificial Intelligence),Un-Aided Autonomous Linguistic Minority - Hindi,Unknown,MI,119838,58.8525307,M,I,MI,B.Tech,2025,4
'05160,"Sanjivani Rural Education Society's Sanjivani College of Engineering, Kopargaon",'0516019110,Civil Engineering,Un-Aided Autonomous,Unknown,GSCS,91508,70.7504568,G,S,SC,B.Tech,2025,4
'05160,"Sanjivani Rural Education Society's Sanjivani College of Engineering, Kopargaon",'0516019110,Civil Engineering,Un-Aided Autonomous,Unknown,DEFSCS,151636,42.7403863,D,S,SC,B.Tech,2025,4
'05160,"Sanjivani Rural Education Society's Sanjivani College of Engineering, Kopargaon",'0516019110,Civil Engineering,Un-Aided Autonomous,Unknown,PWDOBCS,58721,82.2162613,P,S,PWD,B.Tech,2025,4
'05160,"Sanjivani Rural Education Society's Sanjivani College of Engineering, Kopargaon",'0516024510,Computer Engineering,Un-Aided Autonomous,Unknown,GOPENS,12188,96.5201084,G,S,OPEN,B.Tech,2025,4
'05160,"Sanjivani Rural Education Society's Sanjivani College of Engineering, Kopargaon",'0516024510,Computer Engineering,Un-Aided Autonomous,Unknown,GSTS,164886,33.4650350,G,S,ST,B.Tech,2025,4
'05160,"Sanjivani Rural Education Society's Sanjivani College of Engineering, Kopargaon",'0516024510,Computer Engineering,Un-Aided Autonomous,Unknown,EWS,42471,87.3499473,E,S,EWS,B.Tech,2025,4
'05160,"Sanjivani Rural Education Society's Sanjivani College of Engineering, Kopargaon",'0516024610,Information Technology,Un-Aided Autonomous,Unknown,GOPENS,20179,94.1659305,G,S,OPEN,B.Tech,2025,4
'05160,"Sanjivani Rural Education Society's Sanjivani College of Engineering, Kopargaon",'0516024610,Information Technology,Un-Aided Autonomous,Unknown,GSTS,24559,92.8465713,G,S,ST,B.Tech,2025,4
'05160,"Sanjivani Rural Education Society's Sanjivani College of Engineering, Kopargaon",'0516029310,Electrical Engineering,Un-Aided Autonomous,Unknown,GOPENS,45303,86.5527540,G,S,OPEN,B.Tech,2025,4
'05160,"Sanjivani Rural Education Society's Sanjivani College of Engineering, Kopargaon",'0516061210,Mechanical Engineering,Un-Aided Autonomous,Unknown,GOPENS,31540,90.6820865,G,S,OPEN,B.Tech,2025,4
'05160,"Sanjivani Rural Education Society's Sanjivani College of Engineering, Kopargaon",'0516061210,Mechanical Engineering,Un-Aided Autonomous,Unknown,GSEBCS,57235,82.8332926,G,S,SEBC,B.Tech,2025,4
'05160,"Sanjivani Rural Education Society's Sanjivani College of Engineering, Kopargaon",'0516061210,Mechanical Engineering,Un-Aided Autonomous,Unknown,EWS,180432,22.4248107,E,S,EWS,B.Tech,2025,4
'05160,"Sanjivani Rural Education Society's Sanjivani College of Engineering, Kopargaon",'0516062410,Mechatronics Engineering,Un-Aided Autonomous,Unknown,GNT1S,140135,49.1540892,G,S,NT1,B.Tech,2025,4
'05160,"Sanjivani Rural Education Society's Sanjivani College of Engineering, Kopargaon",'0516062410,Mechatronics Engineering,Un-Aided Autonomous,Unknown,DEFOPENS,102341,66.3866132,D,S,OPEN,B.Tech,2025,4
'05160,"Sanjivani Rural Education Society's Sanjivani College of Engineering, Kopargaon",'0516084410,Electronics and Computer Engineering,Un-Aided Autonomous,Unknown,GSCS,77742,75.6522650,G,S,SC,B.Tech,2025,4
'05160,"Sanjivani Rural Education Society's Sanjivani College of Engineering, Kopargaon",'0516091510,Structural Engineering,Un-Aided Autonomous,Unknown,GOPENS,58447,82.3322294,G,S,OPEN,B.Tech,2025,4
'05160,"Sanjivani Rural Education Society's Sanjivani College of Engineering, Kopargaon",'0516091510,Structural Engineering,Un-Aided Autonomous,Unknown,LSEBCS,96811,68.8687467,L,S,SEBC,B.Tech,2025,4
'05160,"Sanjivani Rural Education Society's Sanjivani College of Engineering, Kopargaon",'0516091510,Structural Engineering,Un-Aided Autonomous,Unknown,GSTS,64767,80.3531469,G,S,ST,B.Tech,2025,4
'05161,"Dr. Vithalrao Vikhe Patil College of Engineering, Ahmednagar",'0516119110,Civil Engineering,Un-Aided,Unknown,GSEBCH,160315,36.2260120,G,H,SEBC,B.Tech,2025,4
'05161,"Dr. Vithalrao Vikhe Patil College of Engineering, Ahmednagar",'0516124510,Computer Engineering,Un-Aided,Unknown,GOPENH,62213,81.1295102,G,H,OPEN,B.Tech,2025,4
'05161,"Dr. Vithalrao Vikhe Patil College of Engineering, Ahmednagar",'0516124510,Computer Engineering,Un-Aided,Unknown,GSCH,73006,77.2287062,G,H,SC,B.Tech,2025,4
'05161,"Dr. Vithalrao Vikhe Patil College of Engineering, Ahmednagar",'0516124510,Computer Engineering,Un-Aided,Unknown,GOBCH,63189,80.8599071,G,H,OBC,B.Tech,2025,4
'05161,"Dr. Vithalrao Vikhe Patil College of Engineering, Ahmednagar",'0516124610,Information Technology,Un-Aided,Unknown,GOPENH,71297,78.2722320,G,H,OPEN,B.Tech,2025,4
'05161,"Dr. Vithalrao Vikhe Patil College of Engineering, Ahmednagar",'0516124610,Information Technology,Un-Aided,Unknown,GNT3H,85390,73.2612864,G,H,NT3,B.Tech,2025,4
'05161,"Dr. Vithalrao Vikhe Patil College of Engineering, Ahmednagar",'0516124610,Information Technology,Un-Aided,Unknown,LOPENH,67769,79.4832155,L,H,OPEN,B.Tech,2025,4
'05161,"Dr. Vithalrao Vikhe Patil College of Engineering, Ahmednagar",'0516124610,Information Technology,Un-Aided,Unknown,LOBCH,69847,78.5819586,L,H,OBC,B.Tech,2025,4
'05161,"Dr. Vithalrao Vikhe Patil College of Engineering, Ahmednagar",'0516125710,Computer Science and Design,Un-Aided,Unknown,LOBCO,62467,81.0403668,L,O,OBC,B.Tech,2025,4
'05161,"Dr. Vithalrao Vikhe Patil College of Engineering, Ahmednagar",'0516129310,Electrical Engineering,Un-Aided,Unknown,EWS,161163,36.1161649,E,S,EWS,B.Tech,2025,4
'05161,"Dr. Vithalrao Vikhe Patil College of Engineering, Ahmednagar",'0516137210,Electronics and Telecommunication Engg,Un-Aided,Unknown,GOPENH,87283,72.1363369,G,H,OPEN,B.Tech,2025,4
'05161,"Dr. Vithalrao Vikhe Patil College of Engineering, Ahmednagar",'0516137210,Electronics and Telecommunication Engg,Un-Aided,Unknown,GOBCH,92720,70.5005064,G,H,OBC,B.Tech,2025,4
'05161,"Dr. Vithalrao Vikhe Patil College of Engineering, Ahmednagar",'0516137210,Electronics and Telecommunication Engg,Un-Aided,Unknown,GSTH,94624,69.4936445,G,H,ST,B.Tech,2025,4
'05161,"Dr. Vithalrao Vikhe Patil College of Engineering, Ahmednagar",'0516137810,Electronics Engineering ( VLSI Design and Technology),Un-Aided,Unknown,GOPENO,84052,73.6159498,G,O,OPEN,B.Tech,2025,4
'05161,"Dr. Vithalrao Vikhe Patil College of Engineering, Ahmednagar",'0516137810,Electronics Engineering ( VLSI Design and Technology),Un-Aided,Unknown,LOPENO,89978,71.4842352,L,O,OPEN,B.Tech,2025,4
'05161,"Dr. Vithalrao Vikhe Patil College of Engineering, Ahmednagar",'0516161210,Mechanical Engineering,Un-Aided,Unknown,LOPENO,126767,55.4922986,L,O,OPEN,B.Tech,2025,4
'05161,"Dr. Vithalrao Vikhe Patil College of Engineering, Ahmednagar",'0516199510,Artificial Intelligence and Data Science,Un-Aided,Unknown,GOPENH,56157,83.0707711,G,H,OPEN,B.Tech,2025,4
'05162,"Amrutvahini Sheti & Shikshan Vikas Sanstha's Amrutvahini College of Engineering, Sangamner",'0516219110,Civil Engineering,Un-Aided Autonomous,Unknown,GOPENS,69669,78.6137148,G,S,OPEN,B.Tech,2025,4
'05162,"Amrutvahini Sheti & Shikshan Vikas Sanstha's Amrutvahini College of Engineering, Sangamner",'0516219110,Civil Engineering,Un-Aided Autonomous,Unknown,GSEBCS,119766,58.8994542,G,S,SEBC,B.Tech,2025,4
'05162,"Amrutvahini Sheti & Shikshan Vikas Sanstha's Amrutvahini College of Engineering, Sangamner",'0516219110,Civil Engineering,Un-Aided Autonomous,Unknown,LSCS,153417,41.4020979,L,S,SC,B.Tech,2025,4
'05162,"Amrutvahini Sheti & Shikshan Vikas Sanstha's Amrutvahini College of Engineering, Sangamner",'0516219110,Civil Engineering,Un-Aided Autonomous,Unknown,DEFOPENS,67524,79.6033896,D,S,OPEN,B.Tech,2025,4
'05162,"Amrutvahini Sheti & Shikshan Vikas Sanstha's Amrutvahini College of Engineering, Sangamner",'0516219110,Civil Engineering,Un-Aided Autonomous,Unknown,PWDSEBCS,133850,52.1817116,P,S,PWD,B.Tech,2025,4
'05162,"Amrutvahini Sheti & Shikshan Vikas Sanstha's Amrutvahini College of Engineering, Sangamner",'0516224510,Computer Engineering,Un-Aided Autonomous,Unknown,GOPENS,21542,93.7635248,G,S,OPEN,B.Tech,2025,4
'05162,"Amrutvahini Sheti & Shikshan Vikas Sanstha's Amrutvahini College of Engineering, Sangamner",'0516224510,Computer Engineering,Un-Aided Autonomous,Unknown,GNT2S,47789,85.8461538,G,S,NT2,B.Tech,2025,4
'05162,"Amrutvahini Sheti & Shikshan Vikas Sanstha's Amrutvahini College of Engineering, Sangamner",'0516224510,Computer Engineering,Un-Aided Autonomous,Unknown,LOPENS,18243,94.7424061,L,S,OPEN,B.Tech,2025,4
'05162,"Amrutvahini Sheti & Shikshan Vikas Sanstha's Amrutvahini College of Engineering, Sangamner",'0516224610,Information Technology,Un-Aided Autonomous,Unknown,GOPENS,29694,91.3082283,G,S,OPEN,B.Tech,2025,4
'05162,"Amrutvahini Sheti & Shikshan Vikas Sanstha's Amrutvahini College of Engineering, Sangamner",'0516224610,Information Technology,Un-Aided Autonomous,Unknown,GVJS,51357,84.6215640,G,S,VJ,B.Tech,2025,4
'05162,"Amrutvahini Sheti & Shikshan Vikas Sanstha's Amrutvahini College of Engineering, Sangamner",'0516224610,Information Technology,Un-Aided Autonomous,Unknown,GNT2S,60833,81.6328671,G,S,NT2,B.Tech,2025,4
'05162,"Amrutvahini Sheti & Shikshan Vikas Sanstha's Amrutvahini College of Engineering, Sangamner",'0516224610,Information Technology,Un-Aided Autonomous,Unknown,PWDSCS,73688,77.1296846,P,S,PWD,B.Tech,2025,4
'05162,"Amrutvahini Sheti & Shikshan Vikas Sanstha's Amrutvahini College of Engineering, Sangamner",'0516229310,Electrical Engineering,Un-Aided Autonomous,Unknown,GOPENS,45573,86.4120225,G,S,OPEN,B.Tech,2025,4
'05162,"Amrutvahini Sheti & Shikshan Vikas Sanstha's Amrutvahini College of Engineering, Sangamner",'0516229310,Electrical Engineering,Un-Aided Autonomous,Unknown,GSCS,132362,53.2228937,G,S,SC,B.Tech,2025,4
'05162,"Amrutvahini Sheti & Shikshan Vikas Sanstha's Amrutvahini College of Engineering, Sangamner",'0516229310,Electrical Engineering,Un-Aided Autonomous,Unknown,GVJS,98594,68.1164395,G,S,VJ,B.Tech,2025,4
'05162,"Amrutvahini Sheti & Shikshan Vikas Sanstha's Amrutvahini College of Engineering, Sangamner",'0516229310,Electrical Engineering,Un-Aided Autonomous,Unknown,LOPENS,53830,83.8802370,L,S,OPEN,B.Tech,2025,4
'05162,"Amrutvahini Sheti & Shikshan Vikas Sanstha's Amrutvahini College of Engineering, Sangamner",'0516229310,Electrical Engineering,Un-Aided Autonomous,Unknown,LNT2S,75976,76.7635852,L,S,NT2,B.Tech,2025,4
'05162,"Amrutvahini Sheti & Shikshan Vikas Sanstha's Amrutvahini College of Engineering, Sangamner",'0516229310,Electrical Engineering,Un-Aided Autonomous,Unknown,DEFOPENS,185462,18.6473767,D,S,OPEN,B.Tech,2025,4
'05162,"Amrutvahini Sheti & Shikshan Vikas Sanstha's Amrutvahini College of Engineering, Sangamner",'0516237210,Electronics and Telecommunication Engg,Un-Aided Autonomous,Unknown,GOPENS,32903,90.3099038,G,S,OPEN,B.Tech,2025,4
'05162,"Amrutvahini Sheti & Shikshan Vikas Sanstha's Amrutvahini College of Engineering, Sangamner",'0516237210,Electronics and Telecommunication Engg,Un-Aided Autonomous,Unknown,GSEBCS,46357,86.2041018,G,S,SEBC,B.Tech,2025,4
'05162,"Amrutvahini Sheti & Shikshan Vikas Sanstha's Amrutvahini College of Engineering, Sangamner",'0516237210,Electronics and Telecommunication Engg,Un-Aided Autonomous,Unknown,LOPENS,36859,89.1476381,L,S,OPEN,B.Tech,2025,4
'05162,"Amrutvahini Sheti & Shikshan Vikas Sanstha's Amrutvahini College of Engineering, Sangamner",'0516237210,Electronics and Telecommunication Engg,Un-Aided Autonomous,Unknown,DEFOPENS,51875,84.4950314,D,S,OPEN,B.Tech,2025,4
'05162,"Amrutvahini Sheti & Shikshan Vikas Sanstha's Amrutvahini College of Engineering, Sangamner",'0516237210,Electronics and Telecommunication Engg,Un-Aided Autonomous,Unknown,EWS,119814,58.8525307,E,S,EWS,B.Tech,2025,4
'05162,"Amrutvahini Sheti & Shikshan Vikas Sanstha's Amrutvahini College of Engineering, Sangamner",'0516237210,Electronics and Telecommunication Engg,Un-Aided Autonomous,Unknown,PWDOPENS,39602,88.2544975,P,S,PWD,B.Tech,2025,4
'05162,"Amrutvahini Sheti & Shikshan Vikas Sanstha's Amrutvahini College of Engineering, Sangamner",'0516284410,Electronics and Computer Engineering,Un-Aided Autonomous,Unknown,GOPENS,39637,88.2484746,G,S,OPEN,B.Tech,2025,4
'05162,"Amrutvahini Sheti & Shikshan Vikas Sanstha's Amrutvahini College of Engineering, Sangamner",'0516284410,Electronics and Computer Engineering,Un-Aided Autonomous,Unknown,EWS,128095,54.5872518,E,S,EWS,B.Tech,2025,4
'05162,"Amrutvahini Sheti & Shikshan Vikas Sanstha's Amrutvahini College of Engineering, Sangamner",'0516291610,Automation and Robotics,Un-Aided Autonomous,Unknown,GOPENS,54436,83.7239356,G,S,OPEN,B.Tech,2025,4
'05162,"Amrutvahini Sheti & Shikshan Vikas Sanstha's Amrutvahini College of Engineering, Sangamner",'0516291610,Automation and Robotics,Un-Aided Autonomous,Unknown,GOBCS,56139,83.0707711,G,S,OBC,B.Tech,2025,4
'05162,"Amrutvahini Sheti & Shikshan Vikas Sanstha's Amrutvahini College of Engineering, Sangamner",'0516291610,Automation and Robotics,Un-Aided Autonomous,Unknown,GSEBCS,66685,79.7185003,G,S,SEBC,B.Tech,2025,4
'05162,"Amrutvahini Sheti & Shikshan Vikas Sanstha's Amrutvahini College of Engineering, Sangamner",'0516291610,Automation and Robotics,Un-Aided Autonomous,Unknown,LOBCS,45762,86.3869833,L,S,OBC,B.Tech,2025,4
'05162,"Amrutvahini Sheti & Shikshan Vikas Sanstha's Amrutvahini College of Engineering, Sangamner",'0516291610,Automation and Robotics,Un-Aided Autonomous,Unknown,EWS,200092,4.5709952,E,S,EWS,B.Tech,2025,4
'05162,"Amrutvahini Sheti & Shikshan Vikas Sanstha's Amrutvahini College of Engineering, Sangamner",'0516299510,Artificial Intelligence and Data Science,Un-Aided Autonomous,Unknown,GOPENS,32745,90.4110066,G,S,OPEN,B.Tech,2025,4
'05162,"Amrutvahini Sheti & Shikshan Vikas Sanstha's Amrutvahini College of Engineering, Sangamner",'0516299510,Artificial Intelligence and Data Science,Un-Aided Autonomous,Unknown,GSTS,187188,16.8604050,G,S,ST,B.Tech,2025,4
'05162,"Amrutvahini Sheti & Shikshan Vikas Sanstha's Amrutvahini College of Engineering, Sangamner",'0516299510,Artificial Intelligence and Data Science,Un-Aided Autonomous,Unknown,PWDOBCS,33477,90.1551333,P,S,PWD,B.Tech,2025,4
'05164,"P.S.G.V.P. Mandal's D.N. Patel College of Engineering, Shahada, Dist. Nandurbar",'0516419110,Civil Engineering,"Un-Aided Linguistic Minority - Gujar Home University : Kavayitri Bahinabai Chaudhari North Maharashtra University, Jalgaon","Kavayitri Bahinabai Chaudhari North Maharashtra University, Jalgaon",GOPENH,179140,23.4132019,G,H,OPEN,B.Tech,2025,4
'05164,"P.S.G.V.P. Mandal's D.N. Patel College of Engineering, Shahada, Dist. Nandurbar",'0516424510,Computer Engineering,"Un-Aided Linguistic Minority - Gujar Home University : Kavayitri Bahinabai Chaudhari North Maharashtra University, Jalgaon","Kavayitri Bahinabai Chaudhari North Maharashtra University, Jalgaon",GOPENO,148220,43.9154166,G,O,OPEN,B.Tech,2025,4
'05164,"P.S.G.V.P. Mandal's D.N. Patel College of Engineering, Shahada, Dist. Nandurbar",'0516429310,Electrical Engineering,"Un-Aided Linguistic Minority - Gujar Home University : Kavayitri Bahinabai Chaudhari North Maharashtra University, Jalgaon","Kavayitri Bahinabai Chaudhari North Maharashtra University, Jalgaon",GOPENH,172380,28.8537986,G,H,OPEN,B.Tech,2025,4
'05164,"P.S.G.V.P. Mandal's D.N. Patel College of Engineering, Shahada, Dist. Nandurbar",'0516437210,Electronics and Telecommunication Engg,"Un-Aided Linguistic Minority - Gujar Home University : Kavayitri Bahinabai Chaudhari North Maharashtra University, Jalgaon","Kavayitri Bahinabai Chaudhari North Maharashtra University, Jalgaon",MI,196050,9.0142807,M,I,MI,B.Tech,2025,4
'05168,"T.M.E. Society's J.T.Mahajan College of Engineering, Faizpur",'0516824510,Computer Engineering,"Un-Aided Home University : Kavayitri Bahinabai Chaudhari North Maharashtra University, Jalgaon","Kavayitri Bahinabai Chaudhari North Maharashtra University, Jalgaon",GOBCH,107345,64.3453843,G,H,OBC,B.Tech,2025,4
'05168,"T.M.E. Society's J.T.Mahajan College of Engineering, Faizpur",'0516824510,Computer Engineering,"Un-Aided Home University : Kavayitri Bahinabai Chaudhari North Maharashtra University, Jalgaon","Kavayitri Bahinabai Chaudhari North Maharashtra University, Jalgaon",GSTH,181012,22.1118881,G,H,ST,B.Tech,2025,4
'05168,"T.M.E. Society's J.T.Mahajan College of Engineering, Faizpur",'0516837210,Electronics and Telecommunication Engg,"Un-Aided Home University : Kavayitri Bahinabai Chaudhari North Maharashtra University, Jalgaon","Kavayitri Bahinabai Chaudhari North Maharashtra University, Jalgaon",LOPENO,190309,14.3147873,L,O,OPEN,B.Tech,2025,4
'05168,"T.M.E. Society's J.T.Mahajan College of Engineering, Faizpur",'0516837210,Electronics and Telecommunication Engg,"Un-Aided Home University : Kavayitri Bahinabai Chaudhari North Maharashtra University, Jalgaon","Kavayitri Bahinabai Chaudhari North Maharashtra University, Jalgaon",GSCO,177619,24.9543245,G,O,SC,B.Tech,2025,4
'05168,"T.M.E. Society's J.T.Mahajan College of Engineering, Faizpur",'0516861210,Mechanical Engineering,"Un-Aided Home University : Kavayitri Bahinabai Chaudhari North Maharashtra University, Jalgaon","Kavayitri Bahinabai Chaudhari North Maharashtra University, Jalgaon",GSEBCO,147539,44.5303298,G,O,SEBC,B.Tech,2025,4
'05168,"T.M.E. Society's J.T.Mahajan College of Engineering, Faizpur",'0516861210,Mechanical Engineering,"Un-Aided Home University : Kavayitri Bahinabai Chaudhari North Maharashtra University, Jalgaon","Kavayitri Bahinabai Chaudhari North Maharashtra University, Jalgaon",LSCO,117423,60.2517483,L,O,SC,B.Tech,2025,4
'05169,"Nagaon Education Society's Gangamai College of Engineering, Nagaon, Tal Dist Dhule",'0516919110,Civil Engineering,Un-Aided,Unknown,GOPENH,184133,19.4484962,G,H,OPEN,B.Tech,2025,4
'05169,"Nagaon Education Society's Gangamai College of Engineering, Nagaon, Tal Dist Dhule",'0516924510,Computer Engineering,Un-Aided,Unknown,GOPENO,195602,9.4338928,G,O,OPEN,B.Tech,2025,4
'05169,"Nagaon Education Society's Gangamai College of Engineering, Nagaon, Tal Dist Dhule",'0516929310,Electrical Engineering,Un-Aided,Unknown,LOPENH,186451,17.8544822,L,H,OPEN,B.Tech,2025,4
'05169,"Nagaon Education Society's Gangamai College of Engineering, Nagaon, Tal Dist Dhule",'0516937210,Electronics and Telecommunication Engg,Un-Aided,Unknown,LOPENO,192645,12.3781915,L,O,OPEN,B.Tech,2025,4
'05169,"Nagaon Education Society's Gangamai College of Engineering, Nagaon, Tal Dist Dhule",'0516961210,Mechanical Engineering,Un-Aided,Unknown,GNT2H,186502,17.8544822,G,H,NT2,B.Tech,2025,4
'05169,"Nagaon Education Society's Gangamai College of Engineering, Nagaon, Tal Dist Dhule",'0516961210,Mechanical Engineering,Un-Aided,Unknown,GNT1H,193184,11.6988417,G,H,NT1,B.Tech,2025,4
'05169,"Nagaon Education Society's Gangamai College of Engineering, Nagaon, Tal Dist Dhule",'0516961210,Mechanical Engineering,Un-Aided,Unknown,GSEBCH,201178,3.4408227,G,H,SEBC,B.Tech,2025,4
'05169,"Nagaon Education Society's Gangamai College of Engineering, Nagaon, Tal Dist Dhule",'0516961210,Mechanical Engineering,Un-Aided,Unknown,LSEBCH,202081,2.3757781,L,H,SEBC,B.Tech,2025,4
'05170,"Hindi Seva Mandal's Shri Sant Gadgebaba College of Engineering & Technology, Bhusawal",'0517019110,Civil Engineering,Un-Aided Autonomous Linguistic Minority - Hindi Home University : Autonomous Institute,Autonomous Institute,GOPENS,164477,34.8967510,G,S,OPEN,B.Tech,2025,4
'05170,"Hindi Seva Mandal's Shri Sant Gadgebaba College of Engineering & Technology, Bhusawal",'0517019110,Civil Engineering,Un-Aided Autonomous Linguistic Minority - Hindi Home University : Autonomous Institute,Autonomous Institute,LOPENS,198798,6.2359571,L,S,OPEN,B.Tech,2025,4
'05170,"Hindi Seva Mandal's Shri Sant Gadgebaba College of Engineering & Technology, Bhusawal",'0517024210,Computer Science and Engineering,Un-Aided Autonomous Linguistic Minority - Hindi Home University : Autonomous Institute,Autonomous Institute,GOPENS,91104,71.0971787,G,S,OPEN,B.Tech,2025,4
'05170,"Hindi Seva Mandal's Shri Sant Gadgebaba College of Engineering & Technology, Bhusawal",'0517024210,Computer Science and Engineering,Un-Aided Autonomous Linguistic Minority - Hindi Home University : Autonomous Institute,Autonomous Institute,MI,142725,47.1398578,M,I,MI,B.Tech,2025,4
'05170,"Hindi Seva Mandal's Shri Sant Gadgebaba College of Engineering & Technology, Bhusawal",'0517029310,Electrical Engineering,Un-Aided Autonomous Linguistic Minority - Hindi Home University : Autonomous Institute,Autonomous Institute,GOPENS,198080,7.1251441,G,S,OPEN,B.Tech,2025,4
'05170,"Hindi Seva Mandal's Shri Sant Gadgebaba College of Engineering & Technology, Bhusawal",'0517037210,Electronics and Telecommunication Engg,Un-Aided Autonomous Linguistic Minority - Hindi Home University : Autonomous Institute,Autonomous Institute,GOPENS,202894,1.2434692,G,S,OPEN,B.Tech,2025,4
'05170,"Hindi Seva Mandal's Shri Sant Gadgebaba College of Engineering & Technology, Bhusawal",'0517091210,Computer Science and Engineering(Data Science),Un-Aided Autonomous Linguistic Minority - Hindi Home University : Autonomous Institute,Autonomous Institute,MI,182491,38.7820641,M,I,MI,B.Tech,2025,4
'05171,"Godavari Foundation's Godavari College Of Engineering, Jalgaon",'0517124510,Computer Engineering,"Un-Aided Home University : Kavayitri Bahinabai Chaudhari North Maharashtra University, Jalgaon","Kavayitri Bahinabai Chaudhari North Maharashtra University, Jalgaon",GOPENH,142379,47.3563218,G,H,OPEN,B.Tech,2025,4
'05171,"Godavari Foundation's Godavari College Of Engineering, Jalgaon",'0517124510,Computer Engineering,"Un-Aided Home University : Kavayitri Bahinabai Chaudhari North Maharashtra University, Jalgaon","Kavayitri Bahinabai Chaudhari North Maharashtra University, Jalgaon",GNT2H,148207,43.9154166,G,H,NT2,B.Tech,2025,4
'05171,"Godavari Foundation's Godavari College Of Engineering, Jalgaon",'0517124510,Computer Engineering,"Un-Aided Home University : Kavayitri Bahinabai Chaudhari North Maharashtra University, Jalgaon","Kavayitri Bahinabai Chaudhari North Maharashtra University, Jalgaon",GOBCH,143561,47.0502678,G,H,OBC,B.Tech,2025,4
'05171,"Godavari Foundation's Godavari College Of Engineering, Jalgaon",'0517124510,Computer Engineering,"Un-Aided Home University : Kavayitri Bahinabai Chaudhari North Maharashtra University, Jalgaon","Kavayitri Bahinabai Chaudhari North Maharashtra University, Jalgaon",LOPENH,94768,69.4561708,L,H,OPEN,B.Tech,2025,4
'05171,"Godavari Foundation's Godavari College Of Engineering, Jalgaon",'0517124510,Computer Engineering,"Un-Aided Home University : Kavayitri Bahinabai Chaudhari North Maharashtra University, Jalgaon","Kavayitri Bahinabai Chaudhari North Maharashtra University, Jalgaon",GSEBCH,142487,47.3563218,G,H,SEBC,B.Tech,2025,4
'05171,"Godavari Foundation's Godavari College Of Engineering, Jalgaon",'0517124510,Computer Engineering,"Un-Aided Home University : Kavayitri Bahinabai Chaudhari North Maharashtra University, Jalgaon","Kavayitri Bahinabai Chaudhari North Maharashtra University, Jalgaon",PWDSEBCH,118618,59.2797111,P,H,PWD,B.Tech,2025,4
'05171,"Godavari Foundation's Godavari College Of Engineering, Jalgaon",'0517126310,Artificial Intelligence (AI) and Data Science,"Un-Aided Home University : Kavayitri Bahinabai Chaudhari North Maharashtra University, Jalgaon","Kavayitri Bahinabai Chaudhari North Maharashtra University, Jalgaon",GOPENH,130689,53.6771201,G,H,OPEN,B.Tech,2025,4
'05171,"Godavari Foundation's Godavari College Of Engineering, Jalgaon",'0517126310,Artificial Intelligence (AI) and Data Science,"Un-Aided Home University : Kavayitri Bahinabai Chaudhari North Maharashtra University, Jalgaon","Kavayitri Bahinabai Chaudhari North Maharashtra University, Jalgaon",LOPENH,100819,66.9498069,L,H,OPEN,B.Tech,2025,4
'05171,"Godavari Foundation's Godavari College Of Engineering, Jalgaon",'0517126310,Artificial Intelligence (AI) and Data Science,"Un-Aided Home University : Kavayitri Bahinabai Chaudhari North Maharashtra University, Jalgaon","Kavayitri Bahinabai Chaudhari North Maharashtra University, Jalgaon",LOBCH,135312,51.1762787,L,H,OBC,B.Tech,2025,4
'05171,"Godavari Foundation's Godavari College Of Engineering, Jalgaon",'0517129310,Electrical Engineering,"Un-Aided Home University : Kavayitri Bahinabai Chaudhari North Maharashtra University, Jalgaon","Kavayitri Bahinabai Chaudhari North Maharashtra University, Jalgaon",GOPENH,164080,35.1590106,G,H,OPEN,B.Tech,2025,4
'05171,"Godavari Foundation's Godavari College Of Engineering, Jalgaon",'0517129310,Electrical Engineering,"Un-Aided Home University : Kavayitri Bahinabai Chaudhari North Maharashtra University, Jalgaon","Kavayitri Bahinabai Chaudhari North Maharashtra University, Jalgaon",GVJH,201848,2.6606735,G,H,VJ,B.Tech,2025,4
'05171,"Godavari Foundation's Godavari College Of Engineering, Jalgaon",'0517129310,Electrical Engineering,"Un-Aided Home University : Kavayitri Bahinabai Chaudhari North Maharashtra University, Jalgaon","Kavayitri Bahinabai Chaudhari North Maharashtra University, Jalgaon",LOPENH,175700,25.8355418,L,H,OPEN,B.Tech,2025,4
'05171,"Godavari Foundation's Godavari College Of Engineering, Jalgaon",'0517129310,Electrical Engineering,"Un-Aided Home University : Kavayitri Bahinabai Chaudhari North Maharashtra University, Jalgaon","Kavayitri Bahinabai Chaudhari North Maharashtra University, Jalgaon",PWDOBCH,196611,8.5366296,P,H,PWD,B.Tech,2025,4
'05171,"Godavari Foundation's Godavari College Of Engineering, Jalgaon",'0517129310,Electrical Engineering,"Un-Aided Home University : Kavayitri Bahinabai Chaudhari North Maharashtra University, Jalgaon","Kavayitri Bahinabai Chaudhari North Maharashtra University, Jalgaon",GSCH,189043,15.4704064,G,H,SC,B.Tech,2025,4
'05171,"Godavari Foundation's Godavari College Of Engineering, Jalgaon",'0517129310,Electrical Engineering,"Un-Aided Home University : Kavayitri Bahinabai Chaudhari North Maharashtra University, Jalgaon","Kavayitri Bahinabai Chaudhari North Maharashtra University, Jalgaon",GNT1H,179586,22.9939635,G,H,NT1,B.Tech,2025,4
'05171,"Godavari Foundation's Godavari College Of Engineering, Jalgaon",'0517129310,Electrical Engineering,"Un-Aided Home University : Kavayitri Bahinabai Chaudhari North Maharashtra University, Jalgaon","Kavayitri Bahinabai Chaudhari North Maharashtra University, Jalgaon",GNT3H,180043,22.8214173,G,H,NT3,B.Tech,2025,4
'05171,"Godavari Foundation's Godavari College Of Engineering, Jalgaon",'0517129310,Electrical Engineering,"Un-Aided Home University : Kavayitri Bahinabai Chaudhari North Maharashtra University, Jalgaon","Kavayitri Bahinabai Chaudhari North Maharashtra University, Jalgaon",GSEBCH,191352,13.3124347,G,H,SEBC,B.Tech,2025,4
'05171,"Godavari Foundation's Godavari College Of Engineering, Jalgaon",'0517129310,Electrical Engineering,"Un-Aided Home University : Kavayitri Bahinabai Chaudhari North Maharashtra University, Jalgaon","Kavayitri Bahinabai Chaudhari North Maharashtra University, Jalgaon",LSEBCH,190052,14.7567322,L,H,SEBC,B.Tech,2025,4
'05171,"Godavari Foundation's Godavari College Of Engineering, Jalgaon",'0517137210,Electronics and Telecommunication Engg,"Un-Aided Home University : Kavayitri Bahinabai Chaudhari North Maharashtra University, Jalgaon","Kavayitri Bahinabai Chaudhari North Maharashtra University, Jalgaon",GOPENO,175286,25.9873754,G,O,OPEN,B.Tech,2025,4
'05171,"Godavari Foundation's Godavari College Of Engineering, Jalgaon",'0517137210,Electronics and Telecommunication Engg,"Un-Aided Home University : Kavayitri Bahinabai Chaudhari North Maharashtra University, Jalgaon","Kavayitri Bahinabai Chaudhari North Maharashtra University, Jalgaon",GOBCO,182035,21.6174291,G,O,OBC,B.Tech,2025,4
'05171,"Godavari Foundation's Godavari College Of Engineering, Jalgaon",'0517137210,Electronics and Telecommunication Engg,"Un-Aided Home University : Kavayitri Bahinabai Chaudhari North Maharashtra University, Jalgaon","Kavayitri Bahinabai Chaudhari North Maharashtra University, Jalgaon",GVJO,192155,12.9554081,G,O,VJ,B.Tech,2025,4
'05171,"Godavari Foundation's Godavari College Of Engineering, Jalgaon",'0517161210,Mechanical Engineering,"Un-Aided Home University : Kavayitri Bahinabai Chaudhari North Maharashtra University, Jalgaon","Kavayitri Bahinabai Chaudhari North Maharashtra University, Jalgaon",GOPENH,187460,16.6909773,G,H,OPEN,B.Tech,2025,4
'05171,"Godavari Foundation's Godavari College Of Engineering, Jalgaon",'0517161210,Mechanical Engineering,"Un-Aided Home University : Kavayitri Bahinabai Chaudhari North Maharashtra University, Jalgaon","Kavayitri Bahinabai Chaudhari North Maharashtra University, Jalgaon",GOBCH,193650,11.1969965,G,H,OBC,B.Tech,2025,4
'05172,"R. C. Patel Institute of Technology, Shirpur",'0517219110,Civil Engineering,Un-Aided Autonomous Linguistic Minority - Gujarathi Home University : Autonomous Institute,Autonomous Institute,GOPENS,123399,57.4017459,G,S,OPEN,B.Tech,2025,4
'05172,"R. C. Patel Institute of Technology, Shirpur",'0517219110,Civil Engineering,Un-Aided Autonomous Linguistic Minority - Gujarathi Home University : Autonomous Institute,Autonomous Institute,LOPENS,114400,61.1295449,L,S,OPEN,B.Tech,2025,4
'05172,"R. C. Patel Institute of Technology, Shirpur",'0517219110,Civil Engineering,Un-Aided Autonomous Linguistic Minority - Gujarathi Home University : Autonomous Institute,Autonomous Institute,MI,132218,53.2228937,M,I,MI,B.Tech,2025,4
'05172,"R. C. Patel Institute of Technology, Shirpur",'0517224510,Computer Engineering,Un-Aided Autonomous Linguistic Minority - Gujarathi Home University : Autonomous Institute,Autonomous Institute,GOPENS,26197,92.3780367,G,S,OPEN,B.Tech,2025,4
'05172,"R. C. Patel Institute of Technology, Shirpur",'0517224510,Computer Engineering,Un-Aided Autonomous Linguistic Minority - Gujarathi Home University : Autonomous Institute,Autonomous Institute,MI,46374,86.2041018,M,I,MI,B.Tech,2025,4
'05172,"R. C. Patel Institute of Technology, Shirpur",'0517224610,Information Technology,Un-Aided Autonomous Linguistic Minority - Gujarathi Home University : Autonomous Institute,Autonomous Institute,GOPENS,64151,80.4732503,G,S,OPEN,B.Tech,2025,4
'05172,"R. C. Patel Institute of Technology, Shirpur",'0517224610,Information Technology,Un-Aided Autonomous Linguistic Minority - Gujarathi Home University : Autonomous Institute,Autonomous Institute,MI,70417,78.4342571,M,I,MI,B.Tech,2025,4
'05172,"R. C. Patel Institute of Technology, Shirpur",'0517229310,Electrical Engineering,Un-Aided Autonomous Linguistic Minority - Gujarathi Home University : Autonomous Institute,Autonomous Institute,GOPENS,86184,72.8948543,G,S,OPEN,B.Tech,2025,4
'05172,"R. C. Patel Institute of Technology, Shirpur",'0517229310,Electrical Engineering,Un-Aided Autonomous Linguistic Minority - Gujarathi Home University : Autonomous Institute,Autonomous Institute,LOPENS,75137,76.8973331,L,S,OPEN,B.Tech,2025,4
'05172,"R. C. Patel Institute of Technology, Shirpur",'0517229310,Electrical Engineering,Un-Aided Autonomous Linguistic Minority - Gujarathi Home University : Autonomous Institute,Autonomous Institute,MI,93146,70.2628092,M,I,MI,B.Tech,2025,4
'05172,"R. C. Patel Institute of Technology, Shirpur",'0517237210,Electronics and Telecommunication Engg,Un-Aided Autonomous Linguistic Minority - Gujarathi Home University : Autonomous Institute,Autonomous Institute,GOPENS,57309,82.8332926,G,S,OPEN,B.Tech,2025,4
'05172,"R. C. Patel Institute of Technology, Shirpur",'0517237210,Electronics and Telecommunication Engg,Un-Aided Autonomous Linguistic Minority - Gujarathi Home University : Autonomous Institute,Autonomous Institute,LOPENS,76544,76.5279741,L,S,OPEN,B.Tech,2025,4
'05172,"R. C. Patel Institute of Technology, Shirpur",'0517237210,Electronics and Telecommunication Engg,Un-Aided Autonomous Linguistic Minority - Gujarathi Home University : Autonomous Institute,Autonomous Institute,MI,80367,75.1716925,M,I,MI,B.Tech,2025,4
'05172,"R. C. Patel Institute of Technology, Shirpur",'0517261210,Mechanical Engineering,Un-Aided Autonomous Linguistic Minority - Gujarathi Home University : Autonomous Institute,Autonomous Institute,GOPENS,96200,68.9620341,G,S,OPEN,B.Tech,2025,4
'05172,"R. C. Patel Institute of Technology, Shirpur",'0517261210,Mechanical Engineering,Un-Aided Autonomous Linguistic Minority - Gujarathi Home University : Autonomous Institute,Autonomous Institute,MI,110127,63.2914656,M,I,MI,B.Tech,2025,4
'05172,"R. C. Patel Institute of Technology, Shirpur",'0517291210,Computer Science and Engineering(Data Science),Un-Aided Autonomous Linguistic Minority - Gujarathi Home University : Autonomous Institute,Autonomous Institute,GOPENS,42602,87.3285356,G,S,OPEN,B.Tech,2025,4
'05172,"R. C. Patel Institute of Technology, Shirpur",'0517291210,Computer Science and Engineering(Data Science),Un-Aided Autonomous Linguistic Minority - Gujarathi Home University : Autonomous Institute,Autonomous Institute,MI,54246,83.7674516,M,I,MI,B.Tech,2025,4
'05172,"R. C. Patel Institute of Technology, Shirpur",'0517292110,Artificial Intelligence and Machine Learning,Un-Aided Autonomous Linguistic Minority - Gujarathi Home University : Autonomous Institute,Autonomous Institute,MI,26207,92.3780367,M,I,MI,B.Tech,2025,4
'05172,"R. C. Patel Institute of Technology, Shirpur",'0517299510,Artificial Intelligence and Data Science,Un-Aided Autonomous Linguistic Minority - Gujarathi Home University : Autonomous Institute,Autonomous Institute,GOPENS,54288,83.7674516,G,S,OPEN,B.Tech,2025,4
'05172,"R. C. Patel Institute of Technology, Shirpur",'0517299510,Artificial Intelligence and Data Science,Un-Aided Autonomous Linguistic Minority - Gujarathi Home University : Autonomous Institute,Autonomous Institute,MI,66024,79.8919296,M,I,MI,B.Tech,2025,4
'05173,"SNJB's Late Sau. Kantabai Bhavarlalji Jain College of Engineering, (Jain Gurukul), Neminagar,Chandwad,(Nashik)",'0517319110,Civil Engineering,Un-Aided Autonomous Religious Minority - Jain,Unknown,GOPENS,101007,66.9498069,G,S,OPEN,B.Tech,2025,4
'05173,"SNJB's Late Sau. Kantabai Bhavarlalji Jain College of Engineering, (Jain Gurukul), Neminagar,Chandwad,(Nashik)",'0517319110,Civil Engineering,Un-Aided Autonomous Religious Minority - Jain,Unknown,MI,104818,65.6307130,M,I,MI,B.Tech,2025,4
'05173,"SNJB's Late Sau. Kantabai Bhavarlalji Jain College of Engineering, (Jain Gurukul), Neminagar,Chandwad,(Nashik)",'0517324510,Computer Engineering,Un-Aided Autonomous Religious Minority - Jain,Unknown,GOPENS,67860,79.3730892,G,S,OPEN,B.Tech,2025,4
'05173,"SNJB's Late Sau. Kantabai Bhavarlalji Jain College of Engineering, (Jain Gurukul), Neminagar,Chandwad,(Nashik)",'0517324510,Computer Engineering,Un-Aided Autonomous Religious Minority - Jain,Unknown,LOPENS,69029,78.6729363,L,S,OPEN,B.Tech,2025,4
'05173,"SNJB's Late Sau. Kantabai Bhavarlalji Jain College of Engineering, (Jain Gurukul), Neminagar,Chandwad,(Nashik)",'0517324510,Computer Engineering,Un-Aided Autonomous Religious Minority - Jain,Unknown,MI,187569,16.6909773,M,I,MI,B.Tech,2025,4
'05173,"SNJB's Late Sau. Kantabai Bhavarlalji Jain College of Engineering, (Jain Gurukul), Neminagar,Chandwad,(Nashik)",'0517337210,Electronics and Telecommunication Engg,Un-Aided Autonomous Religious Minority - Jain,Unknown,GOPENS,85392,73.2612864,G,S,OPEN,B.Tech,2025,4
'05173,"SNJB's Late Sau. Kantabai Bhavarlalji Jain College of Engineering, (Jain Gurukul), Neminagar,Chandwad,(Nashik)",'0517337210,Electronics and Telecommunication Engg,Un-Aided Autonomous Religious Minority - Jain,Unknown,MI,97697,68.4702591,M,I,MI,B.Tech,2025,4
'05173,"SNJB's Late Sau. Kantabai Bhavarlalji Jain College of Engineering, (Jain Gurukul), Neminagar,Chandwad,(Nashik)",'0517337210,Electronics and Telecommunication Engg,Un-Aided Autonomous Religious Minority - Jain,Unknown,MI,90596,71.1730870,M,I,MI,B.Tech,2025,4
'05173,"SNJB's Late Sau. Kantabai Bhavarlalji Jain College of Engineering, (Jain Gurukul), Neminagar,Chandwad,(Nashik)",'0517361210,Mechanical Engineering,Un-Aided Autonomous Religious Minority - Jain,Unknown,GOPENS,70355,78.4342571,G,S,OPEN,B.Tech,2025,4
'05173,"SNJB's Late Sau. Kantabai Bhavarlalji Jain College of Engineering, (Jain Gurukul), Neminagar,Chandwad,(Nashik)",'0517361210,Mechanical Engineering,Un-Aided Autonomous Religious Minority - Jain,Unknown,MI,91896,70.6189283,M,I,MI,B.Tech,2025,4
'05173,"SNJB's Late Sau. Kantabai Bhavarlalji Jain College of Engineering, (Jain Gurukul), Neminagar,Chandwad,(Nashik)",'0517399510,Artificial Intelligence and Data Science,Un-Aided Autonomous Religious Minority - Jain,Unknown,MI,198271,6.6801689,M,I,MI,B.Tech,2025,4
'05177,"Matoshri College of Engineering and Research Centre, Eklahare, Nashik",'0517719110,Civil Engineering,Un-Aided Autonomous,Unknown,GOPENS,122954,57.4376852,G,S,OPEN,B.Tech,2025,4
'05177,"Matoshri College of Engineering and Research Centre, Eklahare, Nashik",'0517719110,Civil Engineering,Un-Aided Autonomous,Unknown,GSCS,180476,22.3617813,G,S,SC,B.Tech,2025,4
'05177,"Matoshri College of Engineering and Research Centre, Eklahare, Nashik",'0517719110,Civil Engineering,Un-Aided Autonomous,Unknown,GOBCS,128558,54.5739657,G,S,OBC,B.Tech,2025,4
'05177,"Matoshri College of Engineering and Research Centre, Eklahare, Nashik",'0517719110,Civil Engineering,Un-Aided Autonomous,Unknown,GSEBCS,160878,36.1811489,G,S,SEBC,B.Tech,2025,4
'05177,"Matoshri College of Engineering and Research Centre, Eklahare, Nashik",'0517719110,Civil Engineering,Un-Aided Autonomous,Unknown,LOPENS,131987,53.2228937,L,S,OPEN,B.Tech,2025,4
'05177,"Matoshri College of Engineering and Research Centre, Eklahare, Nashik",'0517719110,Civil Engineering,Un-Aided Autonomous,Unknown,DEFOBCS,127441,55.2744499,D,S,OBC,B.Tech,2025,4
'05177,"Matoshri College of Engineering and Research Centre, Eklahare, Nashik",'0517719110,Civil Engineering,Un-Aided Autonomous,Unknown,GVJS,128220,54.5872518,G,S,VJ,B.Tech,2025,4
'05177,"Matoshri College of Engineering and Research Centre, Eklahare, Nashik",'0517724510,Computer Engineering,Un-Aided Autonomous,Unknown,GOPENS,87605,72.1028020,G,S,OPEN,B.Tech,2025,4
'05177,"Matoshri College of Engineering and Research Centre, Eklahare, Nashik",'0517724510,Computer Engineering,Un-Aided Autonomous,Unknown,GSCS,119289,58.8994542,G,S,SC,B.Tech,2025,4
'05177,"Matoshri College of Engineering and Research Centre, Eklahare, Nashik",'0517724510,Computer Engineering,Un-Aided Autonomous,Unknown,GVJS,101324,66.9039004,G,S,VJ,B.Tech,2025,4
'05177,"Matoshri College of Engineering and Research Centre, Eklahare, Nashik",'0517724510,Computer Engineering,Un-Aided Autonomous,Unknown,GOBCS,90287,71.4755245,G,S,OBC,B.Tech,2025,4
'05177,"Matoshri College of Engineering and Research Centre, Eklahare, Nashik",'0517724510,Computer Engineering,Un-Aided Autonomous,Unknown,LOPENS,88778,71.6607627,L,S,OPEN,B.Tech,2025,4
'05177,"Matoshri College of Engineering and Research Centre, Eklahare, Nashik",'0517724510,Computer Engineering,Un-Aided Autonomous,Unknown,LSCS,156661,39.3601986,L,S,SC,B.Tech,2025,4
'05177,"Matoshri College of Engineering and Research Centre, Eklahare, Nashik",'0517724510,Computer Engineering,Un-Aided Autonomous,Unknown,LNT1S,111210,62.9184580,L,S,NT1,B.Tech,2025,4
'05177,"Matoshri College of Engineering and Research Centre, Eklahare, Nashik",'0517724510,Computer Engineering,Un-Aided Autonomous,Unknown,LOBCS,94155,69.8498837,L,S,OBC,B.Tech,2025,4
'05177,"Matoshri College of Engineering and Research Centre, Eklahare, Nashik",'0517724510,Computer Engineering,Un-Aided Autonomous,Unknown,TFWS,59312,82.1319232,T,S,TFWS,B.Tech,2025,4
'05177,"Matoshri College of Engineering and Research Centre, Eklahare, Nashik",'0517724510,Computer Engineering,Un-Aided Autonomous,Unknown,DEFOBCS,84650,73.4722277,D,S,OBC,B.Tech,2025,4
'05177,"Matoshri College of Engineering and Research Centre, Eklahare, Nashik",'0517724510,Computer Engineering,Un-Aided Autonomous,Unknown,PWDOPENS,89934,71.4842352,P,S,PWD,B.Tech,2025,4
'05177,"Matoshri College of Engineering and Research Centre, Eklahare, Nashik",'0517724510,Computer Engineering,Un-Aided Autonomous,Unknown,GSTS,93315,70.2033567,G,S,ST,B.Tech,2025,4
'05177,"Matoshri College of Engineering and Research Centre, Eklahare, Nashik",'0517724510,Computer Engineering,Un-Aided Autonomous,Unknown,LSTS,92688,70.5005064,L,S,ST,B.Tech,2025,4
'05177,"Matoshri College of Engineering and Research Centre, Eklahare, Nashik",'0517724610,Information Technology,Un-Aided Autonomous,Unknown,GOPENS,99099,68.1117918,G,S,OPEN,B.Tech,2025,4
'05177,"Matoshri College of Engineering and Research Centre, Eklahare, Nashik",'0517724610,Information Technology,Un-Aided Autonomous,Unknown,GSCS,154118,40.6822054,G,S,SC,B.Tech,2025,4
'05177,"Matoshri College of Engineering and Research Centre, Eklahare, Nashik",'0517724610,Information Technology,Un-Aided Autonomous,Unknown,GOBCS,103506,66.1695365,G,S,OBC,B.Tech,2025,4
'05177,"Matoshri College of Engineering and Research Centre, Eklahare, Nashik",'0517724610,Information Technology,Un-Aided Autonomous,Unknown,LOPENS,99655,67.8236662,L,S,OPEN,B.Tech,2025,4
'05177,"Matoshri College of Engineering and Research Centre, Eklahare, Nashik",'0517724610,Information Technology,Un-Aided Autonomous,Unknown,LSCS,168646,32.0008834,L,S,SC,B.Tech,2025,4
'05177,"Matoshri College of Engineering and Research Centre, Eklahare, Nashik",'0517724610,Information Technology,Un-Aided Autonomous,Unknown,LOBCS,106911,64.3871019,L,S,OBC,B.Tech,2025,4
'05177,"Matoshri College of Engineering and Research Centre, Eklahare, Nashik",'0517724610,Information Technology,Un-Aided Autonomous,Unknown,TFWS,96230,68.9620341,T,S,TFWS,B.Tech,2025,4
'05177,"Matoshri College of Engineering and Research Centre, Eklahare, Nashik",'0517724610,Information Technology,Un-Aided Autonomous,Unknown,EWS,167773,32.1281783,E,S,EWS,B.Tech,2025,4
'05177,"Matoshri College of Engineering and Research Centre, Eklahare, Nashik",'0517724610,Information Technology,Un-Aided Autonomous,Unknown,DEFSEBCS,108600,63.6512871,D,S,SEBC,B.Tech,2025,4
'05177,"Matoshri College of Engineering and Research Centre, Eklahare, Nashik",'0517724610,Information Technology,Un-Aided Autonomous,Unknown,PWDSEBCS,107300,64.3453843,P,S,PWD,B.Tech,2025,4
'05177,"Matoshri College of Engineering and Research Centre, Eklahare, Nashik",'0517729310,Electrical Engineering,Un-Aided Autonomous,Unknown,GOPENS,108607,63.6512871,G,S,OPEN,B.Tech,2025,4
'05177,"Matoshri College of Engineering and Research Centre, Eklahare, Nashik",'0517729310,Electrical Engineering,Un-Aided Autonomous,Unknown,GOBCS,109922,63.3986014,G,S,OBC,B.Tech,2025,4
'05177,"Matoshri College of Engineering and Research Centre, Eklahare, Nashik",'0517729310,Electrical Engineering,Un-Aided Autonomous,Unknown,LOPENS,109460,63.4714222,L,S,OPEN,B.Tech,2025,4
'05177,"Matoshri College of Engineering and Research Centre, Eklahare, Nashik",'0517729310,Electrical Engineering,Un-Aided Autonomous,Unknown,LNT2S,143296,47.1396200,L,S,NT2,B.Tech,2025,4
'05177,"Matoshri College of Engineering and Research Centre, Eklahare, Nashik",'0517729310,Electrical Engineering,Un-Aided Autonomous,Unknown,LSEBCS,147691,44.2599775,L,S,SEBC,B.Tech,2025,4
'05177,"Matoshri College of Engineering and Research Centre, Eklahare, Nashik",'0517737210,Electronics and Telecommunication Engg,Un-Aided Autonomous,Unknown,GOPENS,99161,68.1117918,G,S,OPEN,B.Tech,2025,4
'05177,"Matoshri College of Engineering and Research Centre, Eklahare, Nashik",'0517737210,Electronics and Telecommunication Engg,Un-Aided Autonomous,Unknown,GSCS,159336,37.6293706,G,S,SC,B.Tech,2025,4
'05177,"Matoshri College of Engineering and Research Centre, Eklahare, Nashik",'0517737210,Electronics and Telecommunication Engg,Un-Aided Autonomous,Unknown,GNT1S,155947,39.6653303,G,S,NT1,B.Tech,2025,4
'05177,"Matoshri College of Engineering and Research Centre, Eklahare, Nashik",'0517737210,Electronics and Telecommunication Engg,Un-Aided Autonomous,Unknown,LOBCS,98810,68.1164395,L,S,OBC,B.Tech,2025,4
'05177,"Matoshri College of Engineering and Research Centre, Eklahare, Nashik",'0517737210,Electronics and Telecommunication Engg,Un-Aided Autonomous,Unknown,TFWS,95067,69.3295893,T,S,TFWS,B.Tech,2025,4
'05177,"Matoshri College of Engineering and Research Centre, Eklahare, Nashik",'0517737210,Electronics and Telecommunication Engg,Un-Aided Autonomous,Unknown,LSCS,176146,25.7272727,L,S,SC,B.Tech,2025,4
'05177,"Matoshri College of Engineering and Research Centre, Eklahare, Nashik",'0517737210,Electronics and Telecommunication Engg,Un-Aided Autonomous,Unknown,LNT1S,156649,39.3601986,L,S,NT1,B.Tech,2025,4
'05177,"Matoshri College of Engineering and Research Centre, Eklahare, Nashik",'0517737210,Electronics and Telecommunication Engg,Un-Aided Autonomous,Unknown,ORPHAN,108415,63.6512871,O,N,ORPHAN,B.Tech,2025,4
'05177,"Matoshri College of Engineering and Research Centre, Eklahare, Nashik",'0517761210,Mechanical Engineering,Un-Aided Autonomous,Unknown,GOPENS,96972,68.8687467,G,S,OPEN,B.Tech,2025,4
'05177,"Matoshri College of Engineering and Research Centre, Eklahare, Nashik",'0517761210,Mechanical Engineering,Un-Aided Autonomous,Unknown,GSCS,174750,26.7336064,G,S,SC,B.Tech,2025,4
'05177,"Matoshri College of Engineering and Research Centre, Eklahare, Nashik",'0517761210,Mechanical Engineering,Un-Aided Autonomous,Unknown,GVJS,134767,51.5716400,G,S,VJ,B.Tech,2025,4
'05177,"Matoshri College of Engineering and Research Centre, Eklahare, Nashik",'0517761210,Mechanical Engineering,Un-Aided Autonomous,Unknown,LOPENS,112014,62.1412608,L,S,OPEN,B.Tech,2025,4
'05177,"Matoshri College of Engineering and Research Centre, Eklahare, Nashik",'0517761210,Mechanical Engineering,Un-Aided Autonomous,Unknown,LOBCS,134400,51.7009371,L,S,OBC,B.Tech,2025,4
'05177,"Matoshri College of Engineering and Research Centre, Eklahare, Nashik",'0517761210,Mechanical Engineering,Un-Aided Autonomous,Unknown,LSEBCS,185738,18.5475444,L,S,SEBC,B.Tech,2025,4
'05177,"Matoshri College of Engineering and Research Centre, Eklahare, Nashik",'0517761210,Mechanical Engineering,Un-Aided Autonomous,Unknown,LSTS,111228,62.9184580,L,S,ST,B.Tech,2025,4
'05177,"Matoshri College of Engineering and Research Centre, Eklahare, Nashik",'0517784410,Electronics and Computer Engineering,Un-Aided Autonomous,Unknown,GVJS,145383,45.9816283,G,S,VJ,B.Tech,2025,4
'05177,"Matoshri College of Engineering and Research Centre, Eklahare, Nashik",'0517784410,Electronics and Computer Engineering,Un-Aided Autonomous,Unknown,GSEBCS,137976,50.3223138,G,S,SEBC,B.Tech,2025,4
'05177,"Matoshri College of Engineering and Research Centre, Eklahare, Nashik",'0517784410,Electronics and Computer Engineering,Un-Aided Autonomous,Unknown,DEFOPENS,104814,65.6307130,D,S,OPEN,B.Tech,2025,4
'05177,"Matoshri College of Engineering and Research Centre, Eklahare, Nashik",'0517784410,Electronics and Computer Engineering,Un-Aided Autonomous,Unknown,GSTS,102931,66.2972028,G,S,ST,B.Tech,2025,4
'05177,"Matoshri College of Engineering and Research Centre, Eklahare, Nashik",'0517799510,Artificial Intelligence and Data Science,Un-Aided Autonomous,Unknown,GOPENS,89555,71.5562808,G,S,OPEN,B.Tech,2025,4
'05177,"Matoshri College of Engineering and Research Centre, Eklahare, Nashik",'0517799510,Artificial Intelligence and Data Science,Un-Aided Autonomous,Unknown,GSCS,96871,68.8687467,G,S,SC,B.Tech,2025,4
'05177,"Matoshri College of Engineering and Research Centre, Eklahare, Nashik",'0517799510,Artificial Intelligence and Data Science,Un-Aided Autonomous,Unknown,GVJS,104676,65.6692751,G,S,VJ,B.Tech,2025,4
'05177,"Matoshri College of Engineering and Research Centre, Eklahare, Nashik",'0517799510,Artificial Intelligence and Data Science,Un-Aided Autonomous,Unknown,GNT1S,115606,60.6344780,G,S,NT1,B.Tech,2025,4
'05177,"Matoshri College of Engineering and Research Centre, Eklahare, Nashik",'0517799510,Artificial Intelligence and Data Science,Un-Aided Autonomous,Unknown,GOBCS,89877,71.4842352,G,S,OBC,B.Tech,2025,4
'05177,"Matoshri College of Engineering and Research Centre, Eklahare, Nashik",'0517799510,Artificial Intelligence and Data Science,Un-Aided Autonomous,Unknown,GSEBCS,99219,68.1117918,G,S,SEBC,B.Tech,2025,4
'05177,"Matoshri College of Engineering and Research Centre, Eklahare, Nashik",'0517799510,Artificial Intelligence and Data Science,Un-Aided Autonomous,Unknown,LOPENS,88869,71.6607627,L,S,OPEN,B.Tech,2025,4
'05177,"Matoshri College of Engineering and Research Centre, Eklahare, Nashik",'0517799510,Artificial Intelligence and Data Science,Un-Aided Autonomous,Unknown,LSCS,183319,20.3327444,L,S,SC,B.Tech,2025,4
'05177,"Matoshri College of Engineering and Research Centre, Eklahare, Nashik",'0517799510,Artificial Intelligence and Data Science,Un-Aided Autonomous,Unknown,EWS,148460,43.7443400,E,S,EWS,B.Tech,2025,4
'05177,"Matoshri College of Engineering and Research Centre, Eklahare, Nashik",'0517799510,Artificial Intelligence and Data Science,Un-Aided Autonomous,Unknown,PWDOPENS,90889,71.1730870,P,S,PWD,B.Tech,2025,4
'05177,"Matoshri College of Engineering and Research Centre, Eklahare, Nashik",'0517799510,Artificial Intelligence and Data Science,Un-Aided Autonomous,Unknown,GSTS,92429,70.5072010,G,S,ST,B.Tech,2025,4
'05177,"Matoshri College of Engineering and Research Centre, Eklahare, Nashik",'0517799510,Artificial Intelligence and Data Science,Un-Aided Autonomous,Unknown,LSTS,81687,74.5404987,L,S,ST,B.Tech,2025,4
'05179,"Vishwabharati Academy's College of Engineering, Ahmednagar",'0517919110,Civil Engineering,Un-Aided,Unknown,LOPENH,162577,35.7798895,L,H,OPEN,B.Tech,2025,4
'05179,"Vishwabharati Academy's College of Engineering, Ahmednagar",'0517919110,Civil Engineering,Un-Aided,Unknown,LNT3H,150438,43.1964993,L,H,NT3,B.Tech,2025,4
'05179,"Vishwabharati Academy's College of Engineering, Ahmednagar",'0517924510,Computer Engineering,Un-Aided,Unknown,LOPENO,199696,5.1955268,L,O,OPEN,B.Tech,2025,4
'05179,"Vishwabharati Academy's College of Engineering, Ahmednagar",'0517926310,Artificial Intelligence (AI) and Data Science,Un-Aided,Unknown,GOPENH,162314,35.9295868,G,H,OPEN,B.Tech,2025,4
'05179,"Vishwabharati Academy's College of Engineering, Ahmednagar",'0517926310,Artificial Intelligence (AI) and Data Science,Un-Aided,Unknown,GOBCH,165421,33.0802795,G,H,OBC,B.Tech,2025,4
'05179,"Vishwabharati Academy's College of Engineering, Ahmednagar",'0517926310,Artificial Intelligence (AI) and Data Science,Un-Aided,Unknown,LOPENH,163865,35.4407253,L,H,OPEN,B.Tech,2025,4
'05179,"Vishwabharati Academy's College of Engineering, Ahmednagar",'0517926310,Artificial Intelligence (AI) and Data Science,Un-Aided,Unknown,LOBCH,164877,33.4650350,L,H,OBC,B.Tech,2025,4
'05179,"Vishwabharati Academy's College of Engineering, Ahmednagar",'0517926310,Artificial Intelligence (AI) and Data Science,Un-Aided,Unknown,PWDOPENH,166551,32.5451434,P,H,PWD,B.Tech,2025,4
'05179,"Vishwabharati Academy's College of Engineering, Ahmednagar",'0517926310,Artificial Intelligence (AI) and Data Science,Un-Aided,Unknown,PWDOBCH,176199,25.7272727,P,H,PWD,B.Tech,2025,4
'05179,"Vishwabharati Academy's College of Engineering, Ahmednagar",'0517926310,Artificial Intelligence (AI) and Data Science,Un-Aided,Unknown,GSCH,174126,28.2789485,G,H,SC,B.Tech,2025,4
'05179,"Vishwabharati Academy's College of Engineering, Ahmednagar",'0517926310,Artificial Intelligence (AI) and Data Science,Un-Aided,Unknown,GSTH,175384,25.9683560,G,H,ST,B.Tech,2025,4
'05179,"Vishwabharati Academy's College of Engineering, Ahmednagar",'0517926310,Artificial Intelligence (AI) and Data Science,Un-Aided,Unknown,GSEBCH,165977,32.6791073,G,H,SEBC,B.Tech,2025,4
'05179,"Vishwabharati Academy's College of Engineering, Ahmednagar",'0517929310,Electrical Engineering,Un-Aided,Unknown,GOPENH,197235,7.8234926,G,H,OPEN,B.Tech,2025,4
'05179,"Vishwabharati Academy's College of Engineering, Ahmednagar",'0517961210,Mechanical Engineering,Un-Aided,Unknown,LOPENH,193682,11.1969965,L,H,OPEN,B.Tech,2025,4
'05179,"Vishwabharati Academy's College of Engineering, Ahmednagar",'0517984410,Electronics and Computer Engineering,Un-Aided,Unknown,GOPENH,184748,19.1697794,G,H,OPEN,B.Tech,2025,4
'05179,"Vishwabharati Academy's College of Engineering, Ahmednagar",'0517984410,Electronics and Computer Engineering,Un-Aided,Unknown,PWDOBCH,178238,24.7167509,P,H,PWD,B.Tech,2025,4
'05181,"Gokhale Education Society's, R.H. Sapat College of Engineering, Management Studies and Research, Nashik",'0518119110,Civil Engineering,Un-Aided,Unknown,GOPENH,116990,60.3213757,G,H,OPEN,B.Tech,2025,4
'05181,"Gokhale Education Society's, R.H. Sapat College of Engineering, Management Studies and Research, Nashik",'0518119110,Civil Engineering,Un-Aided,Unknown,GNT3H,134664,51.5716400,G,H,NT3,B.Tech,2025,4
'05181,"Gokhale Education Society's, R.H. Sapat College of Engineering, Management Studies and Research, Nashik",'0518119110,Civil Engineering,Un-Aided,Unknown,GOBCH,120522,58.6907687,G,H,OBC,B.Tech,2025,4
'05181,"Gokhale Education Society's, R.H. Sapat College of Engineering, Management Studies and Research, Nashik",'0518124510,Computer Engineering,Un-Aided,Unknown,GOPENH,48348,85.5729148,G,H,OPEN,B.Tech,2025,4
'05181,"Gokhale Education Society's, R.H. Sapat College of Engineering, Management Studies and Research, Nashik",'0518124510,Computer Engineering,Un-Aided,Unknown,GSCH,112074,62.1412608,G,H,SC,B.Tech,2025,4
'05181,"Gokhale Education Society's, R.H. Sapat College of Engineering, Management Studies and Research, Nashik",'0518124510,Computer Engineering,Un-Aided,Unknown,GNT2H,104673,65.6692751,G,H,NT2,B.Tech,2025,4
'05181,"Gokhale Education Society's, R.H. Sapat College of Engineering, Management Studies and Research, Nashik",'0518124510,Computer Engineering,Un-Aided,Unknown,LOPENH,50356,84.9728618,L,H,OPEN,B.Tech,2025,4
'05181,"Gokhale Education Society's, R.H. Sapat College of Engineering, Management Studies and Research, Nashik",'0518129310,Electrical Engineering,Un-Aided,Unknown,GOPENO,42546,87.3285356,G,O,OPEN,B.Tech,2025,4
'05181,"Gokhale Education Society's, R.H. Sapat College of Engineering, Management Studies and Research, Nashik",'0518129310,Electrical Engineering,Un-Aided,Unknown,GSCO,95275,69.3295893,G,O,SC,B.Tech,2025,4
'05181,"Gokhale Education Society's, R.H. Sapat College of Engineering, Management Studies and Research, Nashik",'0518129310,Electrical Engineering,Un-Aided,Unknown,GNT2O,116471,60.4221150,G,O,NT2,B.Tech,2025,4
'05181,"Gokhale Education Society's, R.H. Sapat College of Engineering, Management Studies and Research, Nashik",'0518137210,Electronics and Telecommunication Engg,Un-Aided,Unknown,GOPENH,72803,77.5384615,G,H,OPEN,B.Tech,2025,4
'05181,"Gokhale Education Society's, R.H. Sapat College of Engineering, Management Studies and Research, Nashik",'0518137210,Electronics and Telecommunication Engg,Un-Aided,Unknown,LOPENH,61790,81.1967017,L,H,OPEN,B.Tech,2025,4
'05181,"Gokhale Education Society's, R.H. Sapat College of Engineering, Management Studies and Research, Nashik",'0518161210,Mechanical Engineering,Un-Aided,Unknown,GOPENH,94531,69.4936445,G,H,OPEN,B.Tech,2025,4
'05181,"Gokhale Education Society's, R.H. Sapat College of Engineering, Management Studies and Research, Nashik",'0518161210,Mechanical Engineering,Un-Aided,Unknown,LSTH,102459,66.3795642,L,H,ST,B.Tech,2025,4
'05181,"Gokhale Education Society's, R.H. Sapat College of Engineering, Management Studies and Research, Nashik",'0518199510,Artificial Intelligence and Data Science,Un-Aided,Unknown,LOPENH,45954,86.3462208,L,H,OPEN,B.Tech,2025,4
'05182,"Kalyani Charitable Trust, Late Gambhirrao Natuba Sapkal College of Engineering, Anjaneri, Trimbakeshwar Road, Nashik",'0518219110,Civil Engineering,Un-Aided,Unknown,GOPENH,125169,56.5039753,G,H,OPEN,B.Tech,2025,4
'05182,"Kalyani Charitable Trust, Late Gambhirrao Natuba Sapkal College of Engineering, Anjaneri, Trimbakeshwar Road, Nashik",'0518219110,Civil Engineering,Un-Aided,Unknown,GOBCH,146911,45.2322221,G,H,OBC,B.Tech,2025,4
'05182,"Kalyani Charitable Trust, Late Gambhirrao Natuba Sapkal College of Engineering, Anjaneri, Trimbakeshwar Road, Nashik",'0518224510,Computer Engineering,Un-Aided,Unknown,GOPENO,153414,41.4020979,G,O,OPEN,B.Tech,2025,4
'05182,"Kalyani Charitable Trust, Late Gambhirrao Natuba Sapkal College of Engineering, Anjaneri, Trimbakeshwar Road, Nashik",'0518226310,Artificial Intelligence (AI) and Data Science,Un-Aided,Unknown,GOPENH,117902,59.9607019,G,H,OPEN,B.Tech,2025,4
'05182,"Kalyani Charitable Trust, Late Gambhirrao Natuba Sapkal College of Engineering, Anjaneri, Trimbakeshwar Road, Nashik",'0518226310,Artificial Intelligence (AI) and Data Science,Un-Aided,Unknown,LOPENH,107009,64.3871019,L,H,OPEN,B.Tech,2025,4
'05182,"Kalyani Charitable Trust, Late Gambhirrao Natuba Sapkal College of Engineering, Anjaneri, Trimbakeshwar Road, Nashik",'0518226310,Artificial Intelligence (AI) and Data Science,Un-Aided,Unknown,PWDOPENH,119159,59.1762367,P,H,PWD,B.Tech,2025,4
'05182,"Kalyani Charitable Trust, Late Gambhirrao Natuba Sapkal College of Engineering, Anjaneri, Trimbakeshwar Road, Nashik",'0518229310,Electrical Engineering,Un-Aided,Unknown,GOPENH,131649,53.2657343,G,H,OPEN,B.Tech,2025,4
'05182,"Kalyani Charitable Trust, Late Gambhirrao Natuba Sapkal College of Engineering, Anjaneri, Trimbakeshwar Road, Nashik",'0518229310,Electrical Engineering,Un-Aided,Unknown,GNT2H,167840,32.1281783,G,H,NT2,B.Tech,2025,4
'05182,"Kalyani Charitable Trust, Late Gambhirrao Natuba Sapkal College of Engineering, Anjaneri, Trimbakeshwar Road, Nashik",'0518229310,Electrical Engineering,Un-Aided,Unknown,LOPENH,129534,54.1537389,L,H,OPEN,B.Tech,2025,4
'05182,"Kalyani Charitable Trust, Late Gambhirrao Natuba Sapkal College of Engineering, Anjaneri, Trimbakeshwar Road, Nashik",'0518229310,Electrical Engineering,Un-Aided,Unknown,LSCH,175240,25.9873754,L,H,SC,B.Tech,2025,4
'05182,"Kalyani Charitable Trust, Late Gambhirrao Natuba Sapkal College of Engineering, Anjaneri, Trimbakeshwar Road, Nashik",'0518237210,Electronics and Telecommunication Engg,Un-Aided,Unknown,GSTH,183662,19.8246656,G,H,ST,B.Tech,2025,4
'05182,"Kalyani Charitable Trust, Late Gambhirrao Natuba Sapkal College of Engineering, Anjaneri, Trimbakeshwar Road, Nashik",'0518261210,Mechanical Engineering,Un-Aided,Unknown,GOPENH,134302,51.7009371,G,H,OPEN,B.Tech,2025,4
'05182,"Kalyani Charitable Trust, Late Gambhirrao Natuba Sapkal College of Engineering, Anjaneri, Trimbakeshwar Road, Nashik",'0518261210,Mechanical Engineering,Un-Aided,Unknown,GOBCH,140110,49.1540892,G,H,OBC,B.Tech,2025,4
'05182,"Kalyani Charitable Trust, Late Gambhirrao Natuba Sapkal College of Engineering, Anjaneri, Trimbakeshwar Road, Nashik",'0518261210,Mechanical Engineering,Un-Aided,Unknown,LOPENH,133580,52.3622324,L,H,OPEN,B.Tech,2025,4
'05182,"Kalyani Charitable Trust, Late Gambhirrao Natuba Sapkal College of Engineering, Anjaneri, Trimbakeshwar Road, Nashik",'0518261210,Mechanical Engineering,Un-Aided,Unknown,LOBCH,150356,43.1964993,L,H,OBC,B.Tech,2025,4
'05184,"Amruta Vaishnavi Education & Welfare Trust's Shatabdi Institute of Engineering & Research, Agaskhind Tal. Sinnar",'0518419110,Civil Engineering,Un-Aided Religious Minority - Christian,Unknown,MI,168923,31.9280223,M,I,MI,B.Tech,2025,4
'05184,"Amruta Vaishnavi Education & Welfare Trust's Shatabdi Institute of Engineering & Research, Agaskhind Tal. Sinnar",'0518424510,Computer Engineering,Un-Aided Religious Minority - Christian,Unknown,GOPENH,126372,55.6405756,G,H,OPEN,B.Tech,2025,4
'05184,"Amruta Vaishnavi Education & Welfare Trust's Shatabdi Institute of Engineering & Research, Agaskhind Tal. Sinnar",'0518429310,Electrical Engineering,Un-Aided Religious Minority - Christian,Unknown,GOPENH,156265,39.5742169,G,H,OPEN,B.Tech,2025,4
'05184,"Amruta Vaishnavi Education & Welfare Trust's Shatabdi Institute of Engineering & Research, Agaskhind Tal. Sinnar",'0518437210,Electronics and Telecommunication Engg,Un-Aided Religious Minority - Christian,Unknown,GOPENH,149006,43.6588740,G,H,OPEN,B.Tech,2025,4
'05184,"Amruta Vaishnavi Education & Welfare Trust's Shatabdi Institute of Engineering & Research, Agaskhind Tal. Sinnar",'0518461210,Mechanical Engineering,Un-Aided Religious Minority - Christian,Unknown,GOPENO,160263,36.2260120,G,O,OPEN,B.Tech,2025,4
'05223,"SMT. SHARCHCHANDRIKA SURESH PATIL INSTITUTE OF TECHNOLOGY (ENGINEERING & POLYTECHNIC), CHOPDA",'0522337210,Electronics and Telecommunication Engg,"Un-Aided Home University : Kavayitri Bahinabai Chaudhari North Maharashtra University, Jalgaon","Kavayitri Bahinabai Chaudhari North Maharashtra University, Jalgaon",GOPENH,198362,6.5434100,G,H,OPEN,B.Tech,2025,4
'05244,"MET's Institute of Technology Polytechnic, Bhujbal Knowledge City, Adgaon Nashik",'0524425710,Computer Science and Design,Un-Aided Home University : Savitribai Phule Pune University,Savitribai Phule Pune University,GOPENH,75371,76.8955509,G,H,OPEN,B.Tech,2025,4
'05244,"MET's Institute of Technology Polytechnic, Bhujbal Knowledge City, Adgaon Nashik",'0524425710,Computer Science and Design,Un-Aided Home University : Savitribai Phule Pune University,Savitribai Phule Pune University,GNT3H,83209,73.6345056,G,H,NT3,B.Tech,2025,4
'05244,"MET's Institute of Technology Polytechnic, Bhujbal Knowledge City, Adgaon Nashik",'0524425710,Computer Science and Design,Un-Aided Home University : Savitribai Phule Pune University,Savitribai Phule Pune University,LOPENH,55708,83.2103258,L,H,OPEN,B.Tech,2025,4
'05244,"MET's Institute of Technology Polytechnic, Bhujbal Knowledge City, Adgaon Nashik",'0524491610,Automation and Robotics,Un-Aided Home University : Savitribai Phule Pune University,Savitribai Phule Pune University,GOPENO,69543,78.6137148,G,O,OPEN,B.Tech,2025,4
'05244,"MET's Institute of Technology Polytechnic, Bhujbal Knowledge City, Adgaon Nashik",'0524491610,Automation and Robotics,Un-Aided Home University : Savitribai Phule Pune University,Savitribai Phule Pune University,LOBCO,47949,85.8461538,L,O,OBC,B.Tech,2025,4
'05244,"MET's Institute of Technology Polytechnic, Bhujbal Knowledge City, Adgaon Nashik",'0524492210,Civil and Environmental Engineering,Un-Aided Home University : Savitribai Phule Pune University,Savitribai Phule Pune University,GOPENH,91107,71.0971787,G,H,OPEN,B.Tech,2025,4
'05244,"MET's Institute of Technology Polytechnic, Bhujbal Knowledge City, Adgaon Nashik",'0524492210,Civil and Environmental Engineering,Un-Aided Home University : Savitribai Phule Pune University,Savitribai Phule Pune University,GOBCH,100083,67.2177090,G,H,OBC,B.Tech,2025,4
'05249,"Trimurti Shikshan Prasarak Mandal, Trimurti Institute Of Technology, Paladhi Bk, Jalgaon",'0524924510,Computer Engineering,"Un-Aided Home University : Kavayitri Bahinabai Chaudhari North Maharashtra University, Jalgaon","Kavayitri Bahinabai Chaudhari North Maharashtra University, Jalgaon",GOPENH,188014,16.4425946,G,H,OPEN,B.Tech,2025,4
'05249,"Trimurti Shikshan Prasarak Mandal, Trimurti Institute Of Technology, Paladhi Bk, Jalgaon",'0524924510,Computer Engineering,"Un-Aided Home University : Kavayitri Bahinabai Chaudhari North Maharashtra University, Jalgaon","Kavayitri Bahinabai Chaudhari North Maharashtra University, Jalgaon",GVJH,201044,3.5482921,G,H,VJ,B.Tech,2025,4
'05249,"Trimurti Shikshan Prasarak Mandal, Trimurti Institute Of Technology, Paladhi Bk, Jalgaon",'0524924510,Computer Engineering,"Un-Aided Home University : Kavayitri Bahinabai Chaudhari North Maharashtra University, Jalgaon","Kavayitri Bahinabai Chaudhari North Maharashtra University, Jalgaon",GNT1H,197806,7.1701886,G,H,NT1,B.Tech,2025,4
'05249,"Trimurti Shikshan Prasarak Mandal, Trimurti Institute Of Technology, Paladhi Bk, Jalgaon",'0524924510,Computer Engineering,"Un-Aided Home University : Kavayitri Bahinabai Chaudhari North Maharashtra University, Jalgaon","Kavayitri Bahinabai Chaudhari North Maharashtra University, Jalgaon",LOPENH,160068,36.5248856,L,H,OPEN,B.Tech,2025,4
'05249,"Trimurti Shikshan Prasarak Mandal, Trimurti Institute Of Technology, Paladhi Bk, Jalgaon",'0524924510,Computer Engineering,"Un-Aided Home University : Kavayitri Bahinabai Chaudhari North Maharashtra University, Jalgaon","Kavayitri Bahinabai Chaudhari North Maharashtra University, Jalgaon",LOBCH,191721,13.2656066,L,H,OBC,B.Tech,2025,4
'05249,"Trimurti Shikshan Prasarak Mandal, Trimurti Institute Of Technology, Paladhi Bk, Jalgaon",'0524924510,Computer Engineering,"Un-Aided Home University : Kavayitri Bahinabai Chaudhari North Maharashtra University, Jalgaon","Kavayitri Bahinabai Chaudhari North Maharashtra University, Jalgaon",LSCH,200304,4.4409613,L,H,SC,B.Tech,2025,4
'05249,"Trimurti Shikshan Prasarak Mandal, Trimurti Institute Of Technology, Paladhi Bk, Jalgaon",'0524961210,Mechanical Engineering,"Un-Aided Home University : Kavayitri Bahinabai Chaudhari North Maharashtra University, Jalgaon","Kavayitri Bahinabai Chaudhari North Maharashtra University, Jalgaon",GSCO,196942,7.9877752,G,O,SC,B.Tech,2025,4
'05256,Matoshri Aasarabai Institute of Technology and Research Centre,'0525624510,Computer Engineering,Un-Aided Home University : Savitribai Phule Pune University,Savitribai Phule Pune University,GOPENH,144137,46.7613499,G,H,OPEN,B.Tech,2025,4
'05256,Matoshri Aasarabai Institute of Technology and Research Centre,'0525624510,Computer Engineering,Un-Aided Home University : Savitribai Phule Pune University,Savitribai Phule Pune University,GSCH,174936,26.6274079,G,H,SC,B.Tech,2025,4
'05256,Matoshri Aasarabai Institute of Technology and Research Centre,'0525624510,Computer Engineering,Un-Aided Home University : Savitribai Phule Pune University,Savitribai Phule Pune University,LOBCH,154268,40.0936536,L,H,OBC,B.Tech,2025,4
'05256,Matoshri Aasarabai Institute of Technology and Research Centre,'0525624510,Computer Engineering,Un-Aided Home University : Savitribai Phule Pune University,Savitribai Phule Pune University,GSEBCH,160876,36.1811489,G,H,SEBC,B.Tech,2025,4
'05256,Matoshri Aasarabai Institute of Technology and Research Centre,'0525624610,Information Technology,Un-Aided Home University : Savitribai Phule Pune University,Savitribai Phule Pune University,GOPENH,120656,58.4401523,G,H,OPEN,B.Tech,2025,4
'05256,Matoshri Aasarabai Institute of Technology and Research Centre,'0525624610,Information Technology,Un-Aided Home University : Savitribai Phule Pune University,Savitribai Phule Pune University,GOBCH,161071,36.1161649,G,H,OBC,B.Tech,2025,4
'05256,Matoshri Aasarabai Institute of Technology and Research Centre,'0525624610,Information Technology,Un-Aided Home University : Savitribai Phule Pune University,Savitribai Phule Pune University,PWDOPENH,132526,52.8806012,P,H,PWD,B.Tech,2025,4
'05256,Matoshri Aasarabai Institute of Technology and Research Centre,'0525624610,Information Technology,Un-Aided Home University : Savitribai Phule Pune University,Savitribai Phule Pune University,PWDOBCH,143968,46.7613499,P,H,PWD,B.Tech,2025,4
'05256,Matoshri Aasarabai Institute of Technology and Research Centre,'0525624610,Information Technology,Un-Aided Home University : Savitribai Phule Pune University,Savitribai Phule Pune University,GSTH,199128,5.7167832,G,H,ST,B.Tech,2025,4
'05256,Matoshri Aasarabai Institute of Technology and Research Centre,'0525624610,Information Technology,Un-Aided Home University : Savitribai Phule Pune University,Savitribai Phule Pune University,LSTH,179575,22.9939635,L,H,ST,B.Tech,2025,4
'05256,Matoshri Aasarabai Institute of Technology and Research Centre,'0525624610,Information Technology,Un-Aided Home University : Savitribai Phule Pune University,Savitribai Phule Pune University,LNT2H,177128,25.2088452,L,H,NT2,B.Tech,2025,4
'05256,Matoshri Aasarabai Institute of Technology and Research Centre,'0525624610,Information Technology,Un-Aided Home University : Savitribai Phule Pune University,Savitribai Phule Pune University,LSEBCH,181950,21.6174291,L,H,SEBC,B.Tech,2025,4
'05256,Matoshri Aasarabai Institute of Technology and Research Centre,'0525684410,Electronics and Computer Engineering,Un-Aided Home University : Savitribai Phule Pune University,Savitribai Phule Pune University,GOPENH,160851,36.1811489,G,H,OPEN,B.Tech,2025,4
'05256,Matoshri Aasarabai Institute of Technology and Research Centre,'0525684410,Electronics and Computer Engineering,Un-Aided Home University : Savitribai Phule Pune University,Savitribai Phule Pune University,LOPENH,159582,37.1950556,L,H,OPEN,B.Tech,2025,4
'05263,"Matoshri Education Soceity, Matoshri Institute Of Technology, Dhanore, Nashik",'0526324510,Computer Engineering,Un-Aided Home University : Savitribai Phule Pune University,Savitribai Phule Pune University,GOPENH,144990,46.3957696,G,H,OPEN,B.Tech,2025,4
'05263,"Matoshri Education Soceity, Matoshri Institute Of Technology, Dhanore, Nashik",'0526324510,Computer Engineering,Un-Aided Home University : Savitribai Phule Pune University,Savitribai Phule Pune University,LOPENH,110083,63.2914656,L,H,OPEN,B.Tech,2025,4
'05263,"Matoshri Education Soceity, Matoshri Institute Of Technology, Dhanore, Nashik",'0526324510,Computer Engineering,Un-Aided Home University : Savitribai Phule Pune University,Savitribai Phule Pune University,LSCH,203190,0.8543447,L,H,SC,B.Tech,2025,4
'05263,"Matoshri Education Soceity, Matoshri Institute Of Technology, Dhanore, Nashik",'0526329310,Electrical Engineering,Un-Aided Home University : Savitribai Phule Pune University,Savitribai Phule Pune University,GOPENH,165467,33.0802795,G,H,OPEN,B.Tech,2025,4
'05263,"Matoshri Education Soceity, Matoshri Institute Of Technology, Dhanore, Nashik",'0526329310,Electrical Engineering,Un-Aided Home University : Savitribai Phule Pune University,Savitribai Phule Pune University,LSCH,193185,11.6988417,L,H,SC,B.Tech,2025,4
'05263,"Matoshri Education Soceity, Matoshri Institute Of Technology, Dhanore, Nashik",'0526329310,Electrical Engineering,Un-Aided Home University : Savitribai Phule Pune University,Savitribai Phule Pune University,GSTH,168405,32.0884521,G,H,ST,B.Tech,2025,4
'05263,"Matoshri Education Soceity, Matoshri Institute Of Technology, Dhanore, Nashik",'0526337210,Electronics and Telecommunication Engg,Un-Aided Home University : Savitribai Phule Pune University,Savitribai Phule Pune University,GSCH,191226,13.4300699,G,H,SC,B.Tech,2025,4
'05263,"Matoshri Education Soceity, Matoshri Institute Of Technology, Dhanore, Nashik",'0526337210,Electronics and Telecommunication Engg,Un-Aided Home University : Savitribai Phule Pune University,Savitribai Phule Pune University,GOBCH,144070,46.7613499,G,H,OBC,B.Tech,2025,4
'05263,"Matoshri Education Soceity, Matoshri Institute Of Technology, Dhanore, Nashik",'0526337210,Electronics and Telecommunication Engg,Un-Aided Home University : Savitribai Phule Pune University,Savitribai Phule Pune University,LOBCH,138464,49.6043895,L,H,OBC,B.Tech,2025,4
'05263,"Matoshri Education Soceity, Matoshri Institute Of Technology, Dhanore, Nashik",'0526337210,Electronics and Telecommunication Engg,Un-Aided Home University : Savitribai Phule Pune University,Savitribai Phule Pune University,PWDOPENH,154827,40.0432529,P,H,PWD,B.Tech,2025,4
'05303,"Hon. Shri. Babanrao Pachpute Vichardhara Trust, Group of Institutions (Integrated Campus)-Parikrama, Kashti Shrigondha,",'0530319110,Civil Engineering,Un-Aided,Unknown,LOBCH,185528,18.6473767,L,H,OBC,B.Tech,2025,4
'05303,"Hon. Shri. Babanrao Pachpute Vichardhara Trust, Group of Institutions (Integrated Campus)-Parikrama, Kashti Shrigondha,",'0530324510,Computer Engineering,Un-Aided,Unknown,GSEBCH,93956,69.8498837,G,H,SEBC,B.Tech,2025,4
'05303,"Hon. Shri. Babanrao Pachpute Vichardhara Trust, Group of Institutions (Integrated Campus)-Parikrama, Kashti Shrigondha,",'0530329310,Electrical Engineering,Un-Aided,Unknown,GOPENH,116298,60.4378874,G,H,OPEN,B.Tech,2025,4
'05303,"Hon. Shri. Babanrao Pachpute Vichardhara Trust, Group of Institutions (Integrated Campus)-Parikrama, Kashti Shrigondha,",'0530329310,Electrical Engineering,Un-Aided,Unknown,GSCH,193969,11.0553814,G,H,SC,B.Tech,2025,4
'05303,"Hon. Shri. Babanrao Pachpute Vichardhara Trust, Group of Institutions (Integrated Campus)-Parikrama, Kashti Shrigondha,",'0530329310,Electrical Engineering,Un-Aided,Unknown,GOBCH,179530,22.9939635,G,H,OBC,B.Tech,2025,4
'05303,"Hon. Shri. Babanrao Pachpute Vichardhara Trust, Group of Institutions (Integrated Campus)-Parikrama, Kashti Shrigondha,",'0530329310,Electrical Engineering,Un-Aided,Unknown,LOPENH,150532,43.1964993,L,H,OPEN,B.Tech,2025,4
'05303,"Hon. Shri. Babanrao Pachpute Vichardhara Trust, Group of Institutions (Integrated Campus)-Parikrama, Kashti Shrigondha,",'0530329310,Electrical Engineering,Un-Aided,Unknown,LOBCH,182050,21.6174291,L,H,OBC,B.Tech,2025,4
'05303,"Hon. Shri. Babanrao Pachpute Vichardhara Trust, Group of Institutions (Integrated Campus)-Parikrama, Kashti Shrigondha,",'0530329310,Electrical Engineering,Un-Aided,Unknown,LSEBCH,168448,32.0008834,L,H,SEBC,B.Tech,2025,4
'05303,"Hon. Shri. Babanrao Pachpute Vichardhara Trust, Group of Institutions (Integrated Campus)-Parikrama, Kashti Shrigondha,",'0530329310,Electrical Engineering,Un-Aided,Unknown,GSCH,155387,39.9024730,G,H,SC,B.Tech,2025,4
'05303,"Hon. Shri. Babanrao Pachpute Vichardhara Trust, Group of Institutions (Integrated Campus)-Parikrama, Kashti Shrigondha,",'0530329310,Electrical Engineering,Un-Aided,Unknown,GSTH,197240,7.8234926,G,H,ST,B.Tech,2025,4
'05303,"Hon. Shri. Babanrao Pachpute Vichardhara Trust, Group of Institutions (Integrated Campus)-Parikrama, Kashti Shrigondha,",'0530329310,Electrical Engineering,Un-Aided,Unknown,GNT3H,153866,40.6822054,G,H,NT3,B.Tech,2025,4
'05303,"Hon. Shri. Babanrao Pachpute Vichardhara Trust, Group of Institutions (Integrated Campus)-Parikrama, Kashti Shrigondha,",'0530329310,Electrical Engineering,Un-Aided,Unknown,LSCH,157355,39.2328654,L,H,SC,B.Tech,2025,4
'05303,"Hon. Shri. Babanrao Pachpute Vichardhara Trust, Group of Institutions (Integrated Campus)-Parikrama, Kashti Shrigondha,",'0530361210,Mechanical Engineering,Un-Aided,Unknown,PWDOPENH,91512,70.7504568,P,H,PWD,B.Tech,2025,4
'05303,"Hon. Shri. Babanrao Pachpute Vichardhara Trust, Group of Institutions (Integrated Campus)-Parikrama, Kashti Shrigondha,",'0530361210,Mechanical Engineering,Un-Aided,Unknown,GSCH,113826,61.5619516,G,H,SC,B.Tech,2025,4
'05303,"Hon. Shri. Babanrao Pachpute Vichardhara Trust, Group of Institutions (Integrated Campus)-Parikrama, Kashti Shrigondha,",'0530384410,Electronics and Computer Engineering,Un-Aided,Unknown,GNT3H,191457,13.3124347,G,H,NT3,B.Tech,2025,4
'05330,"PUNE VIDYARTHI GRIHA’S COLLEGE OF ENGINEERING & SHRIKRUSHNA S. DHAMANKAR INSTITUTE OF MANAGEMENT, NASHIK",'0533024510,Computer Engineering,Un-Aided,Unknown,GOPENH,74822,76.9213781,G,H,OPEN,B.Tech,2025,4
'05330,"PUNE VIDYARTHI GRIHA’S COLLEGE OF ENGINEERING & SHRIKRUSHNA S. DHAMANKAR INSTITUTE OF MANAGEMENT, NASHIK",'0533024510,Computer Engineering,Un-Aided,Unknown,GOBCH,81823,74.0630785,G,H,OBC,B.Tech,2025,4
'05330,"PUNE VIDYARTHI GRIHA’S COLLEGE OF ENGINEERING & SHRIKRUSHNA S. DHAMANKAR INSTITUTE OF MANAGEMENT, NASHIK",'0533024510,Computer Engineering,Un-Aided,Unknown,LOPENH,60996,81.5804905,L,H,OPEN,B.Tech,2025,4
'05330,"PUNE VIDYARTHI GRIHA’S COLLEGE OF ENGINEERING & SHRIKRUSHNA S. DHAMANKAR INSTITUTE OF MANAGEMENT, NASHIK",'0533024510,Computer Engineering,Un-Aided,Unknown,LSCH,112674,62.0615406,L,H,SC,B.Tech,2025,4
'05330,"PUNE VIDYARTHI GRIHA’S COLLEGE OF ENGINEERING & SHRIKRUSHNA S. DHAMANKAR INSTITUTE OF MANAGEMENT, NASHIK",'0533024610,Information Technology,Un-Aided,Unknown,GOPENH,87511,72.1363369,G,H,OPEN,B.Tech,2025,4
'05330,"PUNE VIDYARTHI GRIHA’S COLLEGE OF ENGINEERING & SHRIKRUSHNA S. DHAMANKAR INSTITUTE OF MANAGEMENT, NASHIK",'0533024610,Information Technology,Un-Aided,Unknown,GOBCH,89582,71.5562808,G,H,OBC,B.Tech,2025,4
'05330,"PUNE VIDYARTHI GRIHA’S COLLEGE OF ENGINEERING & SHRIKRUSHNA S. DHAMANKAR INSTITUTE OF MANAGEMENT, NASHIK",'0533024610,Information Technology,Un-Aided,Unknown,GSEBCH,144942,46.3957696,G,H,SEBC,B.Tech,2025,4
'05330,"PUNE VIDYARTHI GRIHA’S COLLEGE OF ENGINEERING & SHRIKRUSHNA S. DHAMANKAR INSTITUTE OF MANAGEMENT, NASHIK",'0533024610,Information Technology,Un-Aided,Unknown,LOPENH,80846,74.9785452,L,H,OPEN,B.Tech,2025,4
'05330,"PUNE VIDYARTHI GRIHA’S COLLEGE OF ENGINEERING & SHRIKRUSHNA S. DHAMANKAR INSTITUTE OF MANAGEMENT, NASHIK",'0533024610,Information Technology,Un-Aided,Unknown,PWDOPENH,85743,73.1347962,P,H,PWD,B.Tech,2025,4
'05330,"PUNE VIDYARTHI GRIHA’S COLLEGE OF ENGINEERING & SHRIKRUSHNA S. DHAMANKAR INSTITUTE OF MANAGEMENT, NASHIK",'0533024610,Information Technology,Un-Aided,Unknown,GSTH,92775,70.5005064,G,H,ST,B.Tech,2025,4
'05330,"PUNE VIDYARTHI GRIHA’S COLLEGE OF ENGINEERING & SHRIKRUSHNA S. DHAMANKAR INSTITUTE OF MANAGEMENT, NASHIK",'0533037210,Electronics and Telecommunication Engg,Un-Aided,Unknown,LNT3H,117898,59.9607019,L,H,NT3,B.Tech,2025,4
'05330,"PUNE VIDYARTHI GRIHA’S COLLEGE OF ENGINEERING & SHRIKRUSHNA S. DHAMANKAR INSTITUTE OF MANAGEMENT, NASHIK",'0533037210,Electronics and Telecommunication Engg,Un-Aided,Unknown,LOBCH,70629,78.4242636,L,H,OBC,B.Tech,2025,4
'05330,"PUNE VIDYARTHI GRIHA’S COLLEGE OF ENGINEERING & SHRIKRUSHNA S. DHAMANKAR INSTITUTE OF MANAGEMENT, NASHIK",'0533061210,Mechanical Engineering,Un-Aided,Unknown,GOPENH,112736,62.0615406,G,H,OPEN,B.Tech,2025,4
'05330,"PUNE VIDYARTHI GRIHA’S COLLEGE OF ENGINEERING & SHRIKRUSHNA S. DHAMANKAR INSTITUTE OF MANAGEMENT, NASHIK",'0533061210,Mechanical Engineering,Un-Aided,Unknown,GNT1H,165174,33.4650350,G,H,NT1,B.Tech,2025,4
'05330,"PUNE VIDYARTHI GRIHA’S COLLEGE OF ENGINEERING & SHRIKRUSHNA S. DHAMANKAR INSTITUTE OF MANAGEMENT, NASHIK",'0533061210,Mechanical Engineering,Un-Aided,Unknown,GSEBCH,198585,6.3882064,G,H,SEBC,B.Tech,2025,4
'05330,"PUNE VIDYARTHI GRIHA’S COLLEGE OF ENGINEERING & SHRIKRUSHNA S. DHAMANKAR INSTITUTE OF MANAGEMENT, NASHIK",'0533061210,Mechanical Engineering,Un-Aided,Unknown,PWDOPENH,98548,68.1164395,P,H,PWD,B.Tech,2025,4
'05330,"PUNE VIDYARTHI GRIHA’S COLLEGE OF ENGINEERING & SHRIKRUSHNA S. DHAMANKAR INSTITUTE OF MANAGEMENT, NASHIK",'0533061210,Mechanical Engineering,Un-Aided,Unknown,GSTH,114636,60.9090909,G,H,ST,B.Tech,2025,4
'05330,"PUNE VIDYARTHI GRIHA’S COLLEGE OF ENGINEERING & SHRIKRUSHNA S. DHAMANKAR INSTITUTE OF MANAGEMENT, NASHIK",'0533099510,Artificial Intelligence and Data Science,Un-Aided,Unknown,GOPENH,58857,82.2162613,G,H,OPEN,B.Tech,2025,4
'05330,"PUNE VIDYARTHI GRIHA’S COLLEGE OF ENGINEERING & SHRIKRUSHNA S. DHAMANKAR INSTITUTE OF MANAGEMENT, NASHIK",'0533099510,Artificial Intelligence and Data Science,Un-Aided,Unknown,GNT2H,92794,70.5005064,G,H,NT2,B.Tech,2025,4
'05331,"Sandip Foundation's, Sandip Institute of Engineering & Management, Nashik",'0533119110,Civil Engineering,Un-Aided,Unknown,GOPENH,117343,60.2517483,G,H,OPEN,B.Tech,2025,4
'05331,"Sandip Foundation's, Sandip Institute of Engineering & Management, Nashik",'0533119110,Civil Engineering,Un-Aided,Unknown,GSTH,167697,32.1281783,G,H,ST,B.Tech,2025,4
'05331,"Sandip Foundation's, Sandip Institute of Engineering & Management, Nashik",'0533119110,Civil Engineering,Un-Aided,Unknown,LOPENH,126578,55.6405756,L,H,OPEN,B.Tech,2025,4
'05331,"Sandip Foundation's, Sandip Institute of Engineering & Management, Nashik",'0533119110,Civil Engineering,Un-Aided,Unknown,LNT2H,179898,22.8933117,L,H,NT2,B.Tech,2025,4
'05331,"Sandip Foundation's, Sandip Institute of Engineering & Management, Nashik",'0533124510,Computer Engineering,Un-Aided,Unknown,GSEBCO,140880,48.5587427,G,O,SEBC,B.Tech,2025,4
'05331,"Sandip Foundation's, Sandip Institute of Engineering & Management, Nashik",'0533124510,Computer Engineering,Un-Aided,Unknown,LNT2O,166006,32.5553935,L,O,NT2,B.Tech,2025,4
'05331,"Sandip Foundation's, Sandip Institute of Engineering & Management, Nashik",'0533124610,Information Technology,Un-Aided,Unknown,GOPENO,79920,75.1927485,G,O,OPEN,B.Tech,2025,4
'05331,"Sandip Foundation's, Sandip Institute of Engineering & Management, Nashik",'0533124610,Information Technology,Un-Aided,Unknown,GOBCO,80610,75.1620214,G,O,OBC,B.Tech,2025,4
'05331,"Sandip Foundation's, Sandip Institute of Engineering & Management, Nashik",'0533124610,Information Technology,Un-Aided,Unknown,LOPENO,75317,76.8955509,L,O,OPEN,B.Tech,2025,4
'05331,"Sandip Foundation's, Sandip Institute of Engineering & Management, Nashik",'0533124610,Information Technology,Un-Aided,Unknown,LOBCO,76942,75.8001957,L,O,OBC,B.Tech,2025,4
'05331,"Sandip Foundation's, Sandip Institute of Engineering & Management, Nashik",'0533129310,Electrical Engineering,Un-Aided,Unknown,GSTO,172867,28.6767287,G,O,ST,B.Tech,2025,4
'05331,"Sandip Foundation's, Sandip Institute of Engineering & Management, Nashik",'0533137210,Electronics and Telecommunication Engg,Un-Aided,Unknown,GOPENH,100716,67.1459332,G,H,OPEN,B.Tech,2025,4
'05331,"Sandip Foundation's, Sandip Institute of Engineering & Management, Nashik",'0533137210,Electronics and Telecommunication Engg,Un-Aided,Unknown,GOBCH,104374,65.6692751,G,H,OBC,B.Tech,2025,4
'05331,"Sandip Foundation's, Sandip Institute of Engineering & Management, Nashik",'0533137210,Electronics and Telecommunication Engg,Un-Aided,Unknown,LOPENH,93795,69.8941051,L,H,OPEN,B.Tech,2025,4
'05331,"Sandip Foundation's, Sandip Institute of Engineering & Management, Nashik",'0533161210,Mechanical Engineering,Un-Aided,Unknown,LSEBCH,110498,63.2000580,L,H,SEBC,B.Tech,2025,4
'05331,"Sandip Foundation's, Sandip Institute of Engineering & Management, Nashik",'0533199510,Artificial Intelligence and Data Science,Un-Aided,Unknown,GOPENH,72510,77.9513058,G,H,OPEN,B.Tech,2025,4
'05331,"Sandip Foundation's, Sandip Institute of Engineering & Management, Nashik",'0533199510,Artificial Intelligence and Data Science,Un-Aided,Unknown,GSCH,107973,63.8244514,G,H,SC,B.Tech,2025,4
'05331,"Sandip Foundation's, Sandip Institute of Engineering & Management, Nashik",'0533199510,Artificial Intelligence and Data Science,Un-Aided,Unknown,LOBCH,63880,80.6021790,L,H,OBC,B.Tech,2025,4
'05365,"Vardhaman Education & Welfare Society, Ahinsa Institute of Technology, Post. Dondaicha, Dhule",'0536519110,Civil Engineering,"Un-Aided Religious Minority - Jain Home University : Kavayitri Bahinabai Chaudhari North Maharashtra University, Jalgaon","Kavayitri Bahinabai Chaudhari North Maharashtra University, Jalgaon",LOPENH,180007,22.8214173,L,H,OPEN,B.Tech,2025,4
'05365,"Vardhaman Education & Welfare Society, Ahinsa Institute of Technology, Post. Dondaicha, Dhule",'0536525110,Computer Technology,"Un-Aided Religious Minority - Jain Home University : Kavayitri Bahinabai Chaudhari North Maharashtra University, Jalgaon","Kavayitri Bahinabai Chaudhari North Maharashtra University, Jalgaon",GOPENO,183333,20.3327444,G,O,OPEN,B.Tech,2025,4
'05365,"Vardhaman Education & Welfare Society, Ahinsa Institute of Technology, Post. Dondaicha, Dhule",'0536592110,Artificial Intelligence and Machine Learning,"Un-Aided Religious Minority - Jain Home University : Kavayitri Bahinabai Chaudhari North Maharashtra University, Jalgaon","Kavayitri Bahinabai Chaudhari North Maharashtra University, Jalgaon",MI,195754,9.3356129,M,I,MI,B.Tech,2025,4
'05370,"Kedareshwar Gramin Vikas Pratishthan, Samajbhushan Eknathrao Dhakane College, of Engineering, Shevgaon",'0537019110,Civil Engineering,Un-Aided Home University : Savitribai Phule Pune University,Savitribai Phule Pune University,LOPENO,196590,8.5366296,L,O,OPEN,B.Tech,2025,4
'05370,"Kedareshwar Gramin Vikas Pratishthan, Samajbhushan Eknathrao Dhakane College, of Engineering, Shevgaon",'0537024510,Computer Engineering,Un-Aided Home University : Savitribai Phule Pune University,Savitribai Phule Pune University,GOPENH,195647,9.4338928,G,H,OPEN,B.Tech,2025,4
'05370,"Kedareshwar Gramin Vikas Pratishthan, Samajbhushan Eknathrao Dhakane College, of Engineering, Shevgaon",'0537099510,Artificial Intelligence and Data Science,Un-Aided Home University : Savitribai Phule Pune University,Savitribai Phule Pune University,GOPENO,144573,46.6242967,G,O,OPEN,B.Tech,2025,4
'05380,"Adsul's Technical Campus, Chas Dist. Ahmednagar",'0538019110,Civil Engineering,Un-Aided,Unknown,GOPENH,60441,81.6453226,G,H,OPEN,B.Tech,2025,4
'05380,"Adsul's Technical Campus, Chas Dist. Ahmednagar",'0538019110,Civil Engineering,Un-Aided,Unknown,GSCH,145742,45.9245973,G,H,SC,B.Tech,2025,4
'05380,"Adsul's Technical Campus, Chas Dist. Ahmednagar",'0538019110,Civil Engineering,Un-Aided,Unknown,GOBCH,202886,1.3078851,G,H,OBC,B.Tech,2025,4
'05380,"Adsul's Technical Campus, Chas Dist. Ahmednagar",'0538019110,Civil Engineering,Un-Aided,Unknown,GSEBCH,183586,19.8246656,G,H,SEBC,B.Tech,2025,4
'05380,"Adsul's Technical Campus, Chas Dist. Ahmednagar",'0538019110,Civil Engineering,Un-Aided,Unknown,PWDOPENH,200569,4.1433524,P,H,PWD,B.Tech,2025,4
'05380,"Adsul's Technical Campus, Chas Dist. Ahmednagar",'0538024510,Computer Engineering,Un-Aided,Unknown,GOPENH,117646,60.2517483,G,H,OPEN,B.Tech,2025,4
'05380,"Adsul's Technical Campus, Chas Dist. Ahmednagar",'0538024510,Computer Engineering,Un-Aided,Unknown,GOBCH,147455,44.5303298,G,H,OBC,B.Tech,2025,4
'05380,"Adsul's Technical Campus, Chas Dist. Ahmednagar",'0538024510,Computer Engineering,Un-Aided,Unknown,LOPENH,85255,73.2612864,L,H,OPEN,B.Tech,2025,4
'05380,"Adsul's Technical Campus, Chas Dist. Ahmednagar",'0538024510,Computer Engineering,Un-Aided,Unknown,LOBCH,90501,71.1730870,L,H,OBC,B.Tech,2025,4
'05380,"Adsul's Technical Campus, Chas Dist. Ahmednagar",'0538024510,Computer Engineering,Un-Aided,Unknown,PWDOPENH,112836,62.0615406,P,H,PWD,B.Tech,2025,4
'05380,"Adsul's Technical Campus, Chas Dist. Ahmednagar",'0538024510,Computer Engineering,Un-Aided,Unknown,GSTH,144145,46.7613499,G,H,ST,B.Tech,2025,4
'05380,"Adsul's Technical Campus, Chas Dist. Ahmednagar",'0538024510,Computer Engineering,Un-Aided,Unknown,LSCH,140323,49.1540892,L,H,SC,B.Tech,2025,4
'05380,"Adsul's Technical Campus, Chas Dist. Ahmednagar",'0538024510,Computer Engineering,Un-Aided,Unknown,PWDSEBCH,132682,52.8806012,P,H,PWD,B.Tech,2025,4
'05380,"Adsul's Technical Campus, Chas Dist. Ahmednagar",'0538024610,Information Technology,Un-Aided,Unknown,GOPENH,122842,57.4376852,G,H,OPEN,B.Tech,2025,4
'05380,"Adsul's Technical Campus, Chas Dist. Ahmednagar",'0538024610,Information Technology,Un-Aided,Unknown,GNT3H,174528,26.7336064,G,H,NT3,B.Tech,2025,4
'05380,"Adsul's Technical Campus, Chas Dist. Ahmednagar",'0538024610,Information Technology,Un-Aided,Unknown,GOBCH,168699,31.9280223,G,H,OBC,B.Tech,2025,4
'05380,"Adsul's Technical Campus, Chas Dist. Ahmednagar",'0538024610,Information Technology,Un-Aided,Unknown,PWDOPENH,136502,50.7016833,P,H,PWD,B.Tech,2025,4
'05380,"Adsul's Technical Campus, Chas Dist. Ahmednagar",'0538024610,Information Technology,Un-Aided,Unknown,GSCH,185479,18.6473767,G,H,SC,B.Tech,2025,4
'05380,"Adsul's Technical Campus, Chas Dist. Ahmednagar",'0538024610,Information Technology,Un-Aided,Unknown,GSTH,195811,9.1134840,G,H,ST,B.Tech,2025,4
'05380,"Adsul's Technical Campus, Chas Dist. Ahmednagar",'0538024610,Information Technology,Un-Aided,Unknown,LSCH,181734,22.0346747,L,H,SC,B.Tech,2025,4
'05380,"Adsul's Technical Campus, Chas Dist. Ahmednagar",'0538024610,Information Technology,Un-Aided,Unknown,LSTH,190697,13.9509479,L,H,ST,B.Tech,2025,4
'05380,"Adsul's Technical Campus, Chas Dist. Ahmednagar",'0538024610,Information Technology,Un-Aided,Unknown,LVJH,194119,10.8694881,L,H,VJ,B.Tech,2025,4
'05380,"Adsul's Technical Campus, Chas Dist. Ahmednagar",'0538024610,Information Technology,Un-Aided,Unknown,LNT1H,178485,24.7167509,L,H,NT1,B.Tech,2025,4
'05380,"Adsul's Technical Campus, Chas Dist. Ahmednagar",'0538029310,Electrical Engineering,Un-Aided,Unknown,GOPENH,163871,35.4407253,G,H,OPEN,B.Tech,2025,4
'05380,"Adsul's Technical Campus, Chas Dist. Ahmednagar",'0538029310,Electrical Engineering,Un-Aided,Unknown,GOBCH,169412,31.9226076,G,H,OBC,B.Tech,2025,4
'05380,"Adsul's Technical Campus, Chas Dist. Ahmednagar",'0538029310,Electrical Engineering,Un-Aided,Unknown,LOPENH,167270,32.3446384,L,H,OPEN,B.Tech,2025,4
'05380,"Adsul's Technical Campus, Chas Dist. Ahmednagar",'0538029310,Electrical Engineering,Un-Aided,Unknown,LOPENH,198481,6.4009128,L,H,OPEN,B.Tech,2025,4
'05380,"Adsul's Technical Campus, Chas Dist. Ahmednagar",'0538037210,Electronics and Telecommunication Engg,Un-Aided,Unknown,GOPENH,160488,36.2260120,G,H,OPEN,B.Tech,2025,4
'05380,"Adsul's Technical Campus, Chas Dist. Ahmednagar",'0538037210,Electronics and Telecommunication Engg,Un-Aided,Unknown,LOPENH,162482,35.7798895,L,H,OPEN,B.Tech,2025,4
'05380,"Adsul's Technical Campus, Chas Dist. Ahmednagar",'0538037210,Electronics and Telecommunication Engg,Un-Aided,Unknown,LSCH,162839,35.6771832,L,H,SC,B.Tech,2025,4
'05380,"Adsul's Technical Campus, Chas Dist. Ahmednagar",'0538061210,Mechanical Engineering,Un-Aided,Unknown,GOPENH,200910,3.6022425,G,H,OPEN,B.Tech,2025,4
'05380,"Adsul's Technical Campus, Chas Dist. Ahmednagar",'0538061210,Mechanical Engineering,Un-Aided,Unknown,LOPENH,181936,21.6174291,L,H,OPEN,B.Tech,2025,4
'05380,"Adsul's Technical Campus, Chas Dist. Ahmednagar",'0538061210,Mechanical Engineering,Un-Aided,Unknown,PWDOPENH,201160,3.4930070,P,H,PWD,B.Tech,2025,4
'05380,"Adsul's Technical Campus, Chas Dist. Ahmednagar",'0538099510,Artificial Intelligence and Data Science,Un-Aided,Unknown,GOPENH,202641,1.5960564,G,H,OPEN,B.Tech,2025,4
'05380,"Adsul's Technical Campus, Chas Dist. Ahmednagar",'0538099510,Artificial Intelligence and Data Science,Un-Aided,Unknown,GNT2H,202684,1.5489510,G,H,NT2,B.Tech,2025,4
'05380,"Adsul's Technical Campus, Chas Dist. Ahmednagar",'0538099510,Artificial Intelligence and Data Science,Un-Aided,Unknown,LSEBCH,162348,35.9295868,L,H,SEBC,B.Tech,2025,4
'05381,"Shri. Jaykumar Rawal Institute of Technology, Dondaicha.",'0538119110,Civil Engineering,Un-Aided,Unknown,GOPENH,181275,22.0358020,G,H,OPEN,B.Tech,2025,4
'05381,"Shri. Jaykumar Rawal Institute of Technology, Dondaicha.",'0538124210,Computer Science and Engineering,Un-Aided,Unknown,GOPENO,189569,15.1144829,G,O,OPEN,B.Tech,2025,4
'05381,"Shri. Jaykumar Rawal Institute of Technology, Dondaicha.",'0538129310,Electrical Engineering,Un-Aided,Unknown,GOPENO,182821,21.3037657,G,O,OPEN,B.Tech,2025,4
'05381,"Shri. Jaykumar Rawal Institute of Technology, Dondaicha.",'0538161210,Mechanical Engineering,Un-Aided,Unknown,GOPENO,175031,26.6274079,G,O,OPEN,B.Tech,2025,4
'05381,"Shri. Jaykumar Rawal Institute of Technology, Dondaicha.",'0538199510,Artificial Intelligence and Data Science,Un-Aided,Unknown,GNT3H,196034,9.0142807,G,H,NT3,B.Tech,2025,4
'05382,"Ahmednagar Jilha Maratha Vidya Prasarak Samajache, Shri. Chhatrapati Shivaji Maharaj College of Engineering, Nepti",'0538219110,Civil Engineering,Un-Aided,Unknown,GNT1H,175785,25.8355418,G,H,NT1,B.Tech,2025,4
'05382,"Ahmednagar Jilha Maratha Vidya Prasarak Samajache, Shri. Chhatrapati Shivaji Maharaj College of Engineering, Nepti",'0538219110,Civil Engineering,Un-Aided,Unknown,GOBCH,163212,35.5422955,G,H,OBC,B.Tech,2025,4
'05382,"Ahmednagar Jilha Maratha Vidya Prasarak Samajache, Shri. Chhatrapati Shivaji Maharaj College of Engineering, Nepti",'0538219110,Civil Engineering,Un-Aided,Unknown,GSCH,171361,29.2375397,G,H,SC,B.Tech,2025,4
'05382,"Ahmednagar Jilha Maratha Vidya Prasarak Samajache, Shri. Chhatrapati Shivaji Maharaj College of Engineering, Nepti",'0538219110,Civil Engineering,Un-Aided,Unknown,GSTH,181618,22.0346747,G,H,ST,B.Tech,2025,4
'05382,"Ahmednagar Jilha Maratha Vidya Prasarak Samajache, Shri. Chhatrapati Shivaji Maharaj College of Engineering, Nepti",'0538219110,Civil Engineering,Un-Aided,Unknown,GVJH,185903,18.4184219,G,H,VJ,B.Tech,2025,4
'05382,"Ahmednagar Jilha Maratha Vidya Prasarak Samajache, Shri. Chhatrapati Shivaji Maharaj College of Engineering, Nepti",'0538219110,Civil Engineering,Un-Aided,Unknown,GNT1H,155298,39.9024730,G,H,NT1,B.Tech,2025,4
'05382,"Ahmednagar Jilha Maratha Vidya Prasarak Samajache, Shri. Chhatrapati Shivaji Maharaj College of Engineering, Nepti",'0538219110,Civil Engineering,Un-Aided,Unknown,GNT2H,193204,11.6988417,G,H,NT2,B.Tech,2025,4
'05382,"Ahmednagar Jilha Maratha Vidya Prasarak Samajache, Shri. Chhatrapati Shivaji Maharaj College of Engineering, Nepti",'0538219110,Civil Engineering,Un-Aided,Unknown,GSEBCH,188818,15.8201150,G,H,SEBC,B.Tech,2025,4
'05382,"Ahmednagar Jilha Maratha Vidya Prasarak Samajache, Shri. Chhatrapati Shivaji Maharaj College of Engineering, Nepti",'0538219110,Civil Engineering,Un-Aided,Unknown,LSEBCH,143717,47.0502678,L,H,SEBC,B.Tech,2025,4
'05382,"Ahmednagar Jilha Maratha Vidya Prasarak Samajache, Shri. Chhatrapati Shivaji Maharaj College of Engineering, Nepti",'0538221910,Robotics and Automation,Un-Aided,Unknown,GOPENH,146159,45.8266058,G,H,OPEN,B.Tech,2025,4
'05382,"Ahmednagar Jilha Maratha Vidya Prasarak Samajache, Shri. Chhatrapati Shivaji Maharaj College of Engineering, Nepti",'0538221910,Robotics and Automation,Un-Aided,Unknown,GNT2H,175196,25.9873754,G,H,NT2,B.Tech,2025,4
'05382,"Ahmednagar Jilha Maratha Vidya Prasarak Samajache, Shri. Chhatrapati Shivaji Maharaj College of Engineering, Nepti",'0538224510,Computer Engineering,Un-Aided,Unknown,PWDOPENH,73274,77.1631566,P,H,PWD,B.Tech,2025,4
'05382,"Ahmednagar Jilha Maratha Vidya Prasarak Samajache, Shri. Chhatrapati Shivaji Maharaj College of Engineering, Nepti",'0538226310,Artificial Intelligence (AI) and Data Science,Un-Aided,Unknown,GOPENO,97945,68.3753318,G,O,OPEN,B.Tech,2025,4
'05382,"Ahmednagar Jilha Maratha Vidya Prasarak Samajache, Shri. Chhatrapati Shivaji Maharaj College of Engineering, Nepti",'0538237210,Electronics and Telecommunication Engg,Un-Aided,Unknown,GOPENH,106459,64.7131860,G,H,OPEN,B.Tech,2025,4
'05382,"Ahmednagar Jilha Maratha Vidya Prasarak Samajache, Shri. Chhatrapati Shivaji Maharaj College of Engineering, Nepti",'0538237210,Electronics and Telecommunication Engg,Un-Aided,Unknown,GSCH,128711,54.5739657,G,H,SC,B.Tech,2025,4
'05382,"Ahmednagar Jilha Maratha Vidya Prasarak Samajache, Shri. Chhatrapati Shivaji Maharaj College of Engineering, Nepti",'0538237210,Electronics and Telecommunication Engg,Un-Aided,Unknown,LSCH,118743,59.2797111,L,H,SC,B.Tech,2025,4
'05382,"Ahmednagar Jilha Maratha Vidya Prasarak Samajache, Shri. Chhatrapati Shivaji Maharaj College of Engineering, Nepti",'0538261210,Mechanical Engineering,Un-Aided,Unknown,GOPENO,141974,47.7841578,G,O,OPEN,B.Tech,2025,4
'05382,"Ahmednagar Jilha Maratha Vidya Prasarak Samajache, Shri. Chhatrapati Shivaji Maharaj College of Engineering, Nepti",'0538261210,Mechanical Engineering,Un-Aided,Unknown,GSEBCO,142028,47.7841578,G,O,SEBC,B.Tech,2025,4
'05382,"Ahmednagar Jilha Maratha Vidya Prasarak Samajache, Shri. Chhatrapati Shivaji Maharaj College of Engineering, Nepti",'0538292110,Artificial Intelligence and Machine Learning,Un-Aided,Unknown,GOPENH,101671,66.4263323,G,H,OPEN,B.Tech,2025,4
'05382,"Ahmednagar Jilha Maratha Vidya Prasarak Samajache, Shri. Chhatrapati Shivaji Maharaj College of Engineering, Nepti",'0538292110,Artificial Intelligence and Machine Learning,Un-Aided,Unknown,GOBCH,104507,65.6692751,G,H,OBC,B.Tech,2025,4
'05390,"K.V.N. Naik S. P. Sansth's Loknete Gopinathji Munde Institute of Engineering Education & Research, Nashik.",'0539019110,Civil Engineering,Un-Aided,Unknown,GOPENH,129815,54.0903901,G,H,OPEN,B.Tech,2025,4
'05390,"K.V.N. Naik S. P. Sansth's Loknete Gopinathji Munde Institute of Engineering Education & Research, Nashik.",'0539019110,Civil Engineering,Un-Aided,Unknown,GOBCH,130902,53.6771201,G,H,OBC,B.Tech,2025,4
'05390,"K.V.N. Naik S. P. Sansth's Loknete Gopinathji Munde Institute of Engineering Education & Research, Nashik.",'0539019110,Civil Engineering,Un-Aided,Unknown,LNT2H,189993,14.7567322,L,H,NT2,B.Tech,2025,4
'05390,"K.V.N. Naik S. P. Sansth's Loknete Gopinathji Munde Institute of Engineering Education & Research, Nashik.",'0539024510,Computer Engineering,Un-Aided,Unknown,LOBCO,168901,31.9280223,L,O,OBC,B.Tech,2025,4
'05390,"K.V.N. Naik S. P. Sansth's Loknete Gopinathji Munde Institute of Engineering Education & Research, Nashik.",'0539024610,Information Technology,Un-Aided,Unknown,GOPENH,96873,68.8687467,G,H,OPEN,B.Tech,2025,4
'05390,"K.V.N. Naik S. P. Sansth's Loknete Gopinathji Munde Institute of Engineering Education & Research, Nashik.",'0539024610,Information Technology,Un-Aided,Unknown,GNT2H,136554,50.7016833,G,H,NT2,B.Tech,2025,4
'05390,"K.V.N. Naik S. P. Sansth's Loknete Gopinathji Munde Institute of Engineering Education & Research, Nashik.",'0539024610,Information Technology,Un-Aided,Unknown,GOBCH,99808,67.8210479,G,H,OBC,B.Tech,2025,4
'05390,"K.V.N. Naik S. P. Sansth's Loknete Gopinathji Munde Institute of Engineering Education & Research, Nashik.",'0539024610,Information Technology,Un-Aided,Unknown,LOPENH,96963,68.8687467,L,H,OPEN,B.Tech,2025,4
'05390,"K.V.N. Naik S. P. Sansth's Loknete Gopinathji Munde Institute of Engineering Education & Research, Nashik.",'0539024610,Information Technology,Un-Aided,Unknown,LOBCH,99234,68.1117918,L,H,OBC,B.Tech,2025,4
'05390,"K.V.N. Naik S. P. Sansth's Loknete Gopinathji Munde Institute of Engineering Education & Research, Nashik.",'0539029310,Electrical Engineering,Un-Aided,Unknown,GOPENH,111948,62.1412608,G,H,OPEN,B.Tech,2025,4
'05390,"K.V.N. Naik S. P. Sansth's Loknete Gopinathji Munde Institute of Engineering Education & Research, Nashik.",'0539029310,Electrical Engineering,Un-Aided,Unknown,LOBCH,126123,55.9381337,L,H,OBC,B.Tech,2025,4
'05390,"K.V.N. Naik S. P. Sansth's Loknete Gopinathji Munde Institute of Engineering Education & Research, Nashik.",'0539029310,Electrical Engineering,Un-Aided,Unknown,PWDOPENH,105314,65.5190641,P,H,PWD,B.Tech,2025,4
'05390,"K.V.N. Naik S. P. Sansth's Loknete Gopinathji Munde Institute of Engineering Education & Research, Nashik.",'0539061210,Mechanical Engineering,Un-Aided,Unknown,GOPENH,118844,59.2797111,G,H,OPEN,B.Tech,2025,4
'05390,"K.V.N. Naik S. P. Sansth's Loknete Gopinathji Munde Institute of Engineering Education & Research, Nashik.",'0539092110,Artificial Intelligence and Machine Learning,Un-Aided,Unknown,GOBCH,106772,64.3871019,G,H,OBC,B.Tech,2025,4
'05390,"K.V.N. Naik S. P. Sansth's Loknete Gopinathji Munde Institute of Engineering Education & Research, Nashik.",'0539092110,Artificial Intelligence and Machine Learning,Un-Aided,Unknown,LOPENH,77587,75.6522650,L,H,OPEN,B.Tech,2025,4
'05390,"K.V.N. Naik S. P. Sansth's Loknete Gopinathji Munde Institute of Engineering Education & Research, Nashik.",'0539092110,Artificial Intelligence and Machine Learning,Un-Aided,Unknown,PWDOPENH,86724,72.6730266,P,H,PWD,B.Tech,2025,4
'05395,Ashok Institute of Engineering & Technology,'0539524510,Computer Engineering,Un-Aided Home University : Savitribai Phule Pune University,Savitribai Phule Pune University,GOBCH,69915,78.5819586,G,H,OBC,B.Tech,2025,4
'05395,Ashok Institute of Engineering & Technology,'0539524510,Computer Engineering,Un-Aided Home University : Savitribai Phule Pune University,Savitribai Phule Pune University,GSEBCH,190061,14.7567322,G,H,SEBC,B.Tech,2025,4
'05395,Ashok Institute of Engineering & Technology,'0539524510,Computer Engineering,Un-Aided Home University : Savitribai Phule Pune University,Savitribai Phule Pune University,GSTH,150881,43.0314730,G,H,ST,B.Tech,2025,4
'05395,Ashok Institute of Engineering & Technology,'0539537210,Electronics and Telecommunication Engg,Un-Aided Home University : Savitribai Phule Pune University,Savitribai Phule Pune University,GOPENO,168296,32.0884521,G,O,OPEN,B.Tech,2025,4
'05396,"College of Engineering and Technology ,North Maharashtra Knowledge City, Jalgaon",'0539619110,Civil Engineering,"Un-Aided Home University : Kavayitri Bahinabai Chaudhari North Maharashtra University, Jalgaon","Kavayitri Bahinabai Chaudhari North Maharashtra University, Jalgaon",GOPENH,185759,18.5475444,G,H,OPEN,B.Tech,2025,4
'05396,"College of Engineering and Technology ,North Maharashtra Knowledge City, Jalgaon",'0539619110,Civil Engineering,"Un-Aided Home University : Kavayitri Bahinabai Chaudhari North Maharashtra University, Jalgaon","Kavayitri Bahinabai Chaudhari North Maharashtra University, Jalgaon",GSCH,202797,1.3900866,G,H,SC,B.Tech,2025,4
'05396,"College of Engineering and Technology ,North Maharashtra Knowledge City, Jalgaon",'0539619110,Civil Engineering,"Un-Aided Home University : Kavayitri Bahinabai Chaudhari North Maharashtra University, Jalgaon","Kavayitri Bahinabai Chaudhari North Maharashtra University, Jalgaon",GOBCH,187604,16.5233632,G,H,OBC,B.Tech,2025,4
'05396,"College of Engineering and Technology ,North Maharashtra Knowledge City, Jalgaon",'0539619110,Civil Engineering,"Un-Aided Home University : Kavayitri Bahinabai Chaudhari North Maharashtra University, Jalgaon","Kavayitri Bahinabai Chaudhari North Maharashtra University, Jalgaon",LOBCH,166711,32.4837011,L,H,OBC,B.Tech,2025,4
'05396,"College of Engineering and Technology ,North Maharashtra Knowledge City, Jalgaon",'0539624510,Computer Engineering,"Un-Aided Home University : Kavayitri Bahinabai Chaudhari North Maharashtra University, Jalgaon","Kavayitri Bahinabai Chaudhari North Maharashtra University, Jalgaon",GOPENO,153090,41.4458186,G,O,OPEN,B.Tech,2025,4
'05396,"College of Engineering and Technology ,North Maharashtra Knowledge City, Jalgaon",'0539624510,Computer Engineering,"Un-Aided Home University : Kavayitri Bahinabai Chaudhari North Maharashtra University, Jalgaon","Kavayitri Bahinabai Chaudhari North Maharashtra University, Jalgaon",GNT1O,165073,33.4650350,G,O,NT1,B.Tech,2025,4
'05396,"College of Engineering and Technology ,North Maharashtra Knowledge City, Jalgaon",'0539624510,Computer Engineering,"Un-Aided Home University : Kavayitri Bahinabai Chaudhari North Maharashtra University, Jalgaon","Kavayitri Bahinabai Chaudhari North Maharashtra University, Jalgaon",GSEBCO,166174,32.5553935,G,O,SEBC,B.Tech,2025,4
'05396,"College of Engineering and Technology ,North Maharashtra Knowledge City, Jalgaon",'0539624510,Computer Engineering,"Un-Aided Home University : Kavayitri Bahinabai Chaudhari North Maharashtra University, Jalgaon","Kavayitri Bahinabai Chaudhari North Maharashtra University, Jalgaon",LSCO,166747,32.4837011,L,O,SC,B.Tech,2025,4
'05396,"College of Engineering and Technology ,North Maharashtra Knowledge City, Jalgaon",'0539629310,Electrical Engineering,"Un-Aided Home University : Kavayitri Bahinabai Chaudhari North Maharashtra University, Jalgaon","Kavayitri Bahinabai Chaudhari North Maharashtra University, Jalgaon",GOPENH,171730,28.9849310,G,H,OPEN,B.Tech,2025,4
'05396,"College of Engineering and Technology ,North Maharashtra Knowledge City, Jalgaon",'0539629310,Electrical Engineering,"Un-Aided Home University : Kavayitri Bahinabai Chaudhari North Maharashtra University, Jalgaon","Kavayitri Bahinabai Chaudhari North Maharashtra University, Jalgaon",GOBCH,191996,13.0166500,G,H,OBC,B.Tech,2025,4
'05396,"College of Engineering and Technology ,North Maharashtra Knowledge City, Jalgaon",'0539629310,Electrical Engineering,"Un-Aided Home University : Kavayitri Bahinabai Chaudhari North Maharashtra University, Jalgaon","Kavayitri Bahinabai Chaudhari North Maharashtra University, Jalgaon",LOPENH,197922,7.1465923,L,H,OPEN,B.Tech,2025,4
'05396,"College of Engineering and Technology ,North Maharashtra Knowledge City, Jalgaon",'0539661210,Mechanical Engineering,"Un-Aided Home University : Kavayitri Bahinabai Chaudhari North Maharashtra University, Jalgaon","Kavayitri Bahinabai Chaudhari North Maharashtra University, Jalgaon",GOBCO,183096,20.6428039,G,O,OBC,B.Tech,2025,4
'05399,"Sanghavi College of Engineering, Varvandi, Nashik.",'0539919110,Civil Engineering,Un-Aided,Unknown,GOPENH,163804,35.4407253,G,H,OPEN,B.Tech,2025,4
'05399,"Sanghavi College of Engineering, Varvandi, Nashik.",'0539919110,Civil Engineering,Un-Aided,Unknown,GOBCH,178024,24.8659004,G,H,OBC,B.Tech,2025,4
'05399,"Sanghavi College of Engineering, Varvandi, Nashik.",'0539919110,Civil Engineering,Un-Aided,Unknown,LOPENH,164891,33.4650350,L,H,OPEN,B.Tech,2025,4
'05399,"Sanghavi College of Engineering, Varvandi, Nashik.",'0539919110,Civil Engineering,Un-Aided,Unknown,LOBCH,170610,29.5314685,L,H,OBC,B.Tech,2025,4
'05399,"Sanghavi College of Engineering, Varvandi, Nashik.",'0539919110,Civil Engineering,Un-Aided,Unknown,LNT1H,170648,29.5314685,L,H,NT1,B.Tech,2025,4
'05399,"Sanghavi College of Engineering, Varvandi, Nashik.",'0539924510,Computer Engineering,Un-Aided,Unknown,GOPENH,129470,54.1537389,G,H,OPEN,B.Tech,2025,4
'05399,"Sanghavi College of Engineering, Varvandi, Nashik.",'0539924510,Computer Engineering,Un-Aided,Unknown,GOBCH,132131,53.2228937,G,H,OBC,B.Tech,2025,4
'05399,"Sanghavi College of Engineering, Varvandi, Nashik.",'0539924510,Computer Engineering,Un-Aided,Unknown,LOPENH,123463,57.4017459,L,H,OPEN,B.Tech,2025,4
'05399,"Sanghavi College of Engineering, Varvandi, Nashik.",'0539924510,Computer Engineering,Un-Aided,Unknown,LSCH,177058,25.2088452,L,H,SC,B.Tech,2025,4
'05399,"Sanghavi College of Engineering, Varvandi, Nashik.",'0539924510,Computer Engineering,Un-Aided,Unknown,GSEBCH,136194,50.7016833,G,H,SEBC,B.Tech,2025,4
'05399,"Sanghavi College of Engineering, Varvandi, Nashik.",'0539924510,Computer Engineering,Un-Aided,Unknown,LSEBCH,124236,56.8426573,L,H,SEBC,B.Tech,2025,4
'05399,"Sanghavi College of Engineering, Varvandi, Nashik.",'0539924610,Information Technology,Un-Aided,Unknown,GOPENH,112060,62.1412608,G,H,OPEN,B.Tech,2025,4
'05399,"Sanghavi College of Engineering, Varvandi, Nashik.",'0539929310,Electrical Engineering,Un-Aided,Unknown,GOPENH,148021,43.9154166,G,H,OPEN,B.Tech,2025,4
'05399,"Sanghavi College of Engineering, Varvandi, Nashik.",'0539929310,Electrical Engineering,Un-Aided,Unknown,PWDOBCH,167409,32.1650475,P,H,PWD,B.Tech,2025,4
'05399,"Sanghavi College of Engineering, Varvandi, Nashik.",'0539929310,Electrical Engineering,Un-Aided,Unknown,GSCH,153038,41.4458186,G,H,SC,B.Tech,2025,4
'05399,"Sanghavi College of Engineering, Varvandi, Nashik.",'0539929310,Electrical Engineering,Un-Aided,Unknown,GSEBCH,162544,35.7798895,G,H,SEBC,B.Tech,2025,4
'05399,"Sanghavi College of Engineering, Varvandi, Nashik.",'0539961210,Mechanical Engineering,Un-Aided,Unknown,GOPENH,152491,42.2674623,G,H,OPEN,B.Tech,2025,4
'05399,"Sanghavi College of Engineering, Varvandi, Nashik.",'0539961210,Mechanical Engineering,Un-Aided,Unknown,LOPENH,142838,47.1398578,L,H,OPEN,B.Tech,2025,4
'05399,"Sanghavi College of Engineering, Varvandi, Nashik.",'0539961210,Mechanical Engineering,Un-Aided,Unknown,LSCH,174676,26.7336064,L,H,SC,B.Tech,2025,4
'05399,"Sanghavi College of Engineering, Varvandi, Nashik.",'0539961210,Mechanical Engineering,Un-Aided,Unknown,GSEBCH,158667,38.3392226,G,H,SEBC,B.Tech,2025,4
'05399,"Sanghavi College of Engineering, Varvandi, Nashik.",'0539992110,Artificial Intelligence and Machine Learning,Un-Aided,Unknown,GOPENH,129376,54.1537389,G,H,OPEN,B.Tech,2025,4
'05399,"Sanghavi College of Engineering, Varvandi, Nashik.",'0539992110,Artificial Intelligence and Machine Learning,Un-Aided,Unknown,GSCH,130718,53.6771201,G,H,SC,B.Tech,2025,4
'05401,"Jawahar Education Society's Institute of Technology, Management & Research, Nashik.",'0540119110,Civil Engineering,Un-Aided,Unknown,GOPENH,139784,49.2256217,G,H,OPEN,B.Tech,2025,4
'05401,"Jawahar Education Society's Institute of Technology, Management & Research, Nashik.",'0540119110,Civil Engineering,Un-Aided,Unknown,GSEBCH,147358,44.5303298,G,H,SEBC,B.Tech,2025,4
'05401,"Jawahar Education Society's Institute of Technology, Management & Research, Nashik.",'0540124510,Computer Engineering,Un-Aided,Unknown,GOPENH,115471,60.6344780,G,H,OPEN,B.Tech,2025,4
'05401,"Jawahar Education Society's Institute of Technology, Management & Research, Nashik.",'0540124510,Computer Engineering,Un-Aided,Unknown,GNT2H,124435,56.8426573,G,H,NT2,B.Tech,2025,4
'05401,"Jawahar Education Society's Institute of Technology, Management & Research, Nashik.",'0540124510,Computer Engineering,Un-Aided,Unknown,LOPENH,121382,58.2180677,L,H,OPEN,B.Tech,2025,4
'05401,"Jawahar Education Society's Institute of Technology, Management & Research, Nashik.",'0540124510,Computer Engineering,Un-Aided,Unknown,PWDOPENH,108802,63.5767823,P,H,PWD,B.Tech,2025,4
'05401,"Jawahar Education Society's Institute of Technology, Management & Research, Nashik.",'0540124510,Computer Engineering,Un-Aided,Unknown,LSTH,112079,62.1412608,L,H,ST,B.Tech,2025,4
'05401,"Jawahar Education Society's Institute of Technology, Management & Research, Nashik.",'0540124610,Information Technology,Un-Aided,Unknown,GSCH,177940,24.8659004,G,H,SC,B.Tech,2025,4
'05401,"Jawahar Education Society's Institute of Technology, Management & Research, Nashik.",'0540124610,Information Technology,Un-Aided,Unknown,LOPENH,122368,57.6249683,L,H,OPEN,B.Tech,2025,4
'05401,"Jawahar Education Society's Institute of Technology, Management & Research, Nashik.",'0540124610,Information Technology,Un-Aided,Unknown,LVJH,140489,49.1540892,L,H,VJ,B.Tech,2025,4
'05401,"Jawahar Education Society's Institute of Technology, Management & Research, Nashik.",'0540124610,Information Technology,Un-Aided,Unknown,GSEBCH,123898,57.0133407,G,H,SEBC,B.Tech,2025,4
'05401,"Jawahar Education Society's Institute of Technology, Management & Research, Nashik.",'0540126310,Artificial Intelligence (AI) and Data Science,Un-Aided,Unknown,GOPENH,97206,68.4887011,G,H,OPEN,B.Tech,2025,4
'05401,"Jawahar Education Society's Institute of Technology, Management & Research, Nashik.",'0540126310,Artificial Intelligence (AI) and Data Science,Un-Aided,Unknown,GSCH,135506,50.9683037,G,H,SC,B.Tech,2025,4
'05401,"Jawahar Education Society's Institute of Technology, Management & Research, Nashik.",'0540126310,Artificial Intelligence (AI) and Data Science,Un-Aided,Unknown,GNT1H,119764,58.8994542,G,H,NT1,B.Tech,2025,4
'05401,"Jawahar Education Society's Institute of Technology, Management & Research, Nashik.",'0540126310,Artificial Intelligence (AI) and Data Science,Un-Aided,Unknown,GOBCH,115985,60.4378874,G,H,OBC,B.Tech,2025,4
'05401,"Jawahar Education Society's Institute of Technology, Management & Research, Nashik.",'0540126310,Artificial Intelligence (AI) and Data Science,Un-Aided,Unknown,LNT3H,136547,50.7016833,L,H,NT3,B.Tech,2025,4
'05401,"Jawahar Education Society's Institute of Technology, Management & Research, Nashik.",'0540126310,Artificial Intelligence (AI) and Data Science,Un-Aided,Unknown,PWDOPENH,95587,69.2179237,P,H,PWD,B.Tech,2025,4
'05401,"Jawahar Education Society's Institute of Technology, Management & Research, Nashik.",'0540126310,Artificial Intelligence (AI) and Data Science,Un-Aided,Unknown,PWDSEBCH,115213,60.8775137,P,H,PWD,B.Tech,2025,4
'05401,"Jawahar Education Society's Institute of Technology, Management & Research, Nashik.",'0540126310,Artificial Intelligence (AI) and Data Science,Un-Aided,Unknown,GSTH,98326,68.2382408,G,H,ST,B.Tech,2025,4
'05401,"Jawahar Education Society's Institute of Technology, Management & Research, Nashik.",'0540129310,Electrical Engineering,Un-Aided,Unknown,GOPENH,146239,45.8266058,G,H,OPEN,B.Tech,2025,4
'05401,"Jawahar Education Society's Institute of Technology, Management & Research, Nashik.",'0540129310,Electrical Engineering,Un-Aided,Unknown,GOBCH,152909,41.7471281,G,H,OBC,B.Tech,2025,4
'05401,"Jawahar Education Society's Institute of Technology, Management & Research, Nashik.",'0540129310,Electrical Engineering,Un-Aided,Unknown,LOBCH,151657,42.7403863,L,H,OBC,B.Tech,2025,4
'05401,"Jawahar Education Society's Institute of Technology, Management & Research, Nashik.",'0540129310,Electrical Engineering,Un-Aided,Unknown,PWDOBCH,153172,41.4458186,P,H,PWD,B.Tech,2025,4
'05401,"Jawahar Education Society's Institute of Technology, Management & Research, Nashik.",'0540161210,Mechanical Engineering,Un-Aided,Unknown,GOBCO,164833,33.6209084,G,O,OBC,B.Tech,2025,4
'05401,"Jawahar Education Society's Institute of Technology, Management & Research, Nashik.",'0540161210,Mechanical Engineering,Un-Aided,Unknown,LOPENO,142285,47.3563218,L,O,OPEN,B.Tech,2025,4
'05401,"Jawahar Education Society's Institute of Technology, Management & Research, Nashik.",'0540184410,Electronics and Computer Engineering,Un-Aided,Unknown,GOPENH,142663,47.1398578,G,H,OPEN,B.Tech,2025,4
'05401,"Jawahar Education Society's Institute of Technology, Management & Research, Nashik.",'0540184410,Electronics and Computer Engineering,Un-Aided,Unknown,LSEBCH,136524,50.7016833,L,H,SEBC,B.Tech,2025,4
'05401,"Jawahar Education Society's Institute of Technology, Management & Research, Nashik.",'0540191610,Automation and Robotics,Un-Aided,Unknown,GOPENH,129098,54.4314351,G,H,OPEN,B.Tech,2025,4
'05401,"Jawahar Education Society's Institute of Technology, Management & Research, Nashik.",'0540191610,Automation and Robotics,Un-Aided,Unknown,GNT1H,131687,53.2657343,G,H,NT1,B.Tech,2025,4
'05401,"Jawahar Education Society's Institute of Technology, Management & Research, Nashik.",'0540191610,Automation and Robotics,Un-Aided,Unknown,GSEBCH,172287,28.8537986,G,H,SEBC,B.Tech,2025,4
'05401,"Jawahar Education Society's Institute of Technology, Management & Research, Nashik.",'0540191610,Automation and Robotics,Un-Aided,Unknown,LOBCH,129571,54.1537389,L,H,OBC,B.Tech,2025,4
'05401,"Jawahar Education Society's Institute of Technology, Management & Research, Nashik.",'0540191610,Automation and Robotics,Un-Aided,Unknown,PWDOPENH,142347,47.3563218,P,H,PWD,B.Tech,2025,4
'05401,"Jawahar Education Society's Institute of Technology, Management & Research, Nashik.",'0540191610,Automation and Robotics,Un-Aided,Unknown,GSCH,142798,47.1398578,G,H,SC,B.Tech,2025,4
'05408,"Vidya Niketan College of Engineering, Bota Sangamner",'0540819110,Civil Engineering,Un-Aided,Unknown,GOBCH,179226,23.4132019,G,H,OBC,B.Tech,2025,4
'05408,"Vidya Niketan College of Engineering, Bota Sangamner",'0540824510,Computer Engineering,Un-Aided,Unknown,GOBCH,198353,6.5434100,G,H,OBC,B.Tech,2025,4
'05408,"Vidya Niketan College of Engineering, Bota Sangamner",'0540824510,Computer Engineering,Un-Aided,Unknown,LOPENH,188154,16.4425946,L,H,OPEN,B.Tech,2025,4
'05408,"Vidya Niketan College of Engineering, Bota Sangamner",'0540824510,Computer Engineering,Un-Aided,Unknown,LOBCH,198168,6.9235509,L,H,OBC,B.Tech,2025,4
'05408,"Vidya Niketan College of Engineering, Bota Sangamner",'0540824510,Computer Engineering,Un-Aided,Unknown,PWDOPENH,134631,51.5716400,P,H,PWD,B.Tech,2025,4
'05408,"Vidya Niketan College of Engineering, Bota Sangamner",'0540824510,Computer Engineering,Un-Aided,Unknown,LNT1H,199555,5.3139267,L,H,NT1,B.Tech,2025,4
'05408,"Vidya Niketan College of Engineering, Bota Sangamner",'0540824510,Computer Engineering,Un-Aided,Unknown,LNT2H,203020,1.0894199,L,H,NT2,B.Tech,2025,4
'05408,"Vidya Niketan College of Engineering, Bota Sangamner",'0540829310,Electrical Engineering,Un-Aided,Unknown,GOBCH,141854,47.7841578,G,H,OBC,B.Tech,2025,4
'05408,"Vidya Niketan College of Engineering, Bota Sangamner",'0540837210,Electronics and Telecommunication Engg,Un-Aided,Unknown,GOPENO,187644,16.5233632,G,O,OPEN,B.Tech,2025,4
'05408,"Vidya Niketan College of Engineering, Bota Sangamner",'0540861210,Mechanical Engineering,Un-Aided,Unknown,GOPENH,194283,10.8523619,G,H,OPEN,B.Tech,2025,4
'05409,"Rajiv Gandhi College of Engineering, At Post Karjule Hariya Tal.Parner, Dist.Ahmednagar",'0540924510,Computer Engineering,Un-Aided,Unknown,GOPENH,199229,5.7122954,G,H,OPEN,B.Tech,2025,4
'05409,"Rajiv Gandhi College of Engineering, At Post Karjule Hariya Tal.Parner, Dist.Ahmednagar",'0540929310,Electrical Engineering,Un-Aided,Unknown,GOPENH,202136,2.3750793,G,H,OPEN,B.Tech,2025,4
'05409,"Rajiv Gandhi College of Engineering, At Post Karjule Hariya Tal.Parner, Dist.Ahmednagar",'0540937210,Electronics and Telecommunication Engg,Un-Aided,Unknown,GOPENO,113163,61.7969670,G,O,OPEN,B.Tech,2025,4
'05411,"Maulana Mukhtar Ahmad Nadvi Technical Campus, Malegaon.",'0541119110,Civil Engineering,Un-Aided Religious Minority - Muslim,Unknown,GOPENH,192550,12.3781915,G,H,OPEN,B.Tech,2025,4
'05411,"Maulana Mukhtar Ahmad Nadvi Technical Campus, Malegaon.",'0541124510,Computer Engineering,Un-Aided Religious Minority - Muslim,Unknown,GOPENH,179751,22.8933117,G,H,OPEN,B.Tech,2025,4
'05411,"Maulana Mukhtar Ahmad Nadvi Technical Campus, Malegaon.",'0541124510,Computer Engineering,Un-Aided Religious Minority - Muslim,Unknown,LOPENH,193674,11.1969965,L,H,OPEN,B.Tech,2025,4
'05411,"Maulana Mukhtar Ahmad Nadvi Technical Campus, Malegaon.",'0541129310,Electrical Engineering,Un-Aided Religious Minority - Muslim,Unknown,LOPENH,197079,7.8975079,L,H,OPEN,B.Tech,2025,4
'05411,"Maulana Mukhtar Ahmad Nadvi Technical Campus, Malegaon.",'0541161210,Mechanical Engineering,Un-Aided Religious Minority - Muslim,Unknown,GOPENO,201364,3.2027737,G,O,OPEN,B.Tech,2025,4
'05414,"Nikam Institute of Technology(Polytechnic),Dhule",'0541424510,Computer Engineering,"Un-Aided Home University : Kavayitri Bahinabai Chaudhari North Maharashtra University, Jalgaon","Kavayitri Bahinabai Chaudhari North Maharashtra University, Jalgaon",GOPENH,198593,6.3882064,G,H,OPEN,B.Tech,2025,4
'05414,"Nikam Institute of Technology(Polytechnic),Dhule",'0541424510,Computer Engineering,"Un-Aided Home University : Kavayitri Bahinabai Chaudhari North Maharashtra University, Jalgaon","Kavayitri Bahinabai Chaudhari North Maharashtra University, Jalgaon",LOPENH,188552,15.9545455,L,H,OPEN,B.Tech,2025,4
'05414,"Nikam Institute of Technology(Polytechnic),Dhule",'0541426310,Artificial Intelligence (AI) and Data Science,"Un-Aided Home University : Kavayitri Bahinabai Chaudhari North Maharashtra University, Jalgaon","Kavayitri Bahinabai Chaudhari North Maharashtra University, Jalgaon",GOPENO,203347,0.5778857,G,O,OPEN,B.Tech,2025,4
'05414,"Nikam Institute of Technology(Polytechnic),Dhule",'0541426310,Artificial Intelligence (AI) and Data Science,"Un-Aided Home University : Kavayitri Bahinabai Chaudhari North Maharashtra University, Jalgaon","Kavayitri Bahinabai Chaudhari North Maharashtra University, Jalgaon",LOPENO,192659,12.3781915,L,O,OPEN,B.Tech,2025,4
'05418,"Guru Gobind Singh College of Engineering & Research Centre, Nashik.",'0541819110,Civil Engineering,Un-Aided,Unknown,GOBCH,108165,63.8244514,G,H,OBC,B.Tech,2025,4
'05418,"Guru Gobind Singh College of Engineering & Research Centre, Nashik.",'0541824510,Computer Engineering,Un-Aided,Unknown,GOPENH,28536,91.6995640,G,H,OPEN,B.Tech,2025,4
'05418,"Guru Gobind Singh College of Engineering & Research Centre, Nashik.",'0541824510,Computer Engineering,Un-Aided,Unknown,GSTH,197596,7.2413793,G,H,ST,B.Tech,2025,4
'05418,"Guru Gobind Singh College of Engineering & Research Centre, Nashik.",'0541824510,Computer Engineering,Un-Aided,Unknown,GOBCH,43881,86.9651776,G,H,OBC,B.Tech,2025,4
'05418,"Guru Gobind Singh College of Engineering & Research Centre, Nashik.",'0541826310,Artificial Intelligence (AI) and Data Science,Un-Aided,Unknown,GNT3H,65462,79.9809712,G,H,NT3,B.Tech,2025,4
'05418,"Guru Gobind Singh College of Engineering & Research Centre, Nashik.",'0541826310,Artificial Intelligence (AI) and Data Science,Un-Aided,Unknown,PWDOPENH,68269,79.3004726,P,H,PWD,B.Tech,2025,4
'05418,"Guru Gobind Singh College of Engineering & Research Centre, Nashik.",'0541826310,Artificial Intelligence (AI) and Data Science,Un-Aided,Unknown,LSTH,62538,81.0403668,L,H,ST,B.Tech,2025,4
'05418,"Guru Gobind Singh College of Engineering & Research Centre, Nashik.",'0541829310,Electrical Engineering,Un-Aided,Unknown,LOPENH,94430,69.4936445,L,H,OPEN,B.Tech,2025,4
'05418,"Guru Gobind Singh College of Engineering & Research Centre, Nashik.",'0541829310,Electrical Engineering,Un-Aided,Unknown,LNT2H,145526,45.9816283,L,H,NT2,B.Tech,2025,4
'05418,"Guru Gobind Singh College of Engineering & Research Centre, Nashik.",'0541861210,Mechanical Engineering,Un-Aided,Unknown,GOPENH,93538,69.8941051,G,H,OPEN,B.Tech,2025,4
'05418,"Guru Gobind Singh College of Engineering & Research Centre, Nashik.",'0541861210,Mechanical Engineering,Un-Aided,Unknown,GOBCH,107207,64.3453843,G,H,OBC,B.Tech,2025,4
'05418,"Guru Gobind Singh College of Engineering & Research Centre, Nashik.",'0541861210,Mechanical Engineering,Un-Aided,Unknown,GSEBCH,131461,53.2657343,G,H,SEBC,B.Tech,2025,4
'05418,"Guru Gobind Singh College of Engineering & Research Centre, Nashik.",'0541861210,Mechanical Engineering,Un-Aided,Unknown,LOPENH,108612,63.6512871,L,H,OPEN,B.Tech,2025,4
'05418,"Guru Gobind Singh College of Engineering & Research Centre, Nashik.",'0541861210,Mechanical Engineering,Un-Aided,Unknown,LOBCH,111018,62.9184580,L,H,OBC,B.Tech,2025,4
'05418,"Guru Gobind Singh College of Engineering & Research Centre, Nashik.",'0541861210,Mechanical Engineering,Un-Aided,Unknown,PWDOPENH,111801,62.1412608,P,H,PWD,B.Tech,2025,4
'05418,"Guru Gobind Singh College of Engineering & Research Centre, Nashik.",'0541891610,Automation and Robotics,Un-Aided,Unknown,EWS,181248,22.1118881,E,S,EWS,B.Tech,2025,4
'05433,"R.C. Patel College of Engineering and Polytechnic, Shirpur",'0543324510,Computer Engineering,"Un-Aided Linguistic Minority - Gujarathi Home University : Kavayitri Bahinabai Chaudhari North Maharashtra University, Jalgaon","Kavayitri Bahinabai Chaudhari North Maharashtra University, Jalgaon",GOPENH,93660,69.8941051,G,H,OPEN,B.Tech,2025,4
'05433,"R.C. Patel College of Engineering and Polytechnic, Shirpur",'0543324510,Computer Engineering,"Un-Aided Linguistic Minority - Gujarathi Home University : Kavayitri Bahinabai Chaudhari North Maharashtra University, Jalgaon","Kavayitri Bahinabai Chaudhari North Maharashtra University, Jalgaon",LOPENH,64461,80.3575863,L,H,OPEN,B.Tech,2025,4
'05433,"R.C. Patel College of Engineering and Polytechnic, Shirpur",'0543324610,Information Technology,"Un-Aided Linguistic Minority - Gujarathi Home University : Kavayitri Bahinabai Chaudhari North Maharashtra University, Jalgaon","Kavayitri Bahinabai Chaudhari North Maharashtra University, Jalgaon",GOPENO,113210,61.7969670,G,O,OPEN,B.Tech,2025,4
'05433,"R.C. Patel College of Engineering and Polytechnic, Shirpur",'0543384410,Electronics and Computer Engineering,"Un-Aided Linguistic Minority - Gujarathi Home University : Kavayitri Bahinabai Chaudhari North Maharashtra University, Jalgaon","Kavayitri Bahinabai Chaudhari North Maharashtra University, Jalgaon",GOPENH,141087,47.8905633,G,H,OPEN,B.Tech,2025,4
'05433,"R.C. Patel College of Engineering and Polytechnic, Shirpur",'0543384410,Electronics and Computer Engineering,"Un-Aided Linguistic Minority - Gujarathi Home University : Kavayitri Bahinabai Chaudhari North Maharashtra University, Jalgaon","Kavayitri Bahinabai Chaudhari North Maharashtra University, Jalgaon",LOPENH,139611,49.3416227,L,H,OPEN,B.Tech,2025,4
'05433,"R.C. Patel College of Engineering and Polytechnic, Shirpur",'0543392110,Artificial Intelligence and Machine Learning,"Un-Aided Linguistic Minority - Gujarathi Home University : Kavayitri Bahinabai Chaudhari North Maharashtra University, Jalgaon","Kavayitri Bahinabai Chaudhari North Maharashtra University, Jalgaon",GOPENH,119319,58.8994542,G,H,OPEN,B.Tech,2025,4
'05497,"P.G. College of Engineering & Technology, Nandurbar",'0549724510,Computer Engineering,"Un-Aided Home University : Kavayitri Bahinabai Chaudhari North Maharashtra University, Jalgaon","Kavayitri Bahinabai Chaudhari North Maharashtra University, Jalgaon",GOPENH,196020,9.0142807,G,H,OPEN,B.Tech,2025,4
'05497,"P.G. College of Engineering & Technology, Nandurbar",'0549761210,Mechanical Engineering,"Un-Aided Home University : Kavayitri Bahinabai Chaudhari North Maharashtra University, Jalgaon","Kavayitri Bahinabai Chaudhari North Maharashtra University, Jalgaon",EWS,181755,22.0346747,E,S,EWS,B.Tech,2025,4
'05497,"P.G. College of Engineering & Technology, Nandurbar",'0549791710,Data Science,"Un-Aided Home University : Kavayitri Bahinabai Chaudhari North Maharashtra University, Jalgaon","Kavayitri Bahinabai Chaudhari North Maharashtra University, Jalgaon",LOPENO,198034,7.1251441,L,O,OPEN,B.Tech,2025,4
'05509,"Shri Swami Samarth Institute of Management and Technology, Malwadi-Bota",'0550924510,Computer Engineering,Un-Aided Home University : Savitribai Phule Pune University,Savitribai Phule Pune University,LOPENH,76838,76.2716859,L,H,OPEN,B.Tech,2025,4
'05509,"Shri Swami Samarth Institute of Management and Technology, Malwadi-Bota",'0550999510,Artificial Intelligence and Data Science,Un-Aided Home University : Savitribai Phule Pune University,Savitribai Phule Pune University,LOPENO,166482,32.5451434,L,O,OPEN,B.Tech,2025,4
'05513,"MKD Institute of Technology, Nadurbar",'0551324510,Computer Engineering,"Un-Aided Home University : Kavayitri Bahinabai Chaudhari North Maharashtra University, Jalgaon","Kavayitri Bahinabai Chaudhari North Maharashtra University, Jalgaon",GNT2O,119545,58.8994542,G,O,NT2,B.Tech,2025,4
'05513,"MKD Institute of Technology, Nadurbar",'0551337210,Electronics and Telecommunication Engg,"Un-Aided Home University : Kavayitri Bahinabai Chaudhari North Maharashtra University, Jalgaon","Kavayitri Bahinabai Chaudhari North Maharashtra University, Jalgaon",GOBCH,200945,3.5736677,G,H,OBC,B.Tech,2025,4
'05545,"Shri Vile Parle Kelavani Mandal's College of Engineering, Shirpur",'0554524210,Computer Science and Engineering,"Un-Aided Linguistic Minority - Gujarathi Home University : Kavayitri Bahinabai Chaudhari North Maharashtra University, Jalgaon","Kavayitri Bahinabai Chaudhari North Maharashtra University, Jalgaon",GOPENH,106505,64.7131860,G,H,OPEN,B.Tech,2025,4
'05545,"Shri Vile Parle Kelavani Mandal's College of Engineering, Shirpur",'0554524210,Computer Science and Engineering,"Un-Aided Linguistic Minority - Gujarathi Home University : Kavayitri Bahinabai Chaudhari North Maharashtra University, Jalgaon","Kavayitri Bahinabai Chaudhari North Maharashtra University, Jalgaon",LOPENH,90081,71.4842352,L,H,OPEN,B.Tech,2025,4
'05545,"Shri Vile Parle Kelavani Mandal's College of Engineering, Shirpur",'0554524610,Information Technology,"Un-Aided Linguistic Minority - Gujarathi Home University : Kavayitri Bahinabai Chaudhari North Maharashtra University, Jalgaon","Kavayitri Bahinabai Chaudhari North Maharashtra University, Jalgaon",GOPENH,152556,42.2674623,G,H,OPEN,B.Tech,2025,4
'05545,"Shri Vile Parle Kelavani Mandal's College of Engineering, Shirpur",'0554524610,Information Technology,"Un-Aided Linguistic Minority - Gujarathi Home University : Kavayitri Bahinabai Chaudhari North Maharashtra University, Jalgaon","Kavayitri Bahinabai Chaudhari North Maharashtra University, Jalgaon",LOPENH,156880,39.3601986,L,H,OPEN,B.Tech,2025,4
'05545,"Shri Vile Parle Kelavani Mandal's College of Engineering, Shirpur",'0554584410,Electronics and Computer Engineering,"Un-Aided Linguistic Minority - Gujarathi Home University : Kavayitri Bahinabai Chaudhari North Maharashtra University, Jalgaon","Kavayitri Bahinabai Chaudhari North Maharashtra University, Jalgaon",GOPENH,157260,39.3344201,G,H,OPEN,B.Tech,2025,4
'05545,"Shri Vile Parle Kelavani Mandal's College of Engineering, Shirpur",'0554584410,Electronics and Computer Engineering,"Un-Aided Linguistic Minority - Gujarathi Home University : Kavayitri Bahinabai Chaudhari North Maharashtra University, Jalgaon","Kavayitri Bahinabai Chaudhari North Maharashtra University, Jalgaon",LOPENH,153191,41.4458186,L,H,OPEN,B.Tech,2025,4
'05545,"Shri Vile Parle Kelavani Mandal's College of Engineering, Shirpur",'0554591710,Data Science,"Un-Aided Linguistic Minority - Gujarathi Home University : Kavayitri Bahinabai Chaudhari North Maharashtra University, Jalgaon","Kavayitri Bahinabai Chaudhari North Maharashtra University, Jalgaon",GOPENH,99034,68.1117918,G,H,OPEN,B.Tech,2025,4
'05545,"Shri Vile Parle Kelavani Mandal's College of Engineering, Shirpur",'0554591710,Data Science,"Un-Aided Linguistic Minority - Gujarathi Home University : Kavayitri Bahinabai Chaudhari North Maharashtra University, Jalgaon","Kavayitri Bahinabai Chaudhari North Maharashtra University, Jalgaon",LOPENH,135074,51.1762787,L,H,OPEN,B.Tech,2025,4
'05597,VAMANRAO ITHAPE COLLEGE OF ENGINEERING AND MANAGEMENT,'0559724510,Computer Engineering,Un-Aided Home University : Savitribai Phule Pune University,Savitribai Phule Pune University,GOPENH,182209,21.5882968,G,H,OPEN,B.Tech,2025,4
'05597,VAMANRAO ITHAPE COLLEGE OF ENGINEERING AND MANAGEMENT,'0559724510,Computer Engineering,Un-Aided Home University : Savitribai Phule Pune University,Savitribai Phule Pune University,LNT2H,195352,9.6906054,L,H,NT2,B.Tech,2025,4
'05597,VAMANRAO ITHAPE COLLEGE OF ENGINEERING AND MANAGEMENT,'0559724510,Computer Engineering,Un-Aided Home University : Savitribai Phule Pune University,Savitribai Phule Pune University,LOBCH,127262,55.2744499,L,H,OBC,B.Tech,2025,4
'05597,VAMANRAO ITHAPE COLLEGE OF ENGINEERING AND MANAGEMENT,'0559724510,Computer Engineering,Un-Aided Home University : Savitribai Phule Pune University,Savitribai Phule Pune University,PWDOPENH,190926,13.9047479,P,H,PWD,B.Tech,2025,4
'05597,VAMANRAO ITHAPE COLLEGE OF ENGINEERING AND MANAGEMENT,'0559724610,Information Technology,Un-Aided Home University : Savitribai Phule Pune University,Savitribai Phule Pune University,GOPENO,173883,28.3031822,G,O,OPEN,B.Tech,2025,4
'05597,VAMANRAO ITHAPE COLLEGE OF ENGINEERING AND MANAGEMENT,'0559724610,Information Technology,Un-Aided Home University : Savitribai Phule Pune University,Savitribai Phule Pune University,LOPENO,132958,52.5968356,L,O,OPEN,B.Tech,2025,4
'05597,VAMANRAO ITHAPE COLLEGE OF ENGINEERING AND MANAGEMENT,'0559724610,Information Technology,Un-Aided Home University : Savitribai Phule Pune University,Savitribai Phule Pune University,LOBCO,151860,42.6339209,L,O,OBC,B.Tech,2025,4
'05597,VAMANRAO ITHAPE COLLEGE OF ENGINEERING AND MANAGEMENT,'0559737210,Electronics and Telecommunication Engg,Un-Aided Home University : Savitribai Phule Pune University,Savitribai Phule Pune University,GOPENH,199515,5.3139267,G,H,OPEN,B.Tech,2025,4
'05597,VAMANRAO ITHAPE COLLEGE OF ENGINEERING AND MANAGEMENT,'0559799710,Artificial Intelligence,Un-Aided Home University : Savitribai Phule Pune University,Savitribai Phule Pune University,TFWS,164401,34.8967510,T,S,TFWS,B.Tech,2025,4
'06004,"Government College of Engineering & Research, Avasari Khurd",'0600419110,Civil Engineering,Government,Unknown,GSCH,68498,79.0279720,G,H,SC,B.Tech,2025,4
'06004,"Government College of Engineering & Research, Avasari Khurd",'0600419110,Civil Engineering,Government,Unknown,GOBCH,70106,78.5512207,G,H,OBC,B.Tech,2025,4
'06004,"Government College of Engineering & Research, Avasari Khurd",'0600424510,Computer Engineering,Government,Unknown,GOPENH,22217,93.5366917,G,H,OPEN,B.Tech,2025,4
'06004,"Government College of Engineering & Research, Avasari Khurd",'0600424510,Computer Engineering,Government,Unknown,GSCH,56006,83.1060395,G,H,SC,B.Tech,2025,4
'06004,"Government College of Engineering & Research, Avasari Khurd",'0600424510,Computer Engineering,Government,Unknown,GSTH,199944,4.8139345,G,H,ST,B.Tech,2025,4
'06004,"Government College of Engineering & Research, Avasari Khurd",'0600424510,Computer Engineering,Government,Unknown,GSEBCH,26752,92.2299976,G,H,SEBC,B.Tech,2025,4
'06004,"Government College of Engineering & Research, Avasari Khurd",'0600424510,Computer Engineering,Government,Unknown,LOPENH,13472,96.1512986,L,H,OPEN,B.Tech,2025,4
'06004,"Government College of Engineering & Research, Avasari Khurd",'0600424510,Computer Engineering,Government,Unknown,LNT2H,29067,91.4692991,L,H,NT2,B.Tech,2025,4
'06004,"Government College of Engineering & Research, Avasari Khurd",'0600424510,Computer Engineering,Government,Unknown,LSEBCH,22153,93.5688239,L,H,SEBC,B.Tech,2025,4
'06004,"Government College of Engineering & Research, Avasari Khurd",'0600437210,Electronics and Telecommunication Engg,Government,Unknown,GOPENH,23769,93.0875099,G,H,OPEN,B.Tech,2025,4
'06004,"Government College of Engineering & Research, Avasari Khurd",'0600437210,Electronics and Telecommunication Engg,Government,Unknown,GSCH,63293,80.8599071,G,H,SC,B.Tech,2025,4
'06004,"Government College of Engineering & Research, Avasari Khurd",'0600437210,Electronics and Telecommunication Engg,Government,Unknown,GOBCH,32732,90.4110066,G,H,OBC,B.Tech,2025,4
'06004,"Government College of Engineering & Research, Avasari Khurd",'0600437210,Electronics and Telecommunication Engg,Government,Unknown,GSEBCH,51440,84.6215640,G,H,SEBC,B.Tech,2025,4
'06004,"Government College of Engineering & Research, Avasari Khurd",'0600437210,Electronics and Telecommunication Engg,Government,Unknown,LOPENH,34927,89.7089209,L,H,OPEN,B.Tech,2025,4
'06004,"Government College of Engineering & Research, Avasari Khurd",'0600437210,Electronics and Telecommunication Engg,Government,Unknown,PWDOBCH,35103,89.6827150,P,H,PWD,B.Tech,2025,4
'06004,"Government College of Engineering & Research, Avasari Khurd",'0600437210,Electronics and Telecommunication Engg,Government,Unknown,GSTH,31280,90.8461538,G,H,ST,B.Tech,2025,4
'06004,"Government College of Engineering & Research, Avasari Khurd",'0600446410,Instrumentation and Control Engineering,Government,Unknown,GOPENH,37413,88.9609194,G,H,OPEN,B.Tech,2025,4
'06004,"Government College of Engineering & Research, Avasari Khurd",'0600446410,Instrumentation and Control Engineering,Government,Unknown,GOBCH,54009,83.7934335,G,H,OBC,B.Tech,2025,4
'06004,"Government College of Engineering & Research, Avasari Khurd",'0600446410,Instrumentation and Control Engineering,Government,Unknown,GSTH,44339,86.7202099,G,H,ST,B.Tech,2025,4
'06004,"Government College of Engineering & Research, Avasari Khurd",'0600460210,Automobile Engineering,Government,Unknown,GOPENH,83377,73.6345056,G,H,OPEN,B.Tech,2025,4
'06004,"Government College of Engineering & Research, Avasari Khurd",'0600460210,Automobile Engineering,Government,Unknown,LOPENH,88006,71.8498844,L,H,OPEN,B.Tech,2025,4
'06004,"Government College of Engineering & Research, Avasari Khurd",'0600461210,Mechanical Engineering,Government,Unknown,GOPENH,34182,89.9860676,G,H,OPEN,B.Tech,2025,4
'06004,"Government College of Engineering & Research, Avasari Khurd",'0600461210,Mechanical Engineering,Government,Unknown,GNT2H,97218,68.4887011,G,H,NT2,B.Tech,2025,4
'06004,"Government College of Engineering & Research, Avasari Khurd",'0600461210,Mechanical Engineering,Government,Unknown,GOBCH,41577,87.6831328,G,H,OBC,B.Tech,2025,4
'06005,"Government College of Engineering, Karad",'0600519110,Civil Engineering,Government Autonomous,Unknown,GNT2S,29599,91.3131313,G,S,NT2,B.Tech,2025,4
'06005,"Government College of Engineering, Karad",'0600519110,Civil Engineering,Government Autonomous,Unknown,LOPENS,14230,95.9261851,L,S,OPEN,B.Tech,2025,4
'06005,"Government College of Engineering, Karad",'0600524610,Information Technology,Government Autonomous,Unknown,GOPENS,8763,97.4991292,G,S,OPEN,B.Tech,2025,4
'06005,"Government College of Engineering, Karad",'0600524610,Information Technology,Government Autonomous,Unknown,GSEBCS,10012,97.1269660,G,S,SEBC,B.Tech,2025,4
'06005,"Government College of Engineering, Karad",'0600524610,Information Technology,Government Autonomous,Unknown,LSCS,34592,89.8391608,L,S,SC,B.Tech,2025,4
'06005,"Government College of Engineering, Karad",'0600524610,Information Technology,Government Autonomous,Unknown,LOBCS,14220,95.9261851,L,S,OBC,B.Tech,2025,4
'06005,"Government College of Engineering, Karad",'0600524610,Information Technology,Government Autonomous,Unknown,TFWS,9642,97.2320377,T,S,TFWS,B.Tech,2025,4
'06005,"Government College of Engineering, Karad",'0600524610,Information Technology,Government Autonomous,Unknown,EWS,23590,93.1561968,E,S,EWS,B.Tech,2025,4
'06005,"Government College of Engineering, Karad",'0600529310,Electrical Engineering,Government Autonomous,Unknown,GOPENS,17710,94.8490546,G,S,OPEN,B.Tech,2025,4
'06005,"Government College of Engineering, Karad",'0600529310,Electrical Engineering,Government Autonomous,Unknown,GVJS,51054,84.6429815,G,S,VJ,B.Tech,2025,4
'06005,"Government College of Engineering, Karad",'0600529310,Electrical Engineering,Government Autonomous,Unknown,LOPENS,14292,95.8806117,L,S,OPEN,B.Tech,2025,4
'06005,"Government College of Engineering, Karad",'0600529310,Electrical Engineering,Government Autonomous,Unknown,LSCS,62686,81.0403668,L,S,SC,B.Tech,2025,4
'06005,"Government College of Engineering, Karad",'0600529310,Electrical Engineering,Government Autonomous,Unknown,LSEBCS,21468,93.8107171,L,S,SEBC,B.Tech,2025,4
'06005,"Government College of Engineering, Karad",'0600529310,Electrical Engineering,Government Autonomous,Unknown,TFWS,16804,95.1359923,T,S,TFWS,B.Tech,2025,4
'06005,"Government College of Engineering, Karad",'0600529310,Electrical Engineering,Government Autonomous,Unknown,PWDOBCS,19077,94.4922123,P,S,PWD,B.Tech,2025,4
'06005,"Government College of Engineering, Karad",'0600537210,Electronics and Telecommunication Engg,Government Autonomous,Unknown,GOPENS,12387,96.4685376,G,S,OPEN,B.Tech,2025,4
'06005,"Government College of Engineering, Karad",'0600537210,Electronics and Telecommunication Engg,Government Autonomous,Unknown,GOBCS,13470,96.1512986,G,S,OBC,B.Tech,2025,4
'06005,"Government College of Engineering, Karad",'0600537210,Electronics and Telecommunication Engg,Government Autonomous,Unknown,LOPENS,14201,95.9261851,L,S,OPEN,B.Tech,2025,4
'06005,"Government College of Engineering, Karad",'0600537210,Electronics and Telecommunication Engg,Government Autonomous,Unknown,LNT3S,56422,82.9717485,L,S,NT3,B.Tech,2025,4
'06005,"Government College of Engineering, Karad",'0600537210,Electronics and Telecommunication Engg,Government Autonomous,Unknown,LOBCS,18034,94.7837750,L,S,OBC,B.Tech,2025,4
'06005,"Government College of Engineering, Karad",'0600537210,Electronics and Telecommunication Engg,Government Autonomous,Unknown,ORPHAN,12649,96.3675736,O,N,ORPHAN,B.Tech,2025,4
'06005,"Government College of Engineering, Karad",'0600561210,Mechanical Engineering,Government Autonomous,Unknown,GOPENS,16697,95.2142111,G,S,OPEN,B.Tech,2025,4
'06005,"Government College of Engineering, Karad",'0600561210,Mechanical Engineering,Government Autonomous,Unknown,GSTS,191184,13.4300699,G,S,ST,B.Tech,2025,4
'06005,"Government College of Engineering, Karad",'0600561210,Mechanical Engineering,Government Autonomous,Unknown,GOBCS,21597,93.7451547,G,S,OBC,B.Tech,2025,4
'06005,"Government College of Engineering, Karad",'0600561210,Mechanical Engineering,Government Autonomous,Unknown,LOPENS,21461,93.8107171,L,S,OPEN,B.Tech,2025,4
'06007,"Walchand College of Engineering, Sangli",'0600719110,Civil Engineering,Government-Aided Autonomous,Unknown,GOPENS,8265,97.6267338,G,S,OPEN,B.Tech,2025,4
'06007,"Walchand College of Engineering, Sangli",'0600719110,Civil Engineering,Government-Aided Autonomous,Unknown,ORPHAN,8441,97.5766142,O,N,ORPHAN,B.Tech,2025,4
'06007,"Walchand College of Engineering, Sangli",'0600721970U,Robotics and Automation,Government-Aided Autonomous,Unknown,GOPENS,6086,98.2430292,G,S,OPEN,B.Tech,2025,4
'06007,"Walchand College of Engineering, Sangli",'0600721970U,Robotics and Automation,Government-Aided Autonomous,Unknown,GSCS,13291,96.1793607,G,S,SC,B.Tech,2025,4
'06007,"Walchand College of Engineering, Sangli",'0600721970U,Robotics and Automation,Government-Aided Autonomous,Unknown,GNT2S,10728,96.9302120,G,S,NT2,B.Tech,2025,4
'06007,"Walchand College of Engineering, Sangli",'0600721970U,Robotics and Automation,Government-Aided Autonomous,Unknown,GSEBCS,7553,97.8454962,G,S,SEBC,B.Tech,2025,4
'06007,"Walchand College of Engineering, Sangli",'0600721970U,Robotics and Automation,Government-Aided Autonomous,Unknown,LOBCS,8262,97.6267338,L,S,OBC,B.Tech,2025,4
'06007,"Walchand College of Engineering, Sangli",'0600721970U,Robotics and Automation,Government-Aided Autonomous,Unknown,EWS,13264,96.1861934,E,S,EWS,B.Tech,2025,4
'06007,"Walchand College of Engineering, Sangli",'0600724210,Computer Science and Engineering,Government-Aided Autonomous,Unknown,GOPENS,1985,99.3664592,G,S,OPEN,B.Tech,2025,4
'06007,"Walchand College of Engineering, Sangli",'0600724210,Computer Science and Engineering,Government-Aided Autonomous,Unknown,GSTS,36290,89.2894353,G,S,ST,B.Tech,2025,4
'06007,"Walchand College of Engineering, Sangli",'0600724210,Computer Science and Engineering,Government-Aided Autonomous,Unknown,GNT1S,4093,98.7820350,G,S,NT1,B.Tech,2025,4
'06007,"Walchand College of Engineering, Sangli",'0600724210,Computer Science and Engineering,Government-Aided Autonomous,Unknown,GNT2S,5048,98.5171521,G,S,NT2,B.Tech,2025,4
'06007,"Walchand College of Engineering, Sangli",'0600724210,Computer Science and Engineering,Government-Aided Autonomous,Unknown,GOBCS,2582,99.2002482,G,S,OBC,B.Tech,2025,4
'06007,"Walchand College of Engineering, Sangli",'0600724210,Computer Science and Engineering,Government-Aided Autonomous,Unknown,GSEBCS,3120,99.0517692,G,S,SEBC,B.Tech,2025,4
'06007,"Walchand College of Engineering, Sangli",'0600724210,Computer Science and Engineering,Government-Aided Autonomous,Unknown,LOPENS,3594,98.9251126,L,S,OPEN,B.Tech,2025,4
'06007,"Walchand College of Engineering, Sangli",'0600724210,Computer Science and Engineering,Government-Aided Autonomous,Unknown,LSCS,21580,93.7451547,L,S,SC,B.Tech,2025,4
'06007,"Walchand College of Engineering, Sangli",'0600724210,Computer Science and Engineering,Government-Aided Autonomous,Unknown,LSTS,79008,75.3562654,L,S,ST,B.Tech,2025,4
'06007,"Walchand College of Engineering, Sangli",'0600724210,Computer Science and Engineering,Government-Aided Autonomous,Unknown,EWS,3216,99.0345211,E,S,EWS,B.Tech,2025,4
'06007,"Walchand College of Engineering, Sangli",'0600724270U,Computer Science and Engineering,Government-Aided Autonomous,Unknown,GOPENS,2509,99.2173286,G,S,OPEN,B.Tech,2025,4
'06007,"Walchand College of Engineering, Sangli",'0600724270U,Computer Science and Engineering,Government-Aided Autonomous,Unknown,GSTS,38875,88.5563899,G,S,ST,B.Tech,2025,4
'06007,"Walchand College of Engineering, Sangli",'0600724270U,Computer Science and Engineering,Government-Aided Autonomous,Unknown,GOBCS,2723,99.1592465,G,S,OBC,B.Tech,2025,4
'06007,"Walchand College of Engineering, Sangli",'0600724270U,Computer Science and Engineering,Government-Aided Autonomous,Unknown,GSEBCS,3948,98.8286713,G,S,SEBC,B.Tech,2025,4
'06007,"Walchand College of Engineering, Sangli",'0600724270U,Computer Science and Engineering,Government-Aided Autonomous,Unknown,LOPENS,3623,98.9197811,L,S,OPEN,B.Tech,2025,4
'06007,"Walchand College of Engineering, Sangli",'0600724610,Information Technology,Government-Aided Autonomous,Unknown,GOPENS,2785,99.1528674,G,S,OPEN,B.Tech,2025,4
'06007,"Walchand College of Engineering, Sangli",'0600724610,Information Technology,Government-Aided Autonomous,Unknown,GNT1S,6307,98.1818182,G,S,NT1,B.Tech,2025,4
'06007,"Walchand College of Engineering, Sangli",'0600724610,Information Technology,Government-Aided Autonomous,Unknown,GOBCS,2857,99.1292233,G,S,OBC,B.Tech,2025,4
'06007,"Walchand College of Engineering, Sangli",'0600724610,Information Technology,Government-Aided Autonomous,Unknown,LOPENS,4532,98.6661987,L,S,OPEN,B.Tech,2025,4
'06007,"Walchand College of Engineering, Sangli",'0600724610,Information Technology,Government-Aided Autonomous,Unknown,LSCS,21855,93.6842468,L,S,SC,B.Tech,2025,4
'06007,"Walchand College of Engineering, Sangli",'0600724610,Information Technology,Government-Aided Autonomous,Unknown,LOBCS,5351,98.4352625,L,S,OBC,B.Tech,2025,4
'06007,"Walchand College of Engineering, Sangli",'0600724610,Information Technology,Government-Aided Autonomous,Unknown,EWS,4437,98.6955477,E,S,EWS,B.Tech,2025,4
'06007,"Walchand College of Engineering, Sangli",'0600724670U,Information Technology,Government-Aided Autonomous,Unknown,GOPENS,3055,99.0744298,G,S,OPEN,B.Tech,2025,4
'06007,"Walchand College of Engineering, Sangli",'0600724670U,Information Technology,Government-Aided Autonomous,Unknown,GOBCS,3124,99.0491118,G,S,OBC,B.Tech,2025,4
'06007,"Walchand College of Engineering, Sangli",'0600724670U,Information Technology,Government-Aided Autonomous,Unknown,GSEBCS,4072,98.7832133,G,S,SEBC,B.Tech,2025,4
'06007,"Walchand College of Engineering, Sangli",'0600724670U,Information Technology,Government-Aided Autonomous,Unknown,LOPENS,5013,98.5365513,L,S,OPEN,B.Tech,2025,4
'06007,"Walchand College of Engineering, Sangli",'0600724670U,Information Technology,Government-Aided Autonomous,Unknown,LSTS,166347,32.5451434,L,S,ST,B.Tech,2025,4
'06007,"Walchand College of Engineering, Sangli",'0600724670U,Information Technology,Government-Aided Autonomous,Unknown,LOBCS,5550,98.3873215,L,S,OBC,B.Tech,2025,4
'06007,"Walchand College of Engineering, Sangli",'0600724670U,Information Technology,Government-Aided Autonomous,Unknown,EWS,4495,98.6838838,E,S,EWS,B.Tech,2025,4
'06007,"Walchand College of Engineering, Sangli",'0600729310,Electrical Engineering,Government-Aided Autonomous,Unknown,GOPENS,6102,98.2430292,G,S,OPEN,B.Tech,2025,4
'06007,"Walchand College of Engineering, Sangli",'0600729310,Electrical Engineering,Government-Aided Autonomous,Unknown,GSCS,18899,94.5372821,G,S,SC,B.Tech,2025,4
'06007,"Walchand College of Engineering, Sangli",'0600729310,Electrical Engineering,Government-Aided Autonomous,Unknown,GVJS,19083,94.4922123,G,S,VJ,B.Tech,2025,4
'06007,"Walchand College of Engineering, Sangli",'0600729310,Electrical Engineering,Government-Aided Autonomous,Unknown,GOBCS,7131,97.9506368,G,S,OBC,B.Tech,2025,4
'06007,"Walchand College of Engineering, Sangli",'0600729310,Electrical Engineering,Government-Aided Autonomous,Unknown,LOPENS,7558,97.8454962,L,S,OPEN,B.Tech,2025,4
'06007,"Walchand College of Engineering, Sangli",'0600729310,Electrical Engineering,Government-Aided Autonomous,Unknown,DEFOPENS,11212,96.7913801,D,S,OPEN,B.Tech,2025,4
'06007,"Walchand College of Engineering, Sangli",'0600729310,Electrical Engineering,Government-Aided Autonomous,Unknown,TFWS,7724,97.7678736,T,S,TFWS,B.Tech,2025,4
'06007,"Walchand College of Engineering, Sangli",'0600729310,Electrical Engineering,Government-Aided Autonomous,Unknown,ORPHAN,6351,98.1729808,O,N,ORPHAN,B.Tech,2025,4
'06007,"Walchand College of Engineering, Sangli",'0600737610,Electronics Engineering,Government-Aided Autonomous,Unknown,GOPENS,4498,98.6838838,G,S,OPEN,B.Tech,2025,4
'06007,"Walchand College of Engineering, Sangli",'0600737610,Electronics Engineering,Government-Aided Autonomous,Unknown,GNT2S,8893,97.4543824,G,S,NT2,B.Tech,2025,4
'06007,"Walchand College of Engineering, Sangli",'0600737610,Electronics Engineering,Government-Aided Autonomous,Unknown,GOBCS,4708,98.6123812,G,S,OBC,B.Tech,2025,4
'06007,"Walchand College of Engineering, Sangli",'0600737610,Electronics Engineering,Government-Aided Autonomous,Unknown,GSEBCS,5806,98.2962990,G,S,SEBC,B.Tech,2025,4
'06007,"Walchand College of Engineering, Sangli",'0600737610,Electronics Engineering,Government-Aided Autonomous,Unknown,LOPENS,6430,98.1583115,L,S,OPEN,B.Tech,2025,4
'06007,"Walchand College of Engineering, Sangli",'0600737610,Electronics Engineering,Government-Aided Autonomous,Unknown,LSCS,25307,92.6059167,L,S,SC,B.Tech,2025,4
'06007,"Walchand College of Engineering, Sangli",'0600737610,Electronics Engineering,Government-Aided Autonomous,Unknown,LNT1S,10756,96.9208060,L,S,NT1,B.Tech,2025,4
'06007,"Walchand College of Engineering, Sangli",'0600761210,Mechanical Engineering,Government-Aided Autonomous,Unknown,GOPENS,6324,98.1818182,G,S,OPEN,B.Tech,2025,4
'06007,"Walchand College of Engineering, Sangli",'0600761210,Mechanical Engineering,Government-Aided Autonomous,Unknown,GNT2S,10928,96.8499656,G,S,NT2,B.Tech,2025,4
'06007,"Walchand College of Engineering, Sangli",'0600761210,Mechanical Engineering,Government-Aided Autonomous,Unknown,GSEBCS,7174,97.9446841,G,S,SEBC,B.Tech,2025,4
'06007,"Walchand College of Engineering, Sangli",'0600761210,Mechanical Engineering,Government-Aided Autonomous,Unknown,LOPENS,7843,97.7473483,L,S,OPEN,B.Tech,2025,4
'06007,"Walchand College of Engineering, Sangli",'0600761210,Mechanical Engineering,Government-Aided Autonomous,Unknown,TFWS,5878,98.2843648,T,S,TFWS,B.Tech,2025,4
'06007,"Walchand College of Engineering, Sangli",'0600761210,Mechanical Engineering,Government-Aided Autonomous,Unknown,PWDOPENS,6167,98.2044870,P,S,PWD,B.Tech,2025,4
'06007,"Walchand College of Engineering, Sangli",'0600792170U,Artificial Intelligence and Machine Learning,Government-Aided Autonomous,Unknown,GOPENS,3168,99.0376324,G,S,OPEN,B.Tech,2025,4
'06007,"Walchand College of Engineering, Sangli",'0600792170U,Artificial Intelligence and Machine Learning,Government-Aided Autonomous,Unknown,GSTS,60871,81.6328671,G,S,ST,B.Tech,2025,4
'06007,"Walchand College of Engineering, Sangli",'0600792170U,Artificial Intelligence and Machine Learning,Government-Aided Autonomous,Unknown,GOBCS,3593,98.9251126,G,S,OBC,B.Tech,2025,4
'06028,"Department of Technology, Shivaji University, Kolhapur",'0602819110,Civil Engineering,University Department,Unknown,GOBCH,151785,42.7403863,G,H,OBC,B.Tech,2025,4
'06028,"Department of Technology, Shivaji University, Kolhapur",'0602819110,Civil Engineering,University Department,Unknown,GSEBCH,101751,66.4263323,G,H,SEBC,B.Tech,2025,4
'06028,"Department of Technology, Shivaji University, Kolhapur",'0602819110,Civil Engineering,University Department,Unknown,LSTH,113873,61.5619516,L,H,ST,B.Tech,2025,4
'06028,"Department of Technology, Shivaji University, Kolhapur",'0602825410,Computer Science and Technology,University Department,Unknown,LNT1H,176851,25.4595013,L,H,NT1,B.Tech,2025,4
'06028,"Department of Technology, Shivaji University, Kolhapur",'0602837210,Electronics and Telecommunication Engg,University Department,Unknown,GOPENH,85103,73.2612864,G,H,OPEN,B.Tech,2025,4
'06028,"Department of Technology, Shivaji University, Kolhapur",'0602837210,Electronics and Telecommunication Engg,University Department,Unknown,GSCH,121197,58.2180677,G,H,SC,B.Tech,2025,4
'06028,"Department of Technology, Shivaji University, Kolhapur",'0602837210,Electronics and Telecommunication Engg,University Department,Unknown,GOBCH,105019,65.6307130,G,H,OBC,B.Tech,2025,4
'06028,"Department of Technology, Shivaji University, Kolhapur",'0602837210,Electronics and Telecommunication Engg,University Department,Unknown,LOPENH,97168,68.4887011,L,H,OPEN,B.Tech,2025,4
'06028,"Department of Technology, Shivaji University, Kolhapur",'0602837210,Electronics and Telecommunication Engg,University Department,Unknown,LSCH,169935,30.2606300,L,H,SC,B.Tech,2025,4
'06028,"Department of Technology, Shivaji University, Kolhapur",'0602850310,Food Technology,University Department,Unknown,GOPENH,71269,79.7828107,G,H,OPEN,B.Tech,2025,4
'06028,"Department of Technology, Shivaji University, Kolhapur",'0602850710,Chemical Engineering,University Department,Unknown,GOPENH,105391,65.5190641,G,H,OPEN,B.Tech,2025,4
'06028,"Department of Technology, Shivaji University, Kolhapur",'0602850710,Chemical Engineering,University Department,Unknown,PWDOPENH,115731,60.6344780,P,H,PWD,B.Tech,2025,4
'06028,"Department of Technology, Shivaji University, Kolhapur",'0602850710,Chemical Engineering,University Department,Unknown,GSTH,133491,52.3622324,G,H,ST,B.Tech,2025,4
'06028,"Department of Technology, Shivaji University, Kolhapur",'0602861210,Mechanical Engineering,University Managed (Un-Aided),Unknown,GOPENH,119461,58.8994542,G,H,OPEN,B.Tech,2025,4
'06028,"Department of Technology, Shivaji University, Kolhapur",'0602861210,Mechanical Engineering,University Managed (Un-Aided),Unknown,LOPENH,116371,60.4221150,L,H,OPEN,B.Tech,2025,4
'06028,"Department of Technology, Shivaji University, Kolhapur",'0602861210,Mechanical Engineering,University Managed (Un-Aided),Unknown,LSTH,115729,60.6344780,L,H,ST,B.Tech,2025,4
'06036,"Government College of Engineering, Kolhapur",'0603624210,Computer Science and Engineering,Government Home University : Shivaji University,Shivaji University,GOPENH,46135,86.2351996,G,H,OPEN,B.Tech,2025,4
'06036,"Government College of Engineering, Kolhapur",'0603624210,Computer Science and Engineering,Government Home University : Shivaji University,Shivaji University,GSCH,87769,72.1028020,G,H,SC,B.Tech,2025,4
'06036,"Government College of Engineering, Kolhapur",'0603624210,Computer Science and Engineering,Government Home University : Shivaji University,Shivaji University,GOBCH,55205,83.4378744,G,H,OBC,B.Tech,2025,4
'06036,"Government College of Engineering, Kolhapur",'0603624210,Computer Science and Engineering,Government Home University : Shivaji University,Shivaji University,LOPENH,52777,84.1131441,L,H,OPEN,B.Tech,2025,4
'06036,"Government College of Engineering, Kolhapur",'0603624210,Computer Science and Engineering,Government Home University : Shivaji University,Shivaji University,LOBCH,60277,81.7705077,L,H,OBC,B.Tech,2025,4
'06036,"Government College of Engineering, Kolhapur",'0603624210,Computer Science and Engineering,Government Home University : Shivaji University,Shivaji University,LSEBCH,56198,83.0707711,L,H,SEBC,B.Tech,2025,4
'06036,"Government College of Engineering, Kolhapur",'0603624210,Computer Science and Engineering,Government Home University : Shivaji University,Shivaji University,PWDOPENH,37331,88.9773781,P,H,PWD,B.Tech,2025,4
'06036,"Government College of Engineering, Kolhapur",'0603624210,Computer Science and Engineering,Government Home University : Shivaji University,Shivaji University,PWDOBCH,52447,84.3018999,P,H,PWD,B.Tech,2025,4
'06036,"Government College of Engineering, Kolhapur",'0603626310,Artificial Intelligence (AI) and Data Science,Government Home University : Shivaji University,Shivaji University,GOBCH,53539,83.9020979,G,H,OBC,B.Tech,2025,4
'06036,"Government College of Engineering, Kolhapur",'0603626310,Artificial Intelligence (AI) and Data Science,Government Home University : Shivaji University,Shivaji University,LOBCH,61823,81.1967017,L,H,OBC,B.Tech,2025,4
'06036,"Government College of Engineering, Kolhapur",'0603629310,Electrical Engineering,Government Home University : Shivaji University,Shivaji University,GOPENH,64736,80.3531469,G,H,OPEN,B.Tech,2025,4
'06036,"Government College of Engineering, Kolhapur",'0603629310,Electrical Engineering,Government Home University : Shivaji University,Shivaji University,LOPENH,78650,75.4048881,L,H,OPEN,B.Tech,2025,4
'06036,"Government College of Engineering, Kolhapur",'0603637210,Electronics and Telecommunication Engg,Government Home University : Shivaji University,Shivaji University,GOPENH,47697,85.8501253,G,H,OPEN,B.Tech,2025,4
'06036,"Government College of Engineering, Kolhapur",'0603637210,Electronics and Telecommunication Engg,Government Home University : Shivaji University,Shivaji University,GSCH,99379,67.8236662,G,H,SC,B.Tech,2025,4
'06036,"Government College of Engineering, Kolhapur",'0603637210,Electronics and Telecommunication Engg,Government Home University : Shivaji University,Shivaji University,GOBCH,67814,79.3730892,G,H,OBC,B.Tech,2025,4
'06036,"Government College of Engineering, Kolhapur",'0603637210,Electronics and Telecommunication Engg,Government Home University : Shivaji University,Shivaji University,GSEBCH,57528,82.7776620,G,H,SEBC,B.Tech,2025,4
'06036,"Government College of Engineering, Kolhapur",'0603637210,Electronics and Telecommunication Engg,Government Home University : Shivaji University,Shivaji University,LOBCH,76077,76.6755200,L,H,OBC,B.Tech,2025,4
'06036,"Government College of Engineering, Kolhapur",'0603661510,Mechanical & Automation Engineering,Government Home University : Shivaji University,Shivaji University,GOPENH,96080,69.0979021,G,H,OPEN,B.Tech,2025,4
'06036,"Government College of Engineering, Kolhapur",'0603661510,Mechanical & Automation Engineering,Government Home University : Shivaji University,Shivaji University,GOBCH,109378,63.4714222,G,H,OBC,B.Tech,2025,4
'06122,"TSSMS's Pd. Vasantdada Patil Institute of Technology, Bavdhan, Pune",'0612219110,Civil Engineering,Un-Aided,Unknown,GOPENH,121749,57.8195751,G,H,OPEN,B.Tech,2025,4
'06122,"TSSMS's Pd. Vasantdada Patil Institute of Technology, Bavdhan, Pune",'0612219110,Civil Engineering,Un-Aided,Unknown,GNT2H,167403,32.1650475,G,H,NT2,B.Tech,2025,4
'06122,"TSSMS's Pd. Vasantdada Patil Institute of Technology, Bavdhan, Pune",'0612219110,Civil Engineering,Un-Aided,Unknown,GOBCH,162094,35.9909439,G,H,OBC,B.Tech,2025,4
'06122,"TSSMS's Pd. Vasantdada Patil Institute of Technology, Bavdhan, Pune",'0612219110,Civil Engineering,Un-Aided,Unknown,GSEBCH,131499,53.2657343,G,H,SEBC,B.Tech,2025,4
'06122,"TSSMS's Pd. Vasantdada Patil Institute of Technology, Bavdhan, Pune",'0612219110,Civil Engineering,Un-Aided,Unknown,LSEBCH,121601,57.8195751,L,H,SEBC,B.Tech,2025,4
'06122,"TSSMS's Pd. Vasantdada Patil Institute of Technology, Bavdhan, Pune",'0612219110,Civil Engineering,Un-Aided,Unknown,PWDOBCH,168872,31.9280223,P,H,PWD,B.Tech,2025,4
'06122,"TSSMS's Pd. Vasantdada Patil Institute of Technology, Bavdhan, Pune",'0612219110,Civil Engineering,Un-Aided,Unknown,GSTH,129135,54.4314351,G,H,ST,B.Tech,2025,4
'06122,"TSSMS's Pd. Vasantdada Patil Institute of Technology, Bavdhan, Pune",'0612224510,Computer Engineering,Un-Aided,Unknown,GOPENH,35732,89.4914664,G,H,OPEN,B.Tech,2025,4
'06122,"TSSMS's Pd. Vasantdada Patil Institute of Technology, Bavdhan, Pune",'0612224510,Computer Engineering,Un-Aided,Unknown,GSCH,92443,70.5072010,G,H,SC,B.Tech,2025,4
'06122,"TSSMS's Pd. Vasantdada Patil Institute of Technology, Bavdhan, Pune",'0612224510,Computer Engineering,Un-Aided,Unknown,GVJH,81483,74.6802716,G,H,VJ,B.Tech,2025,4
'06122,"TSSMS's Pd. Vasantdada Patil Institute of Technology, Bavdhan, Pune",'0612224510,Computer Engineering,Un-Aided,Unknown,GOBCH,44552,86.6827486,G,H,OBC,B.Tech,2025,4
'06122,"TSSMS's Pd. Vasantdada Patil Institute of Technology, Bavdhan, Pune",'0612224510,Computer Engineering,Un-Aided,Unknown,LNT3H,50891,84.8660601,L,H,NT3,B.Tech,2025,4
'06122,"TSSMS's Pd. Vasantdada Patil Institute of Technology, Bavdhan, Pune",'0612224510,Computer Engineering,Un-Aided,Unknown,LOBCH,43845,86.9651776,L,H,OBC,B.Tech,2025,4
'06122,"TSSMS's Pd. Vasantdada Patil Institute of Technology, Bavdhan, Pune",'0612224510,Computer Engineering,Un-Aided,Unknown,PWDSEBCH,43033,87.3029561,P,H,PWD,B.Tech,2025,4
'06122,"TSSMS's Pd. Vasantdada Patil Institute of Technology, Bavdhan, Pune",'0612224510,Computer Engineering,Un-Aided,Unknown,GSTH,37586,88.9550679,G,H,ST,B.Tech,2025,4
'06122,"TSSMS's Pd. Vasantdada Patil Institute of Technology, Bavdhan, Pune",'0612237210,Electronics and Telecommunication Engg,Un-Aided,Unknown,GOPENH,54364,83.7239356,G,H,OPEN,B.Tech,2025,4
'06122,"TSSMS's Pd. Vasantdada Patil Institute of Technology, Bavdhan, Pune",'0612237210,Electronics and Telecommunication Engg,Un-Aided,Unknown,GSCH,104824,65.6307130,G,H,SC,B.Tech,2025,4
'06122,"TSSMS's Pd. Vasantdada Patil Institute of Technology, Bavdhan, Pune",'0612237210,Electronics and Telecommunication Engg,Un-Aided,Unknown,GOBCH,62605,81.0403668,G,H,OBC,B.Tech,2025,4
'06122,"TSSMS's Pd. Vasantdada Patil Institute of Technology, Bavdhan, Pune",'0612237210,Electronics and Telecommunication Engg,Un-Aided,Unknown,GSEBCH,84066,73.5570613,G,H,SEBC,B.Tech,2025,4
'06122,"TSSMS's Pd. Vasantdada Patil Institute of Technology, Bavdhan, Pune",'0612237210,Electronics and Telecommunication Engg,Un-Aided,Unknown,LOPENH,38219,88.7271830,L,H,OPEN,B.Tech,2025,4
'06122,"TSSMS's Pd. Vasantdada Patil Institute of Technology, Bavdhan, Pune",'0612261210,Mechanical Engineering,Un-Aided,Unknown,GOPENH,92341,70.5072010,G,H,OPEN,B.Tech,2025,4
'06122,"TSSMS's Pd. Vasantdada Patil Institute of Technology, Bavdhan, Pune",'0612261210,Mechanical Engineering,Un-Aided,Unknown,GSCH,133509,52.3622324,G,H,SC,B.Tech,2025,4
'06122,"TSSMS's Pd. Vasantdada Patil Institute of Technology, Bavdhan, Pune",'0612261210,Mechanical Engineering,Un-Aided,Unknown,GOBCH,107592,64.2631037,G,H,OBC,B.Tech,2025,4
'06122,"TSSMS's Pd. Vasantdada Patil Institute of Technology, Bavdhan, Pune",'0612261210,Mechanical Engineering,Un-Aided,Unknown,GSEBCH,121328,58.2180677,G,H,SEBC,B.Tech,2025,4
'06122,"TSSMS's Pd. Vasantdada Patil Institute of Technology, Bavdhan, Pune",'0612261210,Mechanical Engineering,Un-Aided,Unknown,LOPENH,109683,63.3986014,L,H,OPEN,B.Tech,2025,4
'06122,"TSSMS's Pd. Vasantdada Patil Institute of Technology, Bavdhan, Pune",'0612261210,Mechanical Engineering,Un-Aided,Unknown,LOBCH,118929,59.1762367,L,H,OBC,B.Tech,2025,4
'06122,"TSSMS's Pd. Vasantdada Patil Institute of Technology, Bavdhan, Pune",'0612261210,Mechanical Engineering,Un-Aided,Unknown,LNT1H,155370,39.9024730,L,H,NT1,B.Tech,2025,4
'06122,"TSSMS's Pd. Vasantdada Patil Institute of Technology, Bavdhan, Pune",'0612261210,Mechanical Engineering,Un-Aided,Unknown,GSTH,97855,68.3753318,G,H,ST,B.Tech,2025,4
'06122,"TSSMS's Pd. Vasantdada Patil Institute of Technology, Bavdhan, Pune",'0612291210,Computer Science and Engineering(Data Science),Un-Aided,Unknown,GOPENH,50114,85.0571556,G,H,OPEN,B.Tech,2025,4
'06122,"TSSMS's Pd. Vasantdada Patil Institute of Technology, Bavdhan, Pune",'0612291210,Computer Science and Engineering(Data Science),Un-Aided,Unknown,GSCH,89875,71.4842352,G,H,SC,B.Tech,2025,4
'06122,"TSSMS's Pd. Vasantdada Patil Institute of Technology, Bavdhan, Pune",'0612291210,Computer Science and Engineering(Data Science),Un-Aided,Unknown,GNT3H,59636,81.9705913,G,H,NT3,B.Tech,2025,4
'06122,"TSSMS's Pd. Vasantdada Patil Institute of Technology, Bavdhan, Pune",'0612291210,Computer Science and Engineering(Data Science),Un-Aided,Unknown,GOBCH,55261,83.4378744,G,H,OBC,B.Tech,2025,4
'06122,"TSSMS's Pd. Vasantdada Patil Institute of Technology, Bavdhan, Pune",'0612291210,Computer Science and Engineering(Data Science),Un-Aided,Unknown,LOPENH,43260,87.1431548,L,H,OPEN,B.Tech,2025,4
'06122,"TSSMS's Pd. Vasantdada Patil Institute of Technology, Bavdhan, Pune",'0612291210,Computer Science and Engineering(Data Science),Un-Aided,Unknown,LOBCH,50317,84.9728618,L,H,OBC,B.Tech,2025,4
'06122,"TSSMS's Pd. Vasantdada Patil Institute of Technology, Bavdhan, Pune",'0612291210,Computer Science and Engineering(Data Science),Un-Aided,Unknown,GSTH,53157,84.0359888,G,H,ST,B.Tech,2025,4
'06122,"TSSMS's Pd. Vasantdada Patil Institute of Technology, Bavdhan, Pune",'0612291210,Computer Science and Engineering(Data Science),Un-Aided,Unknown,LSTH,44710,86.6759630,L,H,ST,B.Tech,2025,4
'06138,"Genba Sopanrao Moze Trust Parvatibai Genba Moze College of Engineering,Wagholi, Pune",'0613819110,Civil Engineering,Un-Aided,Unknown,GOPENH,132272,53.2228937,G,H,OPEN,B.Tech,2025,4
'06138,"Genba Sopanrao Moze Trust Parvatibai Genba Moze College of Engineering,Wagholi, Pune",'0613819110,Civil Engineering,Un-Aided,Unknown,GSCH,192850,11.8670556,G,H,SC,B.Tech,2025,4
'06138,"Genba Sopanrao Moze Trust Parvatibai Genba Moze College of Engineering,Wagholi, Pune",'0613819110,Civil Engineering,Un-Aided,Unknown,GOBCH,145257,45.9816283,G,H,OBC,B.Tech,2025,4
'06138,"Genba Sopanrao Moze Trust Parvatibai Genba Moze College of Engineering,Wagholi, Pune",'0613819110,Civil Engineering,Un-Aided,Unknown,LOPENH,107792,64.2631037,L,H,OPEN,B.Tech,2025,4
'06138,"Genba Sopanrao Moze Trust Parvatibai Genba Moze College of Engineering,Wagholi, Pune",'0613824510,Computer Engineering,Un-Aided,Unknown,GOPENH,74364,76.9322569,G,H,OPEN,B.Tech,2025,4
'06138,"Genba Sopanrao Moze Trust Parvatibai Genba Moze College of Engineering,Wagholi, Pune",'0613824510,Computer Engineering,Un-Aided,Unknown,GNT2H,83191,73.6345056,G,H,NT2,B.Tech,2025,4
'06138,"Genba Sopanrao Moze Trust Parvatibai Genba Moze College of Engineering,Wagholi, Pune",'0613824510,Computer Engineering,Un-Aided,Unknown,GOBCH,80692,75.1620214,G,H,OBC,B.Tech,2025,4
'06138,"Genba Sopanrao Moze Trust Parvatibai Genba Moze College of Engineering,Wagholi, Pune",'0613824510,Computer Engineering,Un-Aided,Unknown,GSEBCH,89485,71.5562808,G,H,SEBC,B.Tech,2025,4
'06138,"Genba Sopanrao Moze Trust Parvatibai Genba Moze College of Engineering,Wagholi, Pune",'0613824510,Computer Engineering,Un-Aided,Unknown,LOPENH,64088,80.4732503,L,H,OPEN,B.Tech,2025,4
'06138,"Genba Sopanrao Moze Trust Parvatibai Genba Moze College of Engineering,Wagholi, Pune",'0613824510,Computer Engineering,Un-Aided,Unknown,LVJH,130849,53.6771201,L,H,VJ,B.Tech,2025,4
'06138,"Genba Sopanrao Moze Trust Parvatibai Genba Moze College of Engineering,Wagholi, Pune",'0613824510,Computer Engineering,Un-Aided,Unknown,LOBCH,75157,76.8973331,L,H,OBC,B.Tech,2025,4
'06138,"Genba Sopanrao Moze Trust Parvatibai Genba Moze College of Engineering,Wagholi, Pune",'0613824510,Computer Engineering,Un-Aided,Unknown,PWDOBCH,76804,76.2716859,P,H,PWD,B.Tech,2025,4
'06138,"Genba Sopanrao Moze Trust Parvatibai Genba Moze College of Engineering,Wagholi, Pune",'0613824510,Computer Engineering,Un-Aided,Unknown,GSTH,75224,76.8955509,G,H,ST,B.Tech,2025,4
'06138,"Genba Sopanrao Moze Trust Parvatibai Genba Moze College of Engineering,Wagholi, Pune",'0613824510,Computer Engineering,Un-Aided,Unknown,LSTH,74859,76.8973331,L,H,ST,B.Tech,2025,4
'06138,"Genba Sopanrao Moze Trust Parvatibai Genba Moze College of Engineering,Wagholi, Pune",'0613824610,Information Technology,Un-Aided,Unknown,GOPENH,87094,72.3760958,G,H,OPEN,B.Tech,2025,4
'06138,"Genba Sopanrao Moze Trust Parvatibai Genba Moze College of Engineering,Wagholi, Pune",'0613824610,Information Technology,Un-Aided,Unknown,GSCH,116267,60.4378874,G,H,SC,B.Tech,2025,4
'06138,"Genba Sopanrao Moze Trust Parvatibai Genba Moze College of Engineering,Wagholi, Pune",'0613824610,Information Technology,Un-Aided,Unknown,GNT2H,88429,71.8197195,G,H,NT2,B.Tech,2025,4
'06138,"Genba Sopanrao Moze Trust Parvatibai Genba Moze College of Engineering,Wagholi, Pune",'0613824610,Information Technology,Un-Aided,Unknown,GNT3H,95655,69.2179237,G,H,NT3,B.Tech,2025,4
'06138,"Genba Sopanrao Moze Trust Parvatibai Genba Moze College of Engineering,Wagholi, Pune",'0613824610,Information Technology,Un-Aided,Unknown,GOBCH,89303,71.5830116,G,H,OBC,B.Tech,2025,4
'06138,"Genba Sopanrao Moze Trust Parvatibai Genba Moze College of Engineering,Wagholi, Pune",'0613824610,Information Technology,Un-Aided,Unknown,GSEBCH,93854,69.8941051,G,H,SEBC,B.Tech,2025,4
'06138,"Genba Sopanrao Moze Trust Parvatibai Genba Moze College of Engineering,Wagholi, Pune",'0613824610,Information Technology,Un-Aided,Unknown,LOPENH,83205,73.6345056,L,H,OPEN,B.Tech,2025,4
'06138,"Genba Sopanrao Moze Trust Parvatibai Genba Moze College of Engineering,Wagholi, Pune",'0613824610,Information Technology,Un-Aided,Unknown,LNT2H,83562,73.6328536,L,H,NT2,B.Tech,2025,4
'06138,"Genba Sopanrao Moze Trust Parvatibai Genba Moze College of Engineering,Wagholi, Pune",'0613824610,Information Technology,Un-Aided,Unknown,LNT3H,142329,47.3563218,L,H,NT3,B.Tech,2025,4
'06138,"Genba Sopanrao Moze Trust Parvatibai Genba Moze College of Engineering,Wagholi, Pune",'0613824610,Information Technology,Un-Aided,Unknown,LOBCH,86528,72.7429418,L,H,OBC,B.Tech,2025,4
'06138,"Genba Sopanrao Moze Trust Parvatibai Genba Moze College of Engineering,Wagholi, Pune",'0613824610,Information Technology,Un-Aided,Unknown,PWDOPENH,86056,72.8948543,P,H,PWD,B.Tech,2025,4
'06138,"Genba Sopanrao Moze Trust Parvatibai Genba Moze College of Engineering,Wagholi, Pune",'0613824610,Information Technology,Un-Aided,Unknown,GSTH,89060,71.5830116,G,H,ST,B.Tech,2025,4
'06138,"Genba Sopanrao Moze Trust Parvatibai Genba Moze College of Engineering,Wagholi, Pune",'0613824610,Information Technology,Un-Aided,Unknown,LSTH,86908,72.6730266,L,H,ST,B.Tech,2025,4
'06138,"Genba Sopanrao Moze Trust Parvatibai Genba Moze College of Engineering,Wagholi, Pune",'0613826310,Artificial Intelligence (AI) and Data Science,Un-Aided,Unknown,GOPENH,80291,75.1716925,G,H,OPEN,B.Tech,2025,4
'06138,"Genba Sopanrao Moze Trust Parvatibai Genba Moze College of Engineering,Wagholi, Pune",'0613826310,Artificial Intelligence (AI) and Data Science,Un-Aided,Unknown,GSCH,84378,73.5570613,G,H,SC,B.Tech,2025,4
'06138,"Genba Sopanrao Moze Trust Parvatibai Genba Moze College of Engineering,Wagholi, Pune",'0613826310,Artificial Intelligence (AI) and Data Science,Un-Aided,Unknown,GNT2H,85102,73.2612864,G,H,NT2,B.Tech,2025,4
'06138,"Genba Sopanrao Moze Trust Parvatibai Genba Moze College of Engineering,Wagholi, Pune",'0613826310,Artificial Intelligence (AI) and Data Science,Un-Aided,Unknown,GOBCH,85766,73.1347962,G,H,OBC,B.Tech,2025,4
'06138,"Genba Sopanrao Moze Trust Parvatibai Genba Moze College of Engineering,Wagholi, Pune",'0613826310,Artificial Intelligence (AI) and Data Science,Un-Aided,Unknown,GSEBCH,91125,71.0971787,G,H,SEBC,B.Tech,2025,4
'06138,"Genba Sopanrao Moze Trust Parvatibai Genba Moze College of Engineering,Wagholi, Pune",'0613826310,Artificial Intelligence (AI) and Data Science,Un-Aided,Unknown,LOPENH,76096,76.6755200,L,H,OPEN,B.Tech,2025,4
'06138,"Genba Sopanrao Moze Trust Parvatibai Genba Moze College of Engineering,Wagholi, Pune",'0613826310,Artificial Intelligence (AI) and Data Science,Un-Aided,Unknown,LOBCH,80637,75.1620214,L,H,OBC,B.Tech,2025,4
'06138,"Genba Sopanrao Moze Trust Parvatibai Genba Moze College of Engineering,Wagholi, Pune",'0613826310,Artificial Intelligence (AI) and Data Science,Un-Aided,Unknown,PWDOPENH,75388,76.8955509,P,H,PWD,B.Tech,2025,4
'06138,"Genba Sopanrao Moze Trust Parvatibai Genba Moze College of Engineering,Wagholi, Pune",'0613826310,Artificial Intelligence (AI) and Data Science,Un-Aided,Unknown,GSTH,82199,74.0094972,G,H,ST,B.Tech,2025,4
'06138,"Genba Sopanrao Moze Trust Parvatibai Genba Moze College of Engineering,Wagholi, Pune",'0613837210,Electronics and Telecommunication Engg,Un-Aided,Unknown,GOPENH,91560,70.7504568,G,H,OPEN,B.Tech,2025,4
'06138,"Genba Sopanrao Moze Trust Parvatibai Genba Moze College of Engineering,Wagholi, Pune",'0613837210,Electronics and Telecommunication Engg,Un-Aided,Unknown,GSCH,127747,55.1895416,G,H,SC,B.Tech,2025,4
'06138,"Genba Sopanrao Moze Trust Parvatibai Genba Moze College of Engineering,Wagholi, Pune",'0613837210,Electronics and Telecommunication Engg,Un-Aided,Unknown,GOBCH,96411,68.9620341,G,H,OBC,B.Tech,2025,4
'06138,"Genba Sopanrao Moze Trust Parvatibai Genba Moze College of Engineering,Wagholi, Pune",'0613837210,Electronics and Telecommunication Engg,Un-Aided,Unknown,GSEBCH,105265,65.5190641,G,H,SEBC,B.Tech,2025,4
'06138,"Genba Sopanrao Moze Trust Parvatibai Genba Moze College of Engineering,Wagholi, Pune",'0613837210,Electronics and Telecommunication Engg,Un-Aided,Unknown,LOPENH,86162,72.8948543,L,H,OPEN,B.Tech,2025,4
'06138,"Genba Sopanrao Moze Trust Parvatibai Genba Moze College of Engineering,Wagholi, Pune",'0613837210,Electronics and Telecommunication Engg,Un-Aided,Unknown,LNT2H,92314,70.5072010,L,H,NT2,B.Tech,2025,4
'06138,"Genba Sopanrao Moze Trust Parvatibai Genba Moze College of Engineering,Wagholi, Pune",'0613837210,Electronics and Telecommunication Engg,Un-Aided,Unknown,LSEBCH,104944,65.6307130,L,H,SEBC,B.Tech,2025,4
'06138,"Genba Sopanrao Moze Trust Parvatibai Genba Moze College of Engineering,Wagholi, Pune",'0613837210,Electronics and Telecommunication Engg,Un-Aided,Unknown,GSTH,94127,69.8498837,G,H,ST,B.Tech,2025,4
'06138,"Genba Sopanrao Moze Trust Parvatibai Genba Moze College of Engineering,Wagholi, Pune",'0613861210,Mechanical Engineering,Un-Aided,Unknown,GOPENH,99271,68.1117918,G,H,OPEN,B.Tech,2025,4
'06138,"Genba Sopanrao Moze Trust Parvatibai Genba Moze College of Engineering,Wagholi, Pune",'0613861210,Mechanical Engineering,Un-Aided,Unknown,GNT2H,122516,57.5410529,G,H,NT2,B.Tech,2025,4
'06138,"Genba Sopanrao Moze Trust Parvatibai Genba Moze College of Engineering,Wagholi, Pune",'0613861210,Mechanical Engineering,Un-Aided,Unknown,GOBCH,113545,61.6834321,G,H,OBC,B.Tech,2025,4
'06138,"Genba Sopanrao Moze Trust Parvatibai Genba Moze College of Engineering,Wagholi, Pune",'0613861210,Mechanical Engineering,Un-Aided,Unknown,GSEBCH,129641,54.1537389,G,H,SEBC,B.Tech,2025,4
'06138,"Genba Sopanrao Moze Trust Parvatibai Genba Moze College of Engineering,Wagholi, Pune",'0613861210,Mechanical Engineering,Un-Aided,Unknown,LSTH,115416,60.8775137,L,H,ST,B.Tech,2025,4
'06139,"Progressive Education Society's Modern College of Engineering, Pune",'0613924510,Computer Engineering,Un-Aided Autonomous,Unknown,GOPENS,17082,95.0717753,G,S,OPEN,B.Tech,2025,4
'06139,"Progressive Education Society's Modern College of Engineering, Pune",'0613924510,Computer Engineering,Un-Aided Autonomous,Unknown,GSCS,42279,87.4115391,G,S,SC,B.Tech,2025,4
'06139,"Progressive Education Society's Modern College of Engineering, Pune",'0613924510,Computer Engineering,Un-Aided Autonomous,Unknown,GNT3S,22919,93.3597277,G,S,NT3,B.Tech,2025,4
'06139,"Progressive Education Society's Modern College of Engineering, Pune",'0613924510,Computer Engineering,Un-Aided Autonomous,Unknown,GOBCS,18004,94.7837750,G,S,OBC,B.Tech,2025,4
'06139,"Progressive Education Society's Modern College of Engineering, Pune",'0613924510,Computer Engineering,Un-Aided Autonomous,Unknown,GSEBCS,18685,94.5865408,G,S,SEBC,B.Tech,2025,4
'06139,"Progressive Education Society's Modern College of Engineering, Pune",'0613924510,Computer Engineering,Un-Aided Autonomous,Unknown,LOPENS,16673,95.2142111,L,S,OPEN,B.Tech,2025,4
'06139,"Progressive Education Society's Modern College of Engineering, Pune",'0613924510,Computer Engineering,Un-Aided Autonomous,Unknown,LNT2S,19316,94.4346290,L,S,NT2,B.Tech,2025,4
'06139,"Progressive Education Society's Modern College of Engineering, Pune",'0613924510,Computer Engineering,Un-Aided Autonomous,Unknown,LOBCS,18046,94.7823058,L,S,OBC,B.Tech,2025,4
'06139,"Progressive Education Society's Modern College of Engineering, Pune",'0613924510,Computer Engineering,Un-Aided Autonomous,Unknown,LSEBCS,18786,94.5685899,L,S,SEBC,B.Tech,2025,4
'06139,"Progressive Education Society's Modern College of Engineering, Pune",'0613924510,Computer Engineering,Un-Aided Autonomous,Unknown,TFWS,13896,96.0001590,T,S,TFWS,B.Tech,2025,4
'06139,"Progressive Education Society's Modern College of Engineering, Pune",'0613924510,Computer Engineering,Un-Aided Autonomous,Unknown,DEFROBCS,40582,87.9466479,D,S,OBC,B.Tech,2025,4
'06139,"Progressive Education Society's Modern College of Engineering, Pune",'0613924510,Computer Engineering,Un-Aided Autonomous,Unknown,EWS,33119,90.2494890,E,S,EWS,B.Tech,2025,4
'06139,"Progressive Education Society's Modern College of Engineering, Pune",'0613924510,Computer Engineering,Un-Aided Autonomous,Unknown,PWDOBCS,18050,94.7823058,P,S,PWD,B.Tech,2025,4
'06139,"Progressive Education Society's Modern College of Engineering, Pune",'0613924510,Computer Engineering,Un-Aided Autonomous,Unknown,ORPHAN,17258,95.0406335,O,N,ORPHAN,B.Tech,2025,4
'06139,"Progressive Education Society's Modern College of Engineering, Pune",'0613924610,Information Technology,Un-Aided Autonomous,Unknown,GOPENS,19121,94.4922123,G,S,OPEN,B.Tech,2025,4
'06139,"Progressive Education Society's Modern College of Engineering, Pune",'0613924610,Information Technology,Un-Aided Autonomous,Unknown,GSCS,42312,87.4115391,G,S,SC,B.Tech,2025,4
'06139,"Progressive Education Society's Modern College of Engineering, Pune",'0613924610,Information Technology,Un-Aided Autonomous,Unknown,GOBCS,19522,94.3452901,G,S,OBC,B.Tech,2025,4
'06139,"Progressive Education Society's Modern College of Engineering, Pune",'0613924610,Information Technology,Un-Aided Autonomous,Unknown,GSEBCS,20121,94.1811162,G,S,SEBC,B.Tech,2025,4
'06139,"Progressive Education Society's Modern College of Engineering, Pune",'0613924610,Information Technology,Un-Aided Autonomous,Unknown,LOPENS,18563,94.6277162,L,S,OPEN,B.Tech,2025,4
'06139,"Progressive Education Society's Modern College of Engineering, Pune",'0613924610,Information Technology,Un-Aided Autonomous,Unknown,LSCS,48546,85.5207245,L,S,SC,B.Tech,2025,4
'06139,"Progressive Education Society's Modern College of Engineering, Pune",'0613924610,Information Technology,Un-Aided Autonomous,Unknown,LOBCS,19392,94.4148845,L,S,OBC,B.Tech,2025,4
'06139,"Progressive Education Society's Modern College of Engineering, Pune",'0613924610,Information Technology,Un-Aided Autonomous,Unknown,LSEBCS,21314,93.8493242,L,S,SEBC,B.Tech,2025,4
'06139,"Progressive Education Society's Modern College of Engineering, Pune",'0613924610,Information Technology,Un-Aided Autonomous,Unknown,PWDOPENS,135093,51.1762787,P,S,PWD,B.Tech,2025,4
'06139,"Progressive Education Society's Modern College of Engineering, Pune",'0613924610,Information Technology,Un-Aided Autonomous,Unknown,DEFOBCS,44140,86.9194446,D,S,OBC,B.Tech,2025,4
'06139,"Progressive Education Society's Modern College of Engineering, Pune",'0613924610,Information Technology,Un-Aided Autonomous,Unknown,EWS,34973,89.7089209,E,S,EWS,B.Tech,2025,4
'06139,"Progressive Education Society's Modern College of Engineering, Pune",'0613924610,Information Technology,Un-Aided Autonomous,Unknown,PWDOPENS,19159,94.4741287,P,S,PWD,B.Tech,2025,4
'06139,"Progressive Education Society's Modern College of Engineering, Pune",'0613924610,Information Technology,Un-Aided Autonomous,Unknown,ORPHAN,19378,94.4148845,O,N,ORPHAN,B.Tech,2025,4
'06139,"Progressive Education Society's Modern College of Engineering, Pune",'0613929310,Electrical Engineering,Un-Aided Autonomous,Unknown,GOPENS,36525,89.2727273,G,S,OPEN,B.Tech,2025,4
'06139,"Progressive Education Society's Modern College of Engineering, Pune",'0613929310,Electrical Engineering,Un-Aided Autonomous,Unknown,GOBCS,42568,87.3285356,G,S,OBC,B.Tech,2025,4
'06139,"Progressive Education Society's Modern College of Engineering, Pune",'0613929310,Electrical Engineering,Un-Aided Autonomous,Unknown,LOPENS,34890,89.7174391,L,S,OPEN,B.Tech,2025,4
'06139,"Progressive Education Society's Modern College of Engineering, Pune",'0613929310,Electrical Engineering,Un-Aided Autonomous,Unknown,LVJS,183846,19.7061157,L,S,VJ,B.Tech,2025,4
'06139,"Progressive Education Society's Modern College of Engineering, Pune",'0613929310,Electrical Engineering,Un-Aided Autonomous,Unknown,LNT1S,109347,63.4714222,L,S,NT1,B.Tech,2025,4
'06139,"Progressive Education Society's Modern College of Engineering, Pune",'0613929310,Electrical Engineering,Un-Aided Autonomous,Unknown,LOBCS,40765,87.9289094,L,S,OBC,B.Tech,2025,4
'06139,"Progressive Education Society's Modern College of Engineering, Pune",'0613929310,Electrical Engineering,Un-Aided Autonomous,Unknown,DEFOPENS,59103,82.1358690,D,S,OPEN,B.Tech,2025,4
'06139,"Progressive Education Society's Modern College of Engineering, Pune",'0613929310,Electrical Engineering,Un-Aided Autonomous,Unknown,TFWS,39281,88.3826292,T,S,TFWS,B.Tech,2025,4
'06139,"Progressive Education Society's Modern College of Engineering, Pune",'0613929310,Electrical Engineering,Un-Aided Autonomous,Unknown,EWS,100938,66.9498069,E,S,EWS,B.Tech,2025,4
'06139,"Progressive Education Society's Modern College of Engineering, Pune",'0613929310,Electrical Engineering,Un-Aided Autonomous,Unknown,PWDOPENS,38769,88.5563899,P,S,PWD,B.Tech,2025,4
'06139,"Progressive Education Society's Modern College of Engineering, Pune",'0613937210,Electronics and Telecommunication Engg,Un-Aided Autonomous,Unknown,GOPENS,22603,93.4570631,G,S,OPEN,B.Tech,2025,4
'06139,"Progressive Education Society's Modern College of Engineering, Pune",'0613937210,Electronics and Telecommunication Engg,Un-Aided Autonomous,Unknown,GSCS,48972,85.2260888,G,S,SC,B.Tech,2025,4
'06139,"Progressive Education Society's Modern College of Engineering, Pune",'0613937210,Electronics and Telecommunication Engg,Un-Aided Autonomous,Unknown,GSTS,199034,5.7490133,G,S,ST,B.Tech,2025,4
'06139,"Progressive Education Society's Modern College of Engineering, Pune",'0613937210,Electronics and Telecommunication Engg,Un-Aided Autonomous,Unknown,GNT3S,28242,91.7377622,G,S,NT3,B.Tech,2025,4
'06139,"Progressive Education Society's Modern College of Engineering, Pune",'0613937210,Electronics and Telecommunication Engg,Un-Aided Autonomous,Unknown,GOBCS,24439,92.8770798,G,S,OBC,B.Tech,2025,4
'06139,"Progressive Education Society's Modern College of Engineering, Pune",'0613937210,Electronics and Telecommunication Engg,Un-Aided Autonomous,Unknown,GSEBCS,24553,92.8465713,G,S,SEBC,B.Tech,2025,4
'06139,"Progressive Education Society's Modern College of Engineering, Pune",'0613937210,Electronics and Telecommunication Engg,Un-Aided Autonomous,Unknown,LOPENS,23497,93.1604527,L,S,OPEN,B.Tech,2025,4
'06139,"Progressive Education Society's Modern College of Engineering, Pune",'0613937210,Electronics and Telecommunication Engg,Un-Aided Autonomous,Unknown,LSCS,64047,80.6021790,L,S,SC,B.Tech,2025,4
'06139,"Progressive Education Society's Modern College of Engineering, Pune",'0613937210,Electronics and Telecommunication Engg,Un-Aided Autonomous,Unknown,LNT2S,49734,85.1139120,L,S,NT2,B.Tech,2025,4
'06139,"Progressive Education Society's Modern College of Engineering, Pune",'0613937210,Electronics and Telecommunication Engg,Un-Aided Autonomous,Unknown,LOBCS,24540,92.8465713,L,S,OBC,B.Tech,2025,4
'06139,"Progressive Education Society's Modern College of Engineering, Pune",'0613937210,Electronics and Telecommunication Engg,Un-Aided Autonomous,Unknown,TFWS,23372,93.2031170,T,S,TFWS,B.Tech,2025,4
'06139,"Progressive Education Society's Modern College of Engineering, Pune",'0613937210,Electronics and Telecommunication Engg,Un-Aided Autonomous,Unknown,EWS,40317,88.0599617,E,S,EWS,B.Tech,2025,4
'06139,"Progressive Education Society's Modern College of Engineering, Pune",'0613937210,Electronics and Telecommunication Engg,Un-Aided Autonomous,Unknown,PWDOPENS,24196,92.9335890,P,S,PWD,B.Tech,2025,4
'06139,"Progressive Education Society's Modern College of Engineering, Pune",'0613937210,Electronics and Telecommunication Engg,Un-Aided Autonomous,Unknown,PWDSEBCS,24765,92.7867133,P,S,PWD,B.Tech,2025,4
'06139,"Progressive Education Society's Modern College of Engineering, Pune",'0613937210,Electronics and Telecommunication Engg,Un-Aided Autonomous,Unknown,LSTS,24270,92.9202613,L,S,ST,B.Tech,2025,4
'06139,"Progressive Education Society's Modern College of Engineering, Pune",'0613937210,Electronics and Telecommunication Engg,Un-Aided Autonomous,Unknown,ORPHAN,23987,92.9975430,O,N,ORPHAN,B.Tech,2025,4
'06139,"Progressive Education Society's Modern College of Engineering, Pune",'0613961210,Mechanical Engineering,Un-Aided Autonomous,Unknown,GOPENS,42766,87.3196408,G,S,OPEN,B.Tech,2025,4
'06139,"Progressive Education Society's Modern College of Engineering, Pune",'0613961210,Mechanical Engineering,Un-Aided Autonomous,Unknown,GSCS,67052,79.6925092,G,S,SC,B.Tech,2025,4
'06139,"Progressive Education Society's Modern College of Engineering, Pune",'0613961210,Mechanical Engineering,Un-Aided Autonomous,Unknown,GVJS,71272,78.2722320,G,S,VJ,B.Tech,2025,4
'06139,"Progressive Education Society's Modern College of Engineering, Pune",'0613961210,Mechanical Engineering,Un-Aided Autonomous,Unknown,GNT2S,61110,81.5804905,G,S,NT2,B.Tech,2025,4
'06139,"Progressive Education Society's Modern College of Engineering, Pune",'0613961210,Mechanical Engineering,Un-Aided Autonomous,Unknown,GOBCS,45912,86.3462208,G,S,OBC,B.Tech,2025,4
'06139,"Progressive Education Society's Modern College of Engineering, Pune",'0613961210,Mechanical Engineering,Un-Aided Autonomous,Unknown,LSCS,79889,75.1927485,L,S,SC,B.Tech,2025,4
'06139,"Progressive Education Society's Modern College of Engineering, Pune",'0613961210,Mechanical Engineering,Un-Aided Autonomous,Unknown,LNT1S,65585,79.9809712,L,S,NT1,B.Tech,2025,4
'06139,"Progressive Education Society's Modern College of Engineering, Pune",'0613961210,Mechanical Engineering,Un-Aided Autonomous,Unknown,LNT3S,96218,68.9620341,L,S,NT3,B.Tech,2025,4
'06139,"Progressive Education Society's Modern College of Engineering, Pune",'0613961210,Mechanical Engineering,Un-Aided Autonomous,Unknown,LOBCS,49547,85.1919561,L,S,OBC,B.Tech,2025,4
'06139,"Progressive Education Society's Modern College of Engineering, Pune",'0613961210,Mechanical Engineering,Un-Aided Autonomous,Unknown,DEFOPENS,44387,86.7181467,D,S,OPEN,B.Tech,2025,4
'06139,"Progressive Education Society's Modern College of Engineering, Pune",'0613961210,Mechanical Engineering,Un-Aided Autonomous,Unknown,DEFOBCS,149066,43.6588740,D,S,OBC,B.Tech,2025,4
'06139,"Progressive Education Society's Modern College of Engineering, Pune",'0613961210,Mechanical Engineering,Un-Aided Autonomous,Unknown,EWS,172933,28.4151863,E,S,EWS,B.Tech,2025,4
'06139,"Progressive Education Society's Modern College of Engineering, Pune",'0613961210,Mechanical Engineering,Un-Aided Autonomous,Unknown,PWDSCS,65184,79.9894700,P,S,PWD,B.Tech,2025,4
'06139,"Progressive Education Society's Modern College of Engineering, Pune",'0613961210,Mechanical Engineering,Un-Aided Autonomous,Unknown,GSTS,45112,86.6718198,G,S,ST,B.Tech,2025,4
'06139,"Progressive Education Society's Modern College of Engineering, Pune",'0613961210,Mechanical Engineering,Un-Aided Autonomous,Unknown,LSTS,42868,87.3181818,L,S,ST,B.Tech,2025,4
'06139,"Progressive Education Society's Modern College of Engineering, Pune",'0613984410,Electronics and Computer Engineering,Un-Aided Autonomous,Unknown,GOPENS,21689,93.6950602,G,S,OPEN,B.Tech,2025,4
'06139,"Progressive Education Society's Modern College of Engineering, Pune",'0613984410,Electronics and Computer Engineering,Un-Aided Autonomous,Unknown,GSCS,51707,84.5176078,G,S,SC,B.Tech,2025,4
'06139,"Progressive Education Society's Modern College of Engineering, Pune",'0613984410,Electronics and Computer Engineering,Un-Aided Autonomous,Unknown,GSTS,95651,69.2179237,G,S,ST,B.Tech,2025,4
'06139,"Progressive Education Society's Modern College of Engineering, Pune",'0613984410,Electronics and Computer Engineering,Un-Aided Autonomous,Unknown,GOBCS,22753,93.4192837,G,S,OBC,B.Tech,2025,4
'06139,"Progressive Education Society's Modern College of Engineering, Pune",'0613984410,Electronics and Computer Engineering,Un-Aided Autonomous,Unknown,GSEBCS,22871,93.3597277,G,S,SEBC,B.Tech,2025,4
'06139,"Progressive Education Society's Modern College of Engineering, Pune",'0613984410,Electronics and Computer Engineering,Un-Aided Autonomous,Unknown,LOPENS,18737,94.5862876,L,S,OPEN,B.Tech,2025,4
'06139,"Progressive Education Society's Modern College of Engineering, Pune",'0613984410,Electronics and Computer Engineering,Un-Aided Autonomous,Unknown,LOBCS,20410,94.0716041,L,S,OBC,B.Tech,2025,4
'06139,"Progressive Education Society's Modern College of Engineering, Pune",'0613984410,Electronics and Computer Engineering,Un-Aided Autonomous,Unknown,LSEBCS,22440,93.4773416,L,S,SEBC,B.Tech,2025,4
'06139,"Progressive Education Society's Modern College of Engineering, Pune",'0613984410,Electronics and Computer Engineering,Un-Aided Autonomous,Unknown,PWDOPENS,21629,93.7361801,P,S,PWD,B.Tech,2025,4
'06139,"Progressive Education Society's Modern College of Engineering, Pune",'0613992110,Artificial Intelligence and Machine Learning,Un-Aided Autonomous,Unknown,GOPENS,13524,96.1394860,G,S,OPEN,B.Tech,2025,4
'06139,"Progressive Education Society's Modern College of Engineering, Pune",'0613992110,Artificial Intelligence and Machine Learning,Un-Aided Autonomous,Unknown,GOBCS,19916,94.2525900,G,S,OBC,B.Tech,2025,4
'06139,"Progressive Education Society's Modern College of Engineering, Pune",'0613992110,Artificial Intelligence and Machine Learning,Un-Aided Autonomous,Unknown,GSEBCS,18263,94.7397468,G,S,SEBC,B.Tech,2025,4
'06139,"Progressive Education Society's Modern College of Engineering, Pune",'0613992110,Artificial Intelligence and Machine Learning,Un-Aided Autonomous,Unknown,LSCS,49168,85.2215842,L,S,SC,B.Tech,2025,4
'06139,"Progressive Education Society's Modern College of Engineering, Pune",'0613992110,Artificial Intelligence and Machine Learning,Un-Aided Autonomous,Unknown,LNT2S,23232,93.2612864,L,S,NT2,B.Tech,2025,4
'06139,"Progressive Education Society's Modern College of Engineering, Pune",'0613992110,Artificial Intelligence and Machine Learning,Un-Aided Autonomous,Unknown,LOBCS,20077,94.1811162,L,S,OBC,B.Tech,2025,4
'06139,"Progressive Education Society's Modern College of Engineering, Pune",'0613992110,Artificial Intelligence and Machine Learning,Un-Aided Autonomous,Unknown,EWS,38180,88.7271830,E,S,EWS,B.Tech,2025,4
'06139,"Progressive Education Society's Modern College of Engineering, Pune",'0613999510,Artificial Intelligence and Data Science,Un-Aided Autonomous,Unknown,GOPENS,19559,94.3275746,G,S,OPEN,B.Tech,2025,4
'06139,"Progressive Education Society's Modern College of Engineering, Pune",'0613999510,Artificial Intelligence and Data Science,Un-Aided Autonomous,Unknown,GSCS,39820,88.1880330,G,S,SC,B.Tech,2025,4
'06139,"Progressive Education Society's Modern College of Engineering, Pune",'0613999510,Artificial Intelligence and Data Science,Un-Aided Autonomous,Unknown,GVJS,39260,88.4967904,G,S,VJ,B.Tech,2025,4
'06139,"Progressive Education Society's Modern College of Engineering, Pune",'0613999510,Artificial Intelligence and Data Science,Un-Aided Autonomous,Unknown,GOBCS,20038,94.1814562,G,S,OBC,B.Tech,2025,4
'06139,"Progressive Education Society's Modern College of Engineering, Pune",'0613999510,Artificial Intelligence and Data Science,Un-Aided Autonomous,Unknown,GSEBCS,20303,94.1112780,G,S,SEBC,B.Tech,2025,4
'06139,"Progressive Education Society's Modern College of Engineering, Pune",'0613999510,Artificial Intelligence and Data Science,Un-Aided Autonomous,Unknown,LOPENS,18308,94.7397468,L,S,OPEN,B.Tech,2025,4
'06139,"Progressive Education Society's Modern College of Engineering, Pune",'0613999510,Artificial Intelligence and Data Science,Un-Aided Autonomous,Unknown,LSCS,47244,85.9058498,L,S,SC,B.Tech,2025,4
'06139,"Progressive Education Society's Modern College of Engineering, Pune",'0613999510,Artificial Intelligence and Data Science,Un-Aided Autonomous,Unknown,DEFOPENS,36685,89.1962092,D,S,OPEN,B.Tech,2025,4
'06139,"Progressive Education Society's Modern College of Engineering, Pune",'0613999510,Artificial Intelligence and Data Science,Un-Aided Autonomous,Unknown,EWS,38217,88.7271830,E,S,EWS,B.Tech,2025,4
'06139,"Progressive Education Society's Modern College of Engineering, Pune",'0613999510,Artificial Intelligence and Data Science,Un-Aided Autonomous,Unknown,ORPHAN,19576,94.3275746,O,N,ORPHAN,B.Tech,2025,4
'06141,"Jaywant Shikshan Prasarak Mandal's,Rajarshi Shahu College of Engineering, Tathawade, Pune",'0614119110,Civil Engineering,Un-Aided Autonomous,Unknown,GOPENS,44635,86.6827486,G,S,OPEN,B.Tech,2025,4
'06141,"Jaywant Shikshan Prasarak Mandal's,Rajarshi Shahu College of Engineering, Tathawade, Pune",'0614119110,Civil Engineering,Un-Aided Autonomous,Unknown,TFWS,44093,86.9194446,T,S,TFWS,B.Tech,2025,4
'06141,"Jaywant Shikshan Prasarak Mandal's,Rajarshi Shahu College of Engineering, Tathawade, Pune",'0614124510,Computer Engineering,Un-Aided Autonomous,Unknown,GOPENS,11324,96.7731969,G,S,OPEN,B.Tech,2025,4
'06141,"Jaywant Shikshan Prasarak Mandal's,Rajarshi Shahu College of Engineering, Tathawade, Pune",'0614124510,Computer Engineering,Un-Aided Autonomous,Unknown,GSTS,99662,67.8236662,G,S,ST,B.Tech,2025,4
'06141,"Jaywant Shikshan Prasarak Mandal's,Rajarshi Shahu College of Engineering, Tathawade, Pune",'0614124510,Computer Engineering,Un-Aided Autonomous,Unknown,GNT1S,21263,93.8574939,G,S,NT1,B.Tech,2025,4
'06141,"Jaywant Shikshan Prasarak Mandal's,Rajarshi Shahu College of Engineering, Tathawade, Pune",'0614124510,Computer Engineering,Un-Aided Autonomous,Unknown,GNT2S,12232,96.5118421,G,S,NT2,B.Tech,2025,4
'06141,"Jaywant Shikshan Prasarak Mandal's,Rajarshi Shahu College of Engineering, Tathawade, Pune",'0614124510,Computer Engineering,Un-Aided Autonomous,Unknown,GNT3S,12783,96.3339223,G,S,NT3,B.Tech,2025,4
'06141,"Jaywant Shikshan Prasarak Mandal's,Rajarshi Shahu College of Engineering, Tathawade, Pune",'0614124510,Computer Engineering,Un-Aided Autonomous,Unknown,GOBCS,11855,96.6221551,G,S,OBC,B.Tech,2025,4
'06141,"Jaywant Shikshan Prasarak Mandal's,Rajarshi Shahu College of Engineering, Tathawade, Pune",'0614124510,Computer Engineering,Un-Aided Autonomous,Unknown,GSEBCS,12618,96.3815673,G,S,SEBC,B.Tech,2025,4
'06141,"Jaywant Shikshan Prasarak Mandal's,Rajarshi Shahu College of Engineering, Tathawade, Pune",'0614124510,Computer Engineering,Un-Aided Autonomous,Unknown,LOPENS,11411,96.7467781,L,S,OPEN,B.Tech,2025,4
'06141,"Jaywant Shikshan Prasarak Mandal's,Rajarshi Shahu College of Engineering, Tathawade, Pune",'0614124510,Computer Engineering,Un-Aided Autonomous,Unknown,LOBCS,12296,96.4829765,L,S,OBC,B.Tech,2025,4
'06141,"Jaywant Shikshan Prasarak Mandal's,Rajarshi Shahu College of Engineering, Tathawade, Pune",'0614124510,Computer Engineering,Un-Aided Autonomous,Unknown,LSEBCS,12896,96.3316055,L,S,SEBC,B.Tech,2025,4
'06141,"Jaywant Shikshan Prasarak Mandal's,Rajarshi Shahu College of Engineering, Tathawade, Pune",'0614124510,Computer Engineering,Un-Aided Autonomous,Unknown,DEFSEBCS,31329,90.8461538,D,S,SEBC,B.Tech,2025,4
'06141,"Jaywant Shikshan Prasarak Mandal's,Rajarshi Shahu College of Engineering, Tathawade, Pune",'0614124510,Computer Engineering,Un-Aided Autonomous,Unknown,TFWS,10382,97.0236617,T,S,TFWS,B.Tech,2025,4
'06141,"Jaywant Shikshan Prasarak Mandal's,Rajarshi Shahu College of Engineering, Tathawade, Pune",'0614124510,Computer Engineering,Un-Aided Autonomous,Unknown,EWS,17972,94.8161060,E,S,EWS,B.Tech,2025,4
'06141,"Jaywant Shikshan Prasarak Mandal's,Rajarshi Shahu College of Engineering, Tathawade, Pune",'0614124510,Computer Engineering,Un-Aided Autonomous,Unknown,ORPHAN,11644,96.6725559,O,N,ORPHAN,B.Tech,2025,4
'06141,"Jaywant Shikshan Prasarak Mandal's,Rajarshi Shahu College of Engineering, Tathawade, Pune",'0614124610,Information Technology,Un-Aided Autonomous,Unknown,GOPENS,13304,96.1793607,G,S,OPEN,B.Tech,2025,4
'06141,"Jaywant Shikshan Prasarak Mandal's,Rajarshi Shahu College of Engineering, Tathawade, Pune",'0614124610,Information Technology,Un-Aided Autonomous,Unknown,GSCS,28784,91.5650868,G,S,SC,B.Tech,2025,4
'06141,"Jaywant Shikshan Prasarak Mandal's,Rajarshi Shahu College of Engineering, Tathawade, Pune",'0614124610,Information Technology,Un-Aided Autonomous,Unknown,GSTS,100368,67.2177090,G,S,ST,B.Tech,2025,4
'06141,"Jaywant Shikshan Prasarak Mandal's,Rajarshi Shahu College of Engineering, Tathawade, Pune",'0614124610,Information Technology,Un-Aided Autonomous,Unknown,GNT3S,15974,95.4055944,G,S,NT3,B.Tech,2025,4
'06141,"Jaywant Shikshan Prasarak Mandal's,Rajarshi Shahu College of Engineering, Tathawade, Pune",'0614124610,Information Technology,Un-Aided Autonomous,Unknown,GOBCS,14209,95.9261851,G,S,OBC,B.Tech,2025,4
'06141,"Jaywant Shikshan Prasarak Mandal's,Rajarshi Shahu College of Engineering, Tathawade, Pune",'0614124610,Information Technology,Un-Aided Autonomous,Unknown,GSEBCS,13459,96.1512986,G,S,SEBC,B.Tech,2025,4
'06141,"Jaywant Shikshan Prasarak Mandal's,Rajarshi Shahu College of Engineering, Tathawade, Pune",'0614124610,Information Technology,Un-Aided Autonomous,Unknown,LOPENS,12406,96.4286945,L,S,OPEN,B.Tech,2025,4
'06141,"Jaywant Shikshan Prasarak Mandal's,Rajarshi Shahu College of Engineering, Tathawade, Pune",'0614124610,Information Technology,Un-Aided Autonomous,Unknown,LOBCS,13023,96.3011479,L,S,OBC,B.Tech,2025,4
'06141,"Jaywant Shikshan Prasarak Mandal's,Rajarshi Shahu College of Engineering, Tathawade, Pune",'0614124610,Information Technology,Un-Aided Autonomous,Unknown,LSEBCS,14125,95.9560746,L,S,SEBC,B.Tech,2025,4
'06141,"Jaywant Shikshan Prasarak Mandal's,Rajarshi Shahu College of Engineering, Tathawade, Pune",'0614124610,Information Technology,Un-Aided Autonomous,Unknown,TFWS,10436,97.0021073,T,S,TFWS,B.Tech,2025,4
'06141,"Jaywant Shikshan Prasarak Mandal's,Rajarshi Shahu College of Engineering, Tathawade, Pune",'0614124610,Information Technology,Un-Aided Autonomous,Unknown,PWDOPENS,13149,96.2382445,P,S,PWD,B.Tech,2025,4
'06141,"Jaywant Shikshan Prasarak Mandal's,Rajarshi Shahu College of Engineering, Tathawade, Pune",'0614126210,Computer Science and Business Systems,Un-Aided Autonomous,Unknown,GOPENS,13743,96.0454545,G,S,OPEN,B.Tech,2025,4
'06141,"Jaywant Shikshan Prasarak Mandal's,Rajarshi Shahu College of Engineering, Tathawade, Pune",'0614126210,Computer Science and Business Systems,Un-Aided Autonomous,Unknown,GOBCS,14739,95.7607533,G,S,OBC,B.Tech,2025,4
'06141,"Jaywant Shikshan Prasarak Mandal's,Rajarshi Shahu College of Engineering, Tathawade, Pune",'0614126210,Computer Science and Business Systems,Un-Aided Autonomous,Unknown,GSEBCS,14618,95.8038869,G,S,SEBC,B.Tech,2025,4
'06141,"Jaywant Shikshan Prasarak Mandal's,Rajarshi Shahu College of Engineering, Tathawade, Pune",'0614126210,Computer Science and Business Systems,Un-Aided Autonomous,Unknown,LOPENS,14381,95.8681150,L,S,OPEN,B.Tech,2025,4
'06141,"Jaywant Shikshan Prasarak Mandal's,Rajarshi Shahu College of Engineering, Tathawade, Pune",'0614126210,Computer Science and Business Systems,Un-Aided Autonomous,Unknown,LOBCS,14573,95.8168703,L,S,OBC,B.Tech,2025,4
'06141,"Jaywant Shikshan Prasarak Mandal's,Rajarshi Shahu College of Engineering, Tathawade, Pune",'0614126210,Computer Science and Business Systems,Un-Aided Autonomous,Unknown,DEFOPENS,17634,94.9067632,D,S,OPEN,B.Tech,2025,4
'06141,"Jaywant Shikshan Prasarak Mandal's,Rajarshi Shahu College of Engineering, Tathawade, Pune",'0614126210,Computer Science and Business Systems,Un-Aided Autonomous,Unknown,PWDOPENS,12573,96.3986014,P,S,PWD,B.Tech,2025,4
'06141,"Jaywant Shikshan Prasarak Mandal's,Rajarshi Shahu College of Engineering, Tathawade, Pune",'0614129310,Electrical Engineering,Un-Aided Autonomous,Unknown,GOBCS,28290,91.7146701,G,S,OBC,B.Tech,2025,4
'06141,"Jaywant Shikshan Prasarak Mandal's,Rajarshi Shahu College of Engineering, Tathawade, Pune",'0614129310,Electrical Engineering,Un-Aided Autonomous,Unknown,LOBCS,26742,92.2299976,L,S,OBC,B.Tech,2025,4
'06141,"Jaywant Shikshan Prasarak Mandal's,Rajarshi Shahu College of Engineering, Tathawade, Pune",'0614129310,Electrical Engineering,Un-Aided Autonomous,Unknown,DEFOPENS,80216,75.1716925,D,S,OPEN,B.Tech,2025,4
'06141,"Jaywant Shikshan Prasarak Mandal's,Rajarshi Shahu College of Engineering, Tathawade, Pune",'0614129310,Electrical Engineering,Un-Aided Autonomous,Unknown,TFWS,25081,92.6886627,T,S,TFWS,B.Tech,2025,4
'06141,"Jaywant Shikshan Prasarak Mandal's,Rajarshi Shahu College of Engineering, Tathawade, Pune",'0614129310,Electrical Engineering,Un-Aided Autonomous,Unknown,EWS,61888,81.1967017,E,S,EWS,B.Tech,2025,4
'06141,"Jaywant Shikshan Prasarak Mandal's,Rajarshi Shahu College of Engineering, Tathawade, Pune",'0614137210,Electronics and Telecommunication Engg,Un-Aided Autonomous,Unknown,GOPENS,16452,95.2524802,G,S,OPEN,B.Tech,2025,4
'06141,"Jaywant Shikshan Prasarak Mandal's,Rajarshi Shahu College of Engineering, Tathawade, Pune",'0614137210,Electronics and Telecommunication Engg,Un-Aided Autonomous,Unknown,GSTS,146728,45.3566434,G,S,ST,B.Tech,2025,4
'06141,"Jaywant Shikshan Prasarak Mandal's,Rajarshi Shahu College of Engineering, Tathawade, Pune",'0614137210,Electronics and Telecommunication Engg,Un-Aided Autonomous,Unknown,GVJS,45349,86.5527540,G,S,VJ,B.Tech,2025,4
'06141,"Jaywant Shikshan Prasarak Mandal's,Rajarshi Shahu College of Engineering, Tathawade, Pune",'0614137210,Electronics and Telecommunication Engg,Un-Aided Autonomous,Unknown,GOBCS,18940,94.5314685,G,S,OBC,B.Tech,2025,4
'06141,"Jaywant Shikshan Prasarak Mandal's,Rajarshi Shahu College of Engineering, Tathawade, Pune",'0614137210,Electronics and Telecommunication Engg,Un-Aided Autonomous,Unknown,GSEBCS,19478,94.3738279,G,S,SEBC,B.Tech,2025,4
'06141,"Jaywant Shikshan Prasarak Mandal's,Rajarshi Shahu College of Engineering, Tathawade, Pune",'0614137210,Electronics and Telecommunication Engg,Un-Aided Autonomous,Unknown,LOPENS,14221,95.9261851,L,S,OPEN,B.Tech,2025,4
'06141,"Jaywant Shikshan Prasarak Mandal's,Rajarshi Shahu College of Engineering, Tathawade, Pune",'0614137210,Electronics and Telecommunication Engg,Un-Aided Autonomous,Unknown,LSCS,38625,88.6282029,L,S,SC,B.Tech,2025,4
'06141,"Jaywant Shikshan Prasarak Mandal's,Rajarshi Shahu College of Engineering, Tathawade, Pune",'0614137210,Electronics and Telecommunication Engg,Un-Aided Autonomous,Unknown,LSEBCS,19442,94.3738279,L,S,SEBC,B.Tech,2025,4
'06141,"Jaywant Shikshan Prasarak Mandal's,Rajarshi Shahu College of Engineering, Tathawade, Pune",'0614137210,Electronics and Telecommunication Engg,Un-Aided Autonomous,Unknown,DEFOPENS,36059,89.3412389,D,S,OPEN,B.Tech,2025,4
'06141,"Jaywant Shikshan Prasarak Mandal's,Rajarshi Shahu College of Engineering, Tathawade, Pune",'0614137210,Electronics and Telecommunication Engg,Un-Aided Autonomous,Unknown,DEFOBCS,41669,87.6831328,D,S,OBC,B.Tech,2025,4
'06141,"Jaywant Shikshan Prasarak Mandal's,Rajarshi Shahu College of Engineering, Tathawade, Pune",'0614137210,Electronics and Telecommunication Engg,Un-Aided Autonomous,Unknown,TFWS,19250,94.4637991,T,S,TFWS,B.Tech,2025,4
'06141,"Jaywant Shikshan Prasarak Mandal's,Rajarshi Shahu College of Engineering, Tathawade, Pune",'0614137210,Electronics and Telecommunication Engg,Un-Aided Autonomous,Unknown,DEFSCS,30150,91.0820780,D,S,SC,B.Tech,2025,4
'06141,"Jaywant Shikshan Prasarak Mandal's,Rajarshi Shahu College of Engineering, Tathawade, Pune",'0614137210,Electronics and Telecommunication Engg,Un-Aided Autonomous,Unknown,PWDOBCS,17161,95.0636221,P,S,PWD,B.Tech,2025,4
'06141,"Jaywant Shikshan Prasarak Mandal's,Rajarshi Shahu College of Engineering, Tathawade, Pune",'0614137210,Electronics and Telecommunication Engg,Un-Aided Autonomous,Unknown,ORPHAN,16943,95.1095384,O,N,ORPHAN,B.Tech,2025,4
'06141,"Jaywant Shikshan Prasarak Mandal's,Rajarshi Shahu College of Engineering, Tathawade, Pune",'0614161210,Mechanical Engineering,Un-Aided Autonomous,Unknown,GOPENS,33695,90.0917161,G,S,OPEN,B.Tech,2025,4
'06141,"Jaywant Shikshan Prasarak Mandal's,Rajarshi Shahu College of Engineering, Tathawade, Pune",'0614161210,Mechanical Engineering,Un-Aided Autonomous,Unknown,GSCS,50865,84.8660601,G,S,SC,B.Tech,2025,4
'06141,"Jaywant Shikshan Prasarak Mandal's,Rajarshi Shahu College of Engineering, Tathawade, Pune",'0614161210,Mechanical Engineering,Un-Aided Autonomous,Unknown,GSTS,136724,50.5909012,G,S,ST,B.Tech,2025,4
'06141,"Jaywant Shikshan Prasarak Mandal's,Rajarshi Shahu College of Engineering, Tathawade, Pune",'0614161210,Mechanical Engineering,Un-Aided Autonomous,Unknown,GVJS,75416,76.8955509,G,S,VJ,B.Tech,2025,4
'06141,"Jaywant Shikshan Prasarak Mandal's,Rajarshi Shahu College of Engineering, Tathawade, Pune",'0614161210,Mechanical Engineering,Un-Aided Autonomous,Unknown,GOBCS,36691,89.1962092,G,S,OBC,B.Tech,2025,4
'06141,"Jaywant Shikshan Prasarak Mandal's,Rajarshi Shahu College of Engineering, Tathawade, Pune",'0614161210,Mechanical Engineering,Un-Aided Autonomous,Unknown,LOPENS,31952,90.6332693,L,S,OPEN,B.Tech,2025,4
'06141,"Jaywant Shikshan Prasarak Mandal's,Rajarshi Shahu College of Engineering, Tathawade, Pune",'0614161210,Mechanical Engineering,Un-Aided Autonomous,Unknown,LOBCS,37253,89.0414266,L,S,OBC,B.Tech,2025,4
'06141,"Jaywant Shikshan Prasarak Mandal's,Rajarshi Shahu College of Engineering, Tathawade, Pune",'0614161210,Mechanical Engineering,Un-Aided Autonomous,Unknown,EWS,140361,49.1540892,E,S,EWS,B.Tech,2025,4
'06141,"Jaywant Shikshan Prasarak Mandal's,Rajarshi Shahu College of Engineering, Tathawade, Pune",'0614161210,Mechanical Engineering,Un-Aided Autonomous,Unknown,PWDOPENS,30116,91.1459607,P,S,PWD,B.Tech,2025,4
'06141,"Jaywant Shikshan Prasarak Mandal's,Rajarshi Shahu College of Engineering, Tathawade, Pune",'0614161210,Mechanical Engineering,Un-Aided Autonomous,Unknown,PWDOBCS,36152,89.2945239,P,S,PWD,B.Tech,2025,4
'06141,"Jaywant Shikshan Prasarak Mandal's,Rajarshi Shahu College of Engineering, Tathawade, Pune",'0614191610,Automation and Robotics,Un-Aided Autonomous,Unknown,GOPENS,24652,92.8125754,G,S,OPEN,B.Tech,2025,4
'06141,"Jaywant Shikshan Prasarak Mandal's,Rajarshi Shahu College of Engineering, Tathawade, Pune",'0614191610,Automation and Robotics,Un-Aided Autonomous,Unknown,GSTS,182349,21.5408750,G,S,ST,B.Tech,2025,4
'06141,"Jaywant Shikshan Prasarak Mandal's,Rajarshi Shahu College of Engineering, Tathawade, Pune",'0614191610,Automation and Robotics,Un-Aided Autonomous,Unknown,GNT3S,36285,89.2894353,G,S,NT3,B.Tech,2025,4
'06141,"Jaywant Shikshan Prasarak Mandal's,Rajarshi Shahu College of Engineering, Tathawade, Pune",'0614191610,Automation and Robotics,Un-Aided Autonomous,Unknown,GOBCS,25450,92.5745163,G,S,OBC,B.Tech,2025,4
'06141,"Jaywant Shikshan Prasarak Mandal's,Rajarshi Shahu College of Engineering, Tathawade, Pune",'0614191610,Automation and Robotics,Un-Aided Autonomous,Unknown,GSEBCS,24740,92.7867133,G,S,SEBC,B.Tech,2025,4
'06141,"Jaywant Shikshan Prasarak Mandal's,Rajarshi Shahu College of Engineering, Tathawade, Pune",'0614191610,Automation and Robotics,Un-Aided Autonomous,Unknown,LOPENS,12804,96.3339223,L,S,OPEN,B.Tech,2025,4
'06141,"Jaywant Shikshan Prasarak Mandal's,Rajarshi Shahu College of Engineering, Tathawade, Pune",'0614191610,Automation and Robotics,Un-Aided Autonomous,Unknown,EWS,34244,89.9712654,E,S,EWS,B.Tech,2025,4
'06141,"Jaywant Shikshan Prasarak Mandal's,Rajarshi Shahu College of Engineering, Tathawade, Pune",'0614191610,Automation and Robotics,Un-Aided Autonomous,Unknown,PWDOPENS,23627,93.1055879,P,S,PWD,B.Tech,2025,4
'06144,"Genba Sopanrao Moze College of Engineering, Baner-Balewadi, Pune",'0614419110,Civil Engineering,Un-Aided,Unknown,GOPENH,95226,69.3295893,G,H,OPEN,B.Tech,2025,4
'06144,"Genba Sopanrao Moze College of Engineering, Baner-Balewadi, Pune",'0614424510,Computer Engineering,Un-Aided,Unknown,EWS,93971,69.8498837,E,S,EWS,B.Tech,2025,4
'06144,"Genba Sopanrao Moze College of Engineering, Baner-Balewadi, Pune",'0614424610,Information Technology,Un-Aided,Unknown,GOPENH,71063,78.3357644,G,H,OPEN,B.Tech,2025,4
'06144,"Genba Sopanrao Moze College of Engineering, Baner-Balewadi, Pune",'0614424610,Information Technology,Un-Aided,Unknown,GVJH,98445,68.2382408,G,H,VJ,B.Tech,2025,4
'06144,"Genba Sopanrao Moze College of Engineering, Baner-Balewadi, Pune",'0614424610,Information Technology,Un-Aided,Unknown,GOBCH,80520,75.1620214,G,H,OBC,B.Tech,2025,4
'06144,"Genba Sopanrao Moze College of Engineering, Baner-Balewadi, Pune",'0614424610,Information Technology,Un-Aided,Unknown,GSEBCH,74267,77.0149774,G,H,SEBC,B.Tech,2025,4
'06144,"Genba Sopanrao Moze College of Engineering, Baner-Balewadi, Pune",'0614424610,Information Technology,Un-Aided,Unknown,LOBCH,66918,79.6986029,L,H,OBC,B.Tech,2025,4
'06144,"Genba Sopanrao Moze College of Engineering, Baner-Balewadi, Pune",'0614424610,Information Technology,Un-Aided,Unknown,PWDOBCH,78972,75.3562654,P,H,PWD,B.Tech,2025,4
'06144,"Genba Sopanrao Moze College of Engineering, Baner-Balewadi, Pune",'0614424610,Information Technology,Un-Aided,Unknown,GSTH,74760,76.9213781,G,H,ST,B.Tech,2025,4
'06144,"Genba Sopanrao Moze College of Engineering, Baner-Balewadi, Pune",'0614424610,Information Technology,Un-Aided,Unknown,LSTH,70224,78.5512207,L,H,ST,B.Tech,2025,4
'06144,"Genba Sopanrao Moze College of Engineering, Baner-Balewadi, Pune",'0614437210,Electronics and Telecommunication Engg,Un-Aided,Unknown,GOPENH,58168,82.3938224,G,H,OPEN,B.Tech,2025,4
'06144,"Genba Sopanrao Moze College of Engineering, Baner-Balewadi, Pune",'0614437210,Electronics and Telecommunication Engg,Un-Aided,Unknown,GOBCH,76056,76.6755200,G,H,OBC,B.Tech,2025,4
'06144,"Genba Sopanrao Moze College of Engineering, Baner-Balewadi, Pune",'0614461210,Mechanical Engineering,Un-Aided,Unknown,GOPENO,66698,79.7185003,G,O,OPEN,B.Tech,2025,4
'06144,"Genba Sopanrao Moze College of Engineering, Baner-Balewadi, Pune",'0614461210,Mechanical Engineering,Un-Aided,Unknown,GNT2O,89898,71.4842352,G,O,NT2,B.Tech,2025,4
'06144,"Genba Sopanrao Moze College of Engineering, Baner-Balewadi, Pune",'0614461210,Mechanical Engineering,Un-Aided,Unknown,GOBCO,76343,76.5279741,G,O,OBC,B.Tech,2025,4
'06144,"Genba Sopanrao Moze College of Engineering, Baner-Balewadi, Pune",'0614461210,Mechanical Engineering,Un-Aided,Unknown,LVJO,152801,41.7471281,L,O,VJ,B.Tech,2025,4
'06144,"Genba Sopanrao Moze College of Engineering, Baner-Balewadi, Pune",'0614492110,Artificial Intelligence and Machine Learning,Un-Aided,Unknown,GOPENH,67440,79.6033896,G,H,OPEN,B.Tech,2025,4
'06144,"Genba Sopanrao Moze College of Engineering, Baner-Balewadi, Pune",'0614492110,Artificial Intelligence and Machine Learning,Un-Aided,Unknown,GSCH,72801,77.5384615,G,H,SC,B.Tech,2025,4
'06144,"Genba Sopanrao Moze College of Engineering, Baner-Balewadi, Pune",'0614492110,Artificial Intelligence and Machine Learning,Un-Aided,Unknown,GOBCH,72970,77.2287062,G,H,OBC,B.Tech,2025,4
'06144,"Genba Sopanrao Moze College of Engineering, Baner-Balewadi, Pune",'0614492110,Artificial Intelligence and Machine Learning,Un-Aided,Unknown,GSEBCH,73755,77.1296846,G,H,SEBC,B.Tech,2025,4
'06144,"Genba Sopanrao Moze College of Engineering, Baner-Balewadi, Pune",'0614492110,Artificial Intelligence and Machine Learning,Un-Aided,Unknown,LOPENH,51661,84.5176078,L,H,OPEN,B.Tech,2025,4
'06144,"Genba Sopanrao Moze College of Engineering, Baner-Balewadi, Pune",'0614492110,Artificial Intelligence and Machine Learning,Un-Aided,Unknown,PWDOPENH,71265,78.2722320,P,H,PWD,B.Tech,2025,4
'06144,"Genba Sopanrao Moze College of Engineering, Baner-Balewadi, Pune",'0614492110,Artificial Intelligence and Machine Learning,Un-Aided,Unknown,GSTH,73325,77.1631566,G,H,ST,B.Tech,2025,4
'06144,"Genba Sopanrao Moze College of Engineering, Baner-Balewadi, Pune",'0614499510,Artificial Intelligence and Data Science,Un-Aided,Unknown,GOPENH,66044,79.8919296,G,H,OPEN,B.Tech,2025,4
'06144,"Genba Sopanrao Moze College of Engineering, Baner-Balewadi, Pune",'0614499510,Artificial Intelligence and Data Science,Un-Aided,Unknown,GSEBCH,76739,76.2716859,G,H,SEBC,B.Tech,2025,4
'06144,"Genba Sopanrao Moze College of Engineering, Baner-Balewadi, Pune",'0614499510,Artificial Intelligence and Data Science,Un-Aided,Unknown,LOPENH,59373,82.1124479,L,H,OPEN,B.Tech,2025,4
'06144,"Genba Sopanrao Moze College of Engineering, Baner-Balewadi, Pune",'0614499510,Artificial Intelligence and Data Science,Un-Aided,Unknown,GSTH,66761,79.6986029,G,H,ST,B.Tech,2025,4
'06145,"JSPM'S Jaywantrao Sawant College of Engineering,Pune",'0614524510,Computer Engineering,Un-Aided,Unknown,GOPENH,26613,92.2398466,G,H,OPEN,B.Tech,2025,4
'06145,"JSPM'S Jaywantrao Sawant College of Engineering,Pune",'0614524510,Computer Engineering,Un-Aided,Unknown,GSCH,51992,84.4752545,G,H,SC,B.Tech,2025,4
'06145,"JSPM'S Jaywantrao Sawant College of Engineering,Pune",'0614524510,Computer Engineering,Un-Aided,Unknown,GOBCH,28453,91.7067224,G,H,OBC,B.Tech,2025,4
'06145,"JSPM'S Jaywantrao Sawant College of Engineering,Pune",'0614524510,Computer Engineering,Un-Aided,Unknown,GSEBCH,26856,92.1378092,G,H,SEBC,B.Tech,2025,4
'06145,"JSPM'S Jaywantrao Sawant College of Engineering,Pune",'0614524510,Computer Engineering,Un-Aided,Unknown,LOBCH,24168,92.9335890,L,H,OBC,B.Tech,2025,4
'06145,"JSPM'S Jaywantrao Sawant College of Engineering,Pune",'0614524510,Computer Engineering,Un-Aided,Unknown,LSEBCH,26774,92.2299976,L,H,SEBC,B.Tech,2025,4
'06145,"JSPM'S Jaywantrao Sawant College of Engineering,Pune",'0614524610,Information Technology,Un-Aided,Unknown,GOPENH,31808,90.6674583,G,H,OPEN,B.Tech,2025,4
'06145,"JSPM'S Jaywantrao Sawant College of Engineering,Pune",'0614524610,Information Technology,Un-Aided,Unknown,GSCH,72552,77.5384615,G,H,SC,B.Tech,2025,4
'06145,"JSPM'S Jaywantrao Sawant College of Engineering,Pune",'0614524610,Information Technology,Un-Aided,Unknown,GOBCH,32571,90.4253432,G,H,OBC,B.Tech,2025,4
'06145,"JSPM'S Jaywantrao Sawant College of Engineering,Pune",'0614524610,Information Technology,Un-Aided,Unknown,GSEBCH,37620,88.9550679,G,H,SEBC,B.Tech,2025,4
'06145,"JSPM'S Jaywantrao Sawant College of Engineering,Pune",'0614524610,Information Technology,Un-Aided,Unknown,LOPENH,29660,91.3084967,L,H,OPEN,B.Tech,2025,4
'06145,"JSPM'S Jaywantrao Sawant College of Engineering,Pune",'0614524610,Information Technology,Un-Aided,Unknown,LSCH,72809,77.5384615,L,H,SC,B.Tech,2025,4
'06145,"JSPM'S Jaywantrao Sawant College of Engineering,Pune",'0614524610,Information Technology,Un-Aided,Unknown,LSEBCH,34866,89.7174391,L,H,SEBC,B.Tech,2025,4
'06145,"JSPM'S Jaywantrao Sawant College of Engineering,Pune",'0614524610,Information Technology,Un-Aided,Unknown,GSTH,32277,90.5159705,G,H,ST,B.Tech,2025,4
'06145,"JSPM'S Jaywantrao Sawant College of Engineering,Pune",'0614526310,Artificial Intelligence (AI) and Data Science,Un-Aided,Unknown,GOPENO,24588,92.8376317,G,O,OPEN,B.Tech,2025,4
'06145,"JSPM'S Jaywantrao Sawant College of Engineering,Pune",'0614526310,Artificial Intelligence (AI) and Data Science,Un-Aided,Unknown,GOBCO,24836,92.7805181,G,O,OBC,B.Tech,2025,4
'06145,"JSPM'S Jaywantrao Sawant College of Engineering,Pune",'0614526310,Artificial Intelligence (AI) and Data Science,Un-Aided,Unknown,LOPENO,23666,93.1055879,L,O,OPEN,B.Tech,2025,4
'06145,"JSPM'S Jaywantrao Sawant College of Engineering,Pune",'0614526310,Artificial Intelligence (AI) and Data Science,Un-Aided,Unknown,LOBCO,26277,92.3562485,L,O,OBC,B.Tech,2025,4
'06145,"JSPM'S Jaywantrao Sawant College of Engineering,Pune",'0614526310,Artificial Intelligence (AI) and Data Science,Un-Aided,Unknown,GSTO,25226,92.6563556,G,O,ST,B.Tech,2025,4
'06145,"JSPM'S Jaywantrao Sawant College of Engineering,Pune",'0614529310,Electrical Engineering,Un-Aided,Unknown,GSCH,101878,66.4263323,G,H,SC,B.Tech,2025,4
'06145,"JSPM'S Jaywantrao Sawant College of Engineering,Pune",'0614529310,Electrical Engineering,Un-Aided,Unknown,GOBCH,81133,74.9785452,G,H,OBC,B.Tech,2025,4
'06145,"JSPM'S Jaywantrao Sawant College of Engineering,Pune",'0614529310,Electrical Engineering,Un-Aided,Unknown,GSEBCH,92802,70.5005064,G,H,SEBC,B.Tech,2025,4
'06145,"JSPM'S Jaywantrao Sawant College of Engineering,Pune",'0614529310,Electrical Engineering,Un-Aided,Unknown,LOPENH,65947,79.9072027,L,H,OPEN,B.Tech,2025,4
'06145,"JSPM'S Jaywantrao Sawant College of Engineering,Pune",'0614529310,Electrical Engineering,Un-Aided,Unknown,LOBCH,66121,79.8919296,L,H,OBC,B.Tech,2025,4
'06145,"JSPM'S Jaywantrao Sawant College of Engineering,Pune",'0614529310,Electrical Engineering,Un-Aided,Unknown,LSTH,73315,77.1631566,L,H,ST,B.Tech,2025,4
'06145,"JSPM'S Jaywantrao Sawant College of Engineering,Pune",'0614537210,Electronics and Telecommunication Engg,Un-Aided,Unknown,TFWS,51756,84.4950314,T,S,TFWS,B.Tech,2025,4
'06145,"JSPM'S Jaywantrao Sawant College of Engineering,Pune",'0614537210,Electronics and Telecommunication Engg,Un-Aided,Unknown,EWS,199953,4.8139345,E,S,EWS,B.Tech,2025,4
'06145,"JSPM'S Jaywantrao Sawant College of Engineering,Pune",'0614561210,Mechanical Engineering,Un-Aided,Unknown,GOPENH,76974,75.8001957,G,H,OPEN,B.Tech,2025,4
'06145,"JSPM'S Jaywantrao Sawant College of Engineering,Pune",'0614561210,Mechanical Engineering,Un-Aided,Unknown,GSCH,163615,35.4407253,G,H,SC,B.Tech,2025,4
'06145,"JSPM'S Jaywantrao Sawant College of Engineering,Pune",'0614561210,Mechanical Engineering,Un-Aided,Unknown,GNT2H,85608,73.1347962,G,H,NT2,B.Tech,2025,4
'06145,"JSPM'S Jaywantrao Sawant College of Engineering,Pune",'0614561210,Mechanical Engineering,Un-Aided,Unknown,GOBCH,80029,75.1927485,G,H,OBC,B.Tech,2025,4
'06145,"JSPM'S Jaywantrao Sawant College of Engineering,Pune",'0614561210,Mechanical Engineering,Un-Aided,Unknown,GSEBCH,81934,74.0630785,G,H,SEBC,B.Tech,2025,4
'06145,"JSPM'S Jaywantrao Sawant College of Engineering,Pune",'0614561210,Mechanical Engineering,Un-Aided,Unknown,LOPENH,80877,74.9785452,L,H,OPEN,B.Tech,2025,4
'06145,"JSPM'S Jaywantrao Sawant College of Engineering,Pune",'0614561210,Mechanical Engineering,Un-Aided,Unknown,LSCH,171819,28.9849310,L,H,SC,B.Tech,2025,4
'06145,"JSPM'S Jaywantrao Sawant College of Engineering,Pune",'0614561210,Mechanical Engineering,Un-Aided,Unknown,LOBCH,90452,71.4755245,L,H,OBC,B.Tech,2025,4
'06145,"JSPM'S Jaywantrao Sawant College of Engineering,Pune",'0614561210,Mechanical Engineering,Un-Aided,Unknown,PWDOPENH,75487,76.7694659,P,H,PWD,B.Tech,2025,4
'06145,"JSPM'S Jaywantrao Sawant College of Engineering,Pune",'0614561210,Mechanical Engineering,Un-Aided,Unknown,PWDSCH,145535,45.9816283,P,H,PWD,B.Tech,2025,4
'06145,"JSPM'S Jaywantrao Sawant College of Engineering,Pune",'0614561210,Mechanical Engineering,Un-Aided,Unknown,LSTH,78639,75.4048881,L,H,ST,B.Tech,2025,4
'06146,"MIT Academy of Engineering,Alandi, Pune",'0614619110,Civil Engineering,Un-Aided Autonomous,Unknown,GOPENS,47301,85.9058498,G,S,OPEN,B.Tech,2025,4
'06146,"MIT Academy of Engineering,Alandi, Pune",'0614619110,Civil Engineering,Un-Aided Autonomous,Unknown,GSCS,86832,72.6730266,G,S,SC,B.Tech,2025,4
'06146,"MIT Academy of Engineering,Alandi, Pune",'0614619110,Civil Engineering,Un-Aided Autonomous,Unknown,GOBCS,52187,84.3296195,G,S,OBC,B.Tech,2025,4
'06146,"MIT Academy of Engineering,Alandi, Pune",'0614619110,Civil Engineering,Un-Aided Autonomous,Unknown,GSEBCS,61170,81.5804905,G,S,SEBC,B.Tech,2025,4
'06146,"MIT Academy of Engineering,Alandi, Pune",'0614619110,Civil Engineering,Un-Aided Autonomous,Unknown,LOPENS,30836,90.9705380,L,S,OPEN,B.Tech,2025,4
'06146,"MIT Academy of Engineering,Alandi, Pune",'0614619110,Civil Engineering,Un-Aided Autonomous,Unknown,LSEBCS,52483,84.3018999,L,S,SEBC,B.Tech,2025,4
'06146,"MIT Academy of Engineering,Alandi, Pune",'0614619110,Civil Engineering,Un-Aided Autonomous,Unknown,EWS,184232,19.4484962,E,S,EWS,B.Tech,2025,4
'06146,"MIT Academy of Engineering,Alandi, Pune",'0614624510,Computer Engineering,Un-Aided Autonomous,Unknown,GOPENS,14555,95.8168703,G,S,OPEN,B.Tech,2025,4
'06146,"MIT Academy of Engineering,Alandi, Pune",'0614624510,Computer Engineering,Un-Aided Autonomous,Unknown,GSCS,29802,91.3015715,G,S,SC,B.Tech,2025,4
'06146,"MIT Academy of Engineering,Alandi, Pune",'0614624510,Computer Engineering,Un-Aided Autonomous,Unknown,GSTS,92092,70.6189283,G,S,ST,B.Tech,2025,4
'06146,"MIT Academy of Engineering,Alandi, Pune",'0614624510,Computer Engineering,Un-Aided Autonomous,Unknown,GNT2S,15984,95.4055944,G,S,NT2,B.Tech,2025,4
'06146,"MIT Academy of Engineering,Alandi, Pune",'0614624510,Computer Engineering,Un-Aided Autonomous,Unknown,GOBCS,15731,95.4505300,G,S,OBC,B.Tech,2025,4
'06146,"MIT Academy of Engineering,Alandi, Pune",'0614624510,Computer Engineering,Un-Aided Autonomous,Unknown,GSEBCS,16178,95.3315123,G,S,SEBC,B.Tech,2025,4
'06146,"MIT Academy of Engineering,Alandi, Pune",'0614624510,Computer Engineering,Un-Aided Autonomous,Unknown,LOPENS,13707,96.0638523,L,S,OPEN,B.Tech,2025,4
'06146,"MIT Academy of Engineering,Alandi, Pune",'0614624510,Computer Engineering,Un-Aided Autonomous,Unknown,LSTS,153181,41.4458186,L,S,ST,B.Tech,2025,4
'06146,"MIT Academy of Engineering,Alandi, Pune",'0614624510,Computer Engineering,Un-Aided Autonomous,Unknown,LOBCS,15263,95.6211259,L,S,OBC,B.Tech,2025,4
'06146,"MIT Academy of Engineering,Alandi, Pune",'0614624510,Computer Engineering,Un-Aided Autonomous,Unknown,DEFSCS,132949,52.5968356,D,S,SC,B.Tech,2025,4
'06146,"MIT Academy of Engineering,Alandi, Pune",'0614624510,Computer Engineering,Un-Aided Autonomous,Unknown,DEFOBCS,37838,88.7823852,D,S,OBC,B.Tech,2025,4
'06146,"MIT Academy of Engineering,Alandi, Pune",'0614624510,Computer Engineering,Un-Aided Autonomous,Unknown,DEFSEBCS,39935,88.1719651,D,S,SEBC,B.Tech,2025,4
'06146,"MIT Academy of Engineering,Alandi, Pune",'0614624510,Computer Engineering,Un-Aided Autonomous,Unknown,TFWS,10136,97.0950888,T,S,TFWS,B.Tech,2025,4
'06146,"MIT Academy of Engineering,Alandi, Pune",'0614624510,Computer Engineering,Un-Aided Autonomous,Unknown,EWS,28736,91.6321516,E,S,EWS,B.Tech,2025,4
'06146,"MIT Academy of Engineering,Alandi, Pune",'0614624510,Computer Engineering,Un-Aided Autonomous,Unknown,PWDOPENS,14494,95.8307210,P,S,PWD,B.Tech,2025,4
'06146,"MIT Academy of Engineering,Alandi, Pune",'0614624510,Computer Engineering,Un-Aided Autonomous,Unknown,PWDSEBCS,16320,95.3022947,P,S,PWD,B.Tech,2025,4
'06146,"MIT Academy of Engineering,Alandi, Pune",'0614624510,Computer Engineering,Un-Aided Autonomous,Unknown,ORPHAN,14719,95.7809758,O,N,ORPHAN,B.Tech,2025,4
'06146,"MIT Academy of Engineering,Alandi, Pune",'0614624610,Information Technology,Un-Aided Autonomous,Unknown,GOPENS,17440,94.9580420,G,S,OPEN,B.Tech,2025,4
'06146,"MIT Academy of Engineering,Alandi, Pune",'0614624610,Information Technology,Un-Aided Autonomous,Unknown,GSCS,35828,89.4898417,G,S,SC,B.Tech,2025,4
'06146,"MIT Academy of Engineering,Alandi, Pune",'0614624610,Information Technology,Un-Aided Autonomous,Unknown,GNT3S,20409,94.0716041,G,S,NT3,B.Tech,2025,4
'06146,"MIT Academy of Engineering,Alandi, Pune",'0614624610,Information Technology,Un-Aided Autonomous,Unknown,GOBCS,17829,94.8405479,G,S,OBC,B.Tech,2025,4
'06146,"MIT Academy of Engineering,Alandi, Pune",'0614624610,Information Technology,Un-Aided Autonomous,Unknown,GSEBCS,18758,94.5862876,G,S,SEBC,B.Tech,2025,4
'06146,"MIT Academy of Engineering,Alandi, Pune",'0614624610,Information Technology,Un-Aided Autonomous,Unknown,LOPENS,16453,95.2524802,L,S,OPEN,B.Tech,2025,4
'06146,"MIT Academy of Engineering,Alandi, Pune",'0614624610,Information Technology,Un-Aided Autonomous,Unknown,LNT1S,38193,88.7271830,L,S,NT1,B.Tech,2025,4
'06146,"MIT Academy of Engineering,Alandi, Pune",'0614624610,Information Technology,Un-Aided Autonomous,Unknown,LOBCS,17469,94.9432659,L,S,OBC,B.Tech,2025,4
'06146,"MIT Academy of Engineering,Alandi, Pune",'0614624610,Information Technology,Un-Aided Autonomous,Unknown,LSEBCS,17088,95.0717753,L,S,SEBC,B.Tech,2025,4
'06146,"MIT Academy of Engineering,Alandi, Pune",'0614624610,Information Technology,Un-Aided Autonomous,Unknown,DEFOPENS,31214,90.8739909,D,S,OPEN,B.Tech,2025,4
'06146,"MIT Academy of Engineering,Alandi, Pune",'0614624610,Information Technology,Un-Aided Autonomous,Unknown,DEFOBCS,38696,88.5573886,D,S,OBC,B.Tech,2025,4
'06146,"MIT Academy of Engineering,Alandi, Pune",'0614624610,Information Technology,Un-Aided Autonomous,Unknown,DEFROBCS,38079,88.7615737,D,S,OBC,B.Tech,2025,4
'06146,"MIT Academy of Engineering,Alandi, Pune",'0614624610,Information Technology,Un-Aided Autonomous,Unknown,EWS,32532,90.4253432,E,S,EWS,B.Tech,2025,4
'06146,"MIT Academy of Engineering,Alandi, Pune",'0614624610,Information Technology,Un-Aided Autonomous,Unknown,ORPHAN,17633,94.9067632,O,N,ORPHAN,B.Tech,2025,4
'06146,"MIT Academy of Engineering,Alandi, Pune",'0614637210,Electronics and Telecommunication Engg,Un-Aided Autonomous,Unknown,GOPENS,21051,93.8910884,G,S,OPEN,B.Tech,2025,4
'06146,"MIT Academy of Engineering,Alandi, Pune",'0614637210,Electronics and Telecommunication Engg,Un-Aided Autonomous,Unknown,GSTS,176732,25.4741362,G,S,ST,B.Tech,2025,4
'06146,"MIT Academy of Engineering,Alandi, Pune",'0614637210,Electronics and Telecommunication Engg,Un-Aided Autonomous,Unknown,GOBCS,22102,93.5806832,G,S,OBC,B.Tech,2025,4
'06146,"MIT Academy of Engineering,Alandi, Pune",'0614637210,Electronics and Telecommunication Engg,Un-Aided Autonomous,Unknown,GSEBCS,21896,93.6678322,G,S,SEBC,B.Tech,2025,4
'06146,"MIT Academy of Engineering,Alandi, Pune",'0614637210,Electronics and Telecommunication Engg,Un-Aided Autonomous,Unknown,LOPENS,18428,94.7159159,L,S,OPEN,B.Tech,2025,4
'06146,"MIT Academy of Engineering,Alandi, Pune",'0614637210,Electronics and Telecommunication Engg,Un-Aided Autonomous,Unknown,LSCS,47045,85.9124978,L,S,SC,B.Tech,2025,4
'06146,"MIT Academy of Engineering,Alandi, Pune",'0614637210,Electronics and Telecommunication Engg,Un-Aided Autonomous,Unknown,LNT1S,40753,87.9289094,L,S,NT1,B.Tech,2025,4
'06146,"MIT Academy of Engineering,Alandi, Pune",'0614637210,Electronics and Telecommunication Engg,Un-Aided Autonomous,Unknown,LNT2S,24960,92.7190965,L,S,NT2,B.Tech,2025,4
'06146,"MIT Academy of Engineering,Alandi, Pune",'0614637210,Electronics and Telecommunication Engg,Un-Aided Autonomous,Unknown,LOBCS,18744,94.5862876,L,S,OBC,B.Tech,2025,4
'06146,"MIT Academy of Engineering,Alandi, Pune",'0614637210,Electronics and Telecommunication Engg,Un-Aided Autonomous,Unknown,LSEBCS,21286,93.8493242,L,S,SEBC,B.Tech,2025,4
'06146,"MIT Academy of Engineering,Alandi, Pune",'0614637210,Electronics and Telecommunication Engg,Un-Aided Autonomous,Unknown,DEFOPENS,35553,89.5355262,D,S,OPEN,B.Tech,2025,4
'06146,"MIT Academy of Engineering,Alandi, Pune",'0614637210,Electronics and Telecommunication Engg,Un-Aided Autonomous,Unknown,DEFRNT3S,99149,68.1117918,D,S,EFRNT3,B.Tech,2025,4
'06146,"MIT Academy of Engineering,Alandi, Pune",'0614637210,Electronics and Telecommunication Engg,Un-Aided Autonomous,Unknown,EWS,41547,87.6872170,E,S,EWS,B.Tech,2025,4
'06146,"MIT Academy of Engineering,Alandi, Pune",'0614637210,Electronics and Telecommunication Engg,Un-Aided Autonomous,Unknown,LSTS,189949,14.9055715,L,S,ST,B.Tech,2025,4
'06146,"MIT Academy of Engineering,Alandi, Pune",'0614637210,Electronics and Telecommunication Engg,Un-Aided Autonomous,Unknown,PWDSEBCS,21830,93.6842468,P,S,PWD,B.Tech,2025,4
'06146,"MIT Academy of Engineering,Alandi, Pune",'0614637210,Electronics and Telecommunication Engg,Un-Aided Autonomous,Unknown,ORPHAN,21324,93.8493242,O,N,ORPHAN,B.Tech,2025,4
'06146,"MIT Academy of Engineering,Alandi, Pune",'0614650710,Chemical Engineering,Un-Aided Autonomous,Unknown,GOPENS,27135,92.0737359,G,S,OPEN,B.Tech,2025,4
'06146,"MIT Academy of Engineering,Alandi, Pune",'0614650710,Chemical Engineering,Un-Aided Autonomous,Unknown,GSEBCS,44681,86.6827486,G,S,SEBC,B.Tech,2025,4
'06146,"MIT Academy of Engineering,Alandi, Pune",'0614650710,Chemical Engineering,Un-Aided Autonomous,Unknown,EWS,107454,64.3453843,E,S,EWS,B.Tech,2025,4
'06146,"MIT Academy of Engineering,Alandi, Pune",'0614650710,Chemical Engineering,Un-Aided Autonomous,Unknown,PWDOPENS,30213,91.0820780,P,S,PWD,B.Tech,2025,4
'06146,"MIT Academy of Engineering,Alandi, Pune",'0614650710,Chemical Engineering,Un-Aided Autonomous,Unknown,LSTS,31601,90.6820865,L,S,ST,B.Tech,2025,4
'06146,"MIT Academy of Engineering,Alandi, Pune",'0614661210,Mechanical Engineering,Un-Aided Autonomous,Unknown,GOPENS,33875,90.0449693,G,S,OPEN,B.Tech,2025,4
'06146,"MIT Academy of Engineering,Alandi, Pune",'0614661210,Mechanical Engineering,Un-Aided Autonomous,Unknown,GSCS,53751,83.8802370,G,S,SC,B.Tech,2025,4
'06146,"MIT Academy of Engineering,Alandi, Pune",'0614661210,Mechanical Engineering,Un-Aided Autonomous,Unknown,GSTS,190893,13.9047479,G,S,ST,B.Tech,2025,4
'06146,"MIT Academy of Engineering,Alandi, Pune",'0614661210,Mechanical Engineering,Un-Aided Autonomous,Unknown,GVJS,53913,83.7934335,G,S,VJ,B.Tech,2025,4
'06146,"MIT Academy of Engineering,Alandi, Pune",'0614661210,Mechanical Engineering,Un-Aided Autonomous,Unknown,GNT2S,43076,87.2335313,G,S,NT2,B.Tech,2025,4
'06146,"MIT Academy of Engineering,Alandi, Pune",'0614661210,Mechanical Engineering,Un-Aided Autonomous,Unknown,GOBCS,37827,88.7823852,G,S,OBC,B.Tech,2025,4
'06146,"MIT Academy of Engineering,Alandi, Pune",'0614661210,Mechanical Engineering,Un-Aided Autonomous,Unknown,LOPENS,38872,88.5563899,L,S,OPEN,B.Tech,2025,4
'06146,"MIT Academy of Engineering,Alandi, Pune",'0614661210,Mechanical Engineering,Un-Aided Autonomous,Unknown,LOBCS,48696,85.4179037,L,S,OBC,B.Tech,2025,4
'06146,"MIT Academy of Engineering,Alandi, Pune",'0614661210,Mechanical Engineering,Un-Aided Autonomous,Unknown,LSEBCS,41065,87.9159305,L,S,SEBC,B.Tech,2025,4
'06146,"MIT Academy of Engineering,Alandi, Pune",'0614661210,Mechanical Engineering,Un-Aided Autonomous,Unknown,DEFOPENS,66319,79.7946282,D,S,OPEN,B.Tech,2025,4
'06146,"MIT Academy of Engineering,Alandi, Pune",'0614661210,Mechanical Engineering,Un-Aided Autonomous,Unknown,DEFOBCS,75427,76.8955509,D,S,OBC,B.Tech,2025,4
'06146,"MIT Academy of Engineering,Alandi, Pune",'0614661210,Mechanical Engineering,Un-Aided Autonomous,Unknown,TFWS,26438,92.2575417,T,S,TFWS,B.Tech,2025,4
'06146,"MIT Academy of Engineering,Alandi, Pune",'0614661210,Mechanical Engineering,Un-Aided Autonomous,Unknown,EWS,113519,61.6834321,E,S,EWS,B.Tech,2025,4
'06146,"MIT Academy of Engineering,Alandi, Pune",'0614661210,Mechanical Engineering,Un-Aided Autonomous,Unknown,PWDOPENS,36143,89.2945239,P,S,PWD,B.Tech,2025,4
'06146,"MIT Academy of Engineering,Alandi, Pune",'0614661210,Mechanical Engineering,Un-Aided Autonomous,Unknown,LSTS,36373,89.2739334,L,S,ST,B.Tech,2025,4
'06146,"MIT Academy of Engineering,Alandi, Pune",'0614661210,Mechanical Engineering,Un-Aided Autonomous,Unknown,ORPHAN,36856,89.1476381,O,N,ORPHAN,B.Tech,2025,4
'06146,"MIT Academy of Engineering,Alandi, Pune",'0614691110,Computer Science and Engineering(Artificial Intelligence and Machine Learning),Un-Aided Autonomous,Unknown,GOPENS,16797,95.1359923,G,S,OPEN,B.Tech,2025,4
'06146,"MIT Academy of Engineering,Alandi, Pune",'0614691110,Computer Science and Engineering(Artificial Intelligence and Machine Learning),Un-Aided Autonomous,Unknown,GSCS,30655,91.0465074,G,S,SC,B.Tech,2025,4
'06146,"MIT Academy of Engineering,Alandi, Pune",'0614691110,Computer Science and Engineering(Artificial Intelligence and Machine Learning),Un-Aided Autonomous,Unknown,GNT1S,26671,92.2398466,G,S,NT1,B.Tech,2025,4
'06146,"MIT Academy of Engineering,Alandi, Pune",'0614691110,Computer Science and Engineering(Artificial Intelligence and Machine Learning),Un-Aided Autonomous,Unknown,GOBCS,18259,94.7397468,G,S,OBC,B.Tech,2025,4
'06146,"MIT Academy of Engineering,Alandi, Pune",'0614691110,Computer Science and Engineering(Artificial Intelligence and Machine Learning),Un-Aided Autonomous,Unknown,LOPENS,16537,95.2407244,L,S,OPEN,B.Tech,2025,4
'06146,"MIT Academy of Engineering,Alandi, Pune",'0614691110,Computer Science and Engineering(Artificial Intelligence and Machine Learning),Un-Aided Autonomous,Unknown,DEFOPENS,31447,90.7235685,D,S,OPEN,B.Tech,2025,4
'06146,"MIT Academy of Engineering,Alandi, Pune",'0614691110,Computer Science and Engineering(Artificial Intelligence and Machine Learning),Un-Aided Autonomous,Unknown,DEFSCS,97816,68.3753318,D,S,SC,B.Tech,2025,4
'06146,"MIT Academy of Engineering,Alandi, Pune",'0614691110,Computer Science and Engineering(Artificial Intelligence and Machine Learning),Un-Aided Autonomous,Unknown,TFWS,10630,96.9557645,T,S,TFWS,B.Tech,2025,4
'06146,"MIT Academy of Engineering,Alandi, Pune",'0614691110,Computer Science and Engineering(Artificial Intelligence and Machine Learning),Un-Aided Autonomous,Unknown,EWS,33525,90.1404001,E,S,EWS,B.Tech,2025,4
'06146,"MIT Academy of Engineering,Alandi, Pune",'0614691210,Computer Science and Engineering(Data Science),Un-Aided Autonomous,Unknown,GOPENS,18279,94.7397468,G,S,OPEN,B.Tech,2025,4
'06146,"MIT Academy of Engineering,Alandi, Pune",'0614691210,Computer Science and Engineering(Data Science),Un-Aided Autonomous,Unknown,GSCS,37915,88.7700729,G,S,SC,B.Tech,2025,4
'06146,"MIT Academy of Engineering,Alandi, Pune",'0614691210,Computer Science and Engineering(Data Science),Un-Aided Autonomous,Unknown,GOBCS,18907,94.5372821,G,S,OBC,B.Tech,2025,4
'06146,"MIT Academy of Engineering,Alandi, Pune",'0614691210,Computer Science and Engineering(Data Science),Un-Aided Autonomous,Unknown,GSEBCS,18914,94.5372821,G,S,SEBC,B.Tech,2025,4
'06146,"MIT Academy of Engineering,Alandi, Pune",'0614691210,Computer Science and Engineering(Data Science),Un-Aided Autonomous,Unknown,LOPENS,17670,94.8874728,L,S,OPEN,B.Tech,2025,4
'06146,"MIT Academy of Engineering,Alandi, Pune",'0614691210,Computer Science and Engineering(Data Science),Un-Aided Autonomous,Unknown,DEFOPENS,35070,89.6827150,D,S,OPEN,B.Tech,2025,4
'06146,"MIT Academy of Engineering,Alandi, Pune",'0614691210,Computer Science and Engineering(Data Science),Un-Aided Autonomous,Unknown,EWS,38740,88.5573886,E,S,EWS,B.Tech,2025,4
'06146,"MIT Academy of Engineering,Alandi, Pune",'0614691210,Computer Science and Engineering(Data Science),Un-Aided Autonomous,Unknown,PWDOPENS,18277,94.7397468,P,S,PWD,B.Tech,2025,4
'06146,"MIT Academy of Engineering,Alandi, Pune",'0614692710,Computer Engineering (Software Engineering),Un-Aided Autonomous,Unknown,GOPENS,18213,94.7424061,G,S,OPEN,B.Tech,2025,4
'06146,"MIT Academy of Engineering,Alandi, Pune",'0614692710,Computer Engineering (Software Engineering),Un-Aided Autonomous,Unknown,GNT3S,21822,93.6842468,G,S,NT3,B.Tech,2025,4
'06146,"MIT Academy of Engineering,Alandi, Pune",'0614692710,Computer Engineering (Software Engineering),Un-Aided Autonomous,Unknown,GOBCS,18615,94.6273529,G,S,OBC,B.Tech,2025,4
'06146,"MIT Academy of Engineering,Alandi, Pune",'0614692710,Computer Engineering (Software Engineering),Un-Aided Autonomous,Unknown,GSEBCS,19134,94.4741287,G,S,SEBC,B.Tech,2025,4
'06146,"MIT Academy of Engineering,Alandi, Pune",'0614692710,Computer Engineering (Software Engineering),Un-Aided Autonomous,Unknown,LOPENS,18262,94.7397468,L,S,OPEN,B.Tech,2025,4
'06146,"MIT Academy of Engineering,Alandi, Pune",'0614692710,Computer Engineering (Software Engineering),Un-Aided Autonomous,Unknown,LSCS,43232,87.1431548,L,S,SC,B.Tech,2025,4
'06146,"MIT Academy of Engineering,Alandi, Pune",'0614692710,Computer Engineering (Software Engineering),Un-Aided Autonomous,Unknown,LOBCS,19091,94.4922123,L,S,OBC,B.Tech,2025,4
'06146,"MIT Academy of Engineering,Alandi, Pune",'0614692710,Computer Engineering (Software Engineering),Un-Aided Autonomous,Unknown,LSEBCS,20382,94.0956622,L,S,SEBC,B.Tech,2025,4
'06146,"MIT Academy of Engineering,Alandi, Pune",'0614692710,Computer Engineering (Software Engineering),Un-Aided Autonomous,Unknown,DEFOPENS,30948,90.9306237,D,S,OPEN,B.Tech,2025,4
'06146,"MIT Academy of Engineering,Alandi, Pune",'0614692710,Computer Engineering (Software Engineering),Un-Aided Autonomous,Unknown,DEFSEBCS,47511,85.8824755,D,S,SEBC,B.Tech,2025,4
'06146,"MIT Academy of Engineering,Alandi, Pune",'0614692710,Computer Engineering (Software Engineering),Un-Aided Autonomous,Unknown,EWS,38056,88.7615737,E,S,EWS,B.Tech,2025,4
'06146,"MIT Academy of Engineering,Alandi, Pune",'0614692710,Computer Engineering (Software Engineering),Un-Aided Autonomous,Unknown,PWDOBCS,18918,94.5372821,P,S,PWD,B.Tech,2025,4
'06149,"Siddhant College of Engineering, A/p Sudumbare, Tal.Maval, Dist-Pune",'0614919110,Civil Engineering,Un-Aided Linguistic Minority - Hindi,Unknown,GOPENO,143180,47.1396200,G,O,OPEN,B.Tech,2025,4
'06149,"Siddhant College of Engineering, A/p Sudumbare, Tal.Maval, Dist-Pune",'0614919110,Civil Engineering,Un-Aided Linguistic Minority - Hindi,Unknown,LOPENO,86557,72.7429418,L,O,OPEN,B.Tech,2025,4
'06149,"Siddhant College of Engineering, A/p Sudumbare, Tal.Maval, Dist-Pune",'0614924510,Computer Engineering,Un-Aided Linguistic Minority - Hindi,Unknown,GOPENH,82714,73.7482517,G,H,OPEN,B.Tech,2025,4
'06149,"Siddhant College of Engineering, A/p Sudumbare, Tal.Maval, Dist-Pune",'0614924510,Computer Engineering,Un-Aided Linguistic Minority - Hindi,Unknown,LOPENH,56465,82.9717485,L,H,OPEN,B.Tech,2025,4
'06149,"Siddhant College of Engineering, A/p Sudumbare, Tal.Maval, Dist-Pune",'0614924610,Information Technology,Un-Aided Linguistic Minority - Hindi,Unknown,GOPENH,114911,60.9090909,G,H,OPEN,B.Tech,2025,4
'06149,"Siddhant College of Engineering, A/p Sudumbare, Tal.Maval, Dist-Pune",'0614924610,Information Technology,Un-Aided Linguistic Minority - Hindi,Unknown,LOPENH,106498,64.7131860,L,H,OPEN,B.Tech,2025,4
'06149,"Siddhant College of Engineering, A/p Sudumbare, Tal.Maval, Dist-Pune",'0614925210,Cyber Security,Un-Aided Linguistic Minority - Hindi,Unknown,GOPENH,123040,57.4376852,G,H,OPEN,B.Tech,2025,4
'06149,"Siddhant College of Engineering, A/p Sudumbare, Tal.Maval, Dist-Pune",'0614925210,Cyber Security,Un-Aided Linguistic Minority - Hindi,Unknown,LOPENH,125052,56.5039753,L,H,OPEN,B.Tech,2025,4
'06149,"Siddhant College of Engineering, A/p Sudumbare, Tal.Maval, Dist-Pune",'0614925310,Internet of Things (IoT),Un-Aided Linguistic Minority - Hindi,Unknown,GOPENH,188677,15.8481365,G,H,OPEN,B.Tech,2025,4
'06149,"Siddhant College of Engineering, A/p Sudumbare, Tal.Maval, Dist-Pune",'0614925310,Internet of Things (IoT),Un-Aided Linguistic Minority - Hindi,Unknown,LOPENH,173613,28.3031822,L,H,OPEN,B.Tech,2025,4
'06149,"Siddhant College of Engineering, A/p Sudumbare, Tal.Maval, Dist-Pune",'0614929310,Electrical Engineering,Un-Aided Linguistic Minority - Hindi,Unknown,GOPENH,158854,38.2479385,G,H,OPEN,B.Tech,2025,4
'06149,"Siddhant College of Engineering, A/p Sudumbare, Tal.Maval, Dist-Pune",'0614929310,Electrical Engineering,Un-Aided Linguistic Minority - Hindi,Unknown,LOPENH,148755,43.7443400,L,H,OPEN,B.Tech,2025,4
'06149,"Siddhant College of Engineering, A/p Sudumbare, Tal.Maval, Dist-Pune",'0614937210,Electronics and Telecommunication Engg,Un-Aided Linguistic Minority - Hindi,Unknown,GOPENH,122648,57.5410529,G,H,OPEN,B.Tech,2025,4
'06149,"Siddhant College of Engineering, A/p Sudumbare, Tal.Maval, Dist-Pune",'0614937210,Electronics and Telecommunication Engg,Un-Aided Linguistic Minority - Hindi,Unknown,LOPENH,102057,66.3866132,L,H,OPEN,B.Tech,2025,4
'06149,"Siddhant College of Engineering, A/p Sudumbare, Tal.Maval, Dist-Pune",'0614961210,Mechanical Engineering,Un-Aided Linguistic Minority - Hindi,Unknown,GOPENH,132224,53.2228937,G,H,OPEN,B.Tech,2025,4
'06149,"Siddhant College of Engineering, A/p Sudumbare, Tal.Maval, Dist-Pune",'0614961210,Mechanical Engineering,Un-Aided Linguistic Minority - Hindi,Unknown,LOPENH,142621,47.3563218,L,H,OPEN,B.Tech,2025,4
'06149,"Siddhant College of Engineering, A/p Sudumbare, Tal.Maval, Dist-Pune",'0614984410,Electronics and Computer Engineering,Un-Aided Linguistic Minority - Hindi,Unknown,GOPENH,150482,43.1964993,G,H,OPEN,B.Tech,2025,4
'06149,"Siddhant College of Engineering, A/p Sudumbare, Tal.Maval, Dist-Pune",'0614984410,Electronics and Computer Engineering,Un-Aided Linguistic Minority - Hindi,Unknown,LOPENH,116086,60.4378874,L,H,OPEN,B.Tech,2025,4
'06149,"Siddhant College of Engineering, A/p Sudumbare, Tal.Maval, Dist-Pune",'0614992110,Artificial Intelligence and Machine Learning,Un-Aided Linguistic Minority - Hindi,Unknown,GOPENH,110849,62.9184580,G,H,OPEN,B.Tech,2025,4
'06149,"Siddhant College of Engineering, A/p Sudumbare, Tal.Maval, Dist-Pune",'0614992110,Artificial Intelligence and Machine Learning,Un-Aided Linguistic Minority - Hindi,Unknown,LOPENH,95589,69.2179237,L,H,OPEN,B.Tech,2025,4
'06149,"Siddhant College of Engineering, A/p Sudumbare, Tal.Maval, Dist-Pune",'0614999510,Artificial Intelligence and Data Science,Un-Aided Linguistic Minority - Hindi,Unknown,GOPENH,96126,69.0979021,G,H,OPEN,B.Tech,2025,4
'06149,"Siddhant College of Engineering, A/p Sudumbare, Tal.Maval, Dist-Pune",'0614999510,Artificial Intelligence and Data Science,Un-Aided Linguistic Minority - Hindi,Unknown,LOPENH,80662,75.1620214,L,H,OPEN,B.Tech,2025,4
'06155,"G.H.Raisoni College of Engineering & Management, Wagholi, Pune",'0615519110,Civil Engineering,Un-Aided Autonomous Linguistic Minority - Hindi,Unknown,GOPENS,84395,73.5570613,G,S,OPEN,B.Tech,2025,4
'06155,"G.H.Raisoni College of Engineering & Management, Wagholi, Pune",'0615519110,Civil Engineering,Un-Aided Autonomous Linguistic Minority - Hindi,Unknown,LOPENS,76817,76.2716859,L,S,OPEN,B.Tech,2025,4
'06155,"G.H.Raisoni College of Engineering & Management, Wagholi, Pune",'0615519110,Civil Engineering,Un-Aided Autonomous Linguistic Minority - Hindi,Unknown,TFWS,37824,88.7823852,T,S,TFWS,B.Tech,2025,4
'06155,"G.H.Raisoni College of Engineering & Management, Wagholi, Pune",'0615519110,Civil Engineering,Un-Aided Autonomous Linguistic Minority - Hindi,Unknown,MI,92033,70.6189283,M,I,MI,B.Tech,2025,4
'06155,"G.H.Raisoni College of Engineering & Management, Wagholi, Pune",'0615524510,Computer Engineering,Un-Aided Autonomous Linguistic Minority - Hindi,Unknown,GOPENS,26634,92.2398466,G,S,OPEN,B.Tech,2025,4
'06155,"G.H.Raisoni College of Engineering & Management, Wagholi, Pune",'0615524510,Computer Engineering,Un-Aided Autonomous Linguistic Minority - Hindi,Unknown,LOPENS,25787,92.4545035,L,S,OPEN,B.Tech,2025,4
'06155,"G.H.Raisoni College of Engineering & Management, Wagholi, Pune",'0615524510,Computer Engineering,Un-Aided Autonomous Linguistic Minority - Hindi,Unknown,MI,111609,62.8632493,M,I,MI,B.Tech,2025,4
'06155,"G.H.Raisoni College of Engineering & Management, Wagholi, Pune",'0615524510,Computer Engineering,Un-Aided Autonomous Linguistic Minority - Hindi,Unknown,TFWS,25298,92.6059167,T,S,TFWS,B.Tech,2025,4
'06155,"G.H.Raisoni College of Engineering & Management, Wagholi, Pune",'0615524610,Information Technology,Un-Aided Autonomous Linguistic Minority - Hindi,Unknown,GOPENS,32557,90.4253432,G,S,OPEN,B.Tech,2025,4
'06155,"G.H.Raisoni College of Engineering & Management, Wagholi, Pune",'0615524610,Information Technology,Un-Aided Autonomous Linguistic Minority - Hindi,Unknown,LOPENS,30223,91.0751777,L,S,OPEN,B.Tech,2025,4
'06155,"G.H.Raisoni College of Engineering & Management, Wagholi, Pune",'0615524610,Information Technology,Un-Aided Autonomous Linguistic Minority - Hindi,Unknown,MI,194341,10.8523619,M,I,MI,B.Tech,2025,4
'06155,"G.H.Raisoni College of Engineering & Management, Wagholi, Pune",'0615524610,Information Technology,Un-Aided Autonomous Linguistic Minority - Hindi,Unknown,TFWS,30981,90.8847092,T,S,TFWS,B.Tech,2025,4
'06155,"G.H.Raisoni College of Engineering & Management, Wagholi, Pune",'0615524610,Information Technology,Un-Aided Autonomous Linguistic Minority - Hindi,Unknown,MI,34420,89.8617670,M,I,MI,B.Tech,2025,4
'06155,"G.H.Raisoni College of Engineering & Management, Wagholi, Pune",'0615526010,Computer Science and Engineering (Cyber Security),Un-Aided Autonomous Linguistic Minority - Hindi,Unknown,GOPENS,33554,90.1404001,G,S,OPEN,B.Tech,2025,4
'06155,"G.H.Raisoni College of Engineering & Management, Wagholi, Pune",'0615526010,Computer Science and Engineering (Cyber Security),Un-Aided Autonomous Linguistic Minority - Hindi,Unknown,LOPENS,32500,90.4894438,L,S,OPEN,B.Tech,2025,4
'06155,"G.H.Raisoni College of Engineering & Management, Wagholi, Pune",'0615526010,Computer Science and Engineering (Cyber Security),Un-Aided Autonomous Linguistic Minority - Hindi,Unknown,MI,195841,9.1134840,M,I,MI,B.Tech,2025,4
'06155,"G.H.Raisoni College of Engineering & Management, Wagholi, Pune",'0615526010,Computer Science and Engineering (Cyber Security),Un-Aided Autonomous Linguistic Minority - Hindi,Unknown,MI,35823,89.4898417,M,I,MI,B.Tech,2025,4
'06155,"G.H.Raisoni College of Engineering & Management, Wagholi, Pune",'0615529310,Electrical Engineering,Un-Aided Autonomous Linguistic Minority - Hindi,Unknown,GOPENS,52782,84.1131441,G,S,OPEN,B.Tech,2025,4
'06155,"G.H.Raisoni College of Engineering & Management, Wagholi, Pune",'0615529310,Electrical Engineering,Un-Aided Autonomous Linguistic Minority - Hindi,Unknown,LOPENS,43965,86.9322507,L,S,OPEN,B.Tech,2025,4
'06155,"G.H.Raisoni College of Engineering & Management, Wagholi, Pune",'0615529310,Electrical Engineering,Un-Aided Autonomous Linguistic Minority - Hindi,Unknown,TFWS,55162,83.4378744,T,S,TFWS,B.Tech,2025,4
'06155,"G.H.Raisoni College of Engineering & Management, Wagholi, Pune",'0615529310,Electrical Engineering,Un-Aided Autonomous Linguistic Minority - Hindi,Unknown,MI,66764,79.6986029,M,I,MI,B.Tech,2025,4
'06155,"G.H.Raisoni College of Engineering & Management, Wagholi, Pune",'0615537210,Electronics and Telecommunication Engg,Un-Aided Autonomous Linguistic Minority - Hindi,Unknown,GOPENS,36533,89.2727273,G,S,OPEN,B.Tech,2025,4
'06155,"G.H.Raisoni College of Engineering & Management, Wagholi, Pune",'0615537210,Electronics and Telecommunication Engg,Un-Aided Autonomous Linguistic Minority - Hindi,Unknown,LOPENS,36280,89.2894353,L,S,OPEN,B.Tech,2025,4
'06155,"G.H.Raisoni College of Engineering & Management, Wagholi, Pune",'0615537210,Electronics and Telecommunication Engg,Un-Aided Autonomous Linguistic Minority - Hindi,Unknown,TFWS,37039,89.1256809,T,S,TFWS,B.Tech,2025,4
'06155,"G.H.Raisoni College of Engineering & Management, Wagholi, Pune",'0615537210,Electronics and Telecommunication Engg,Un-Aided Autonomous Linguistic Minority - Hindi,Unknown,MI,42811,87.3181818,M,I,MI,B.Tech,2025,4
'06155,"G.H.Raisoni College of Engineering & Management, Wagholi, Pune",'0615561210,Mechanical Engineering,Un-Aided Autonomous Linguistic Minority - Hindi,Unknown,GOPENS,56572,82.8811189,G,S,OPEN,B.Tech,2025,4
'06155,"G.H.Raisoni College of Engineering & Management, Wagholi, Pune",'0615561210,Mechanical Engineering,Un-Aided Autonomous Linguistic Minority - Hindi,Unknown,LOPENS,83043,73.7482517,L,S,OPEN,B.Tech,2025,4
'06155,"G.H.Raisoni College of Engineering & Management, Wagholi, Pune",'0615561210,Mechanical Engineering,Un-Aided Autonomous Linguistic Minority - Hindi,Unknown,MI,137700,50.3223138,M,I,MI,B.Tech,2025,4
'06155,"G.H.Raisoni College of Engineering & Management, Wagholi, Pune",'0615561210,Mechanical Engineering,Un-Aided Autonomous Linguistic Minority - Hindi,Unknown,MI,72004,78.0104170,M,I,MI,B.Tech,2025,4
'06155,"G.H.Raisoni College of Engineering & Management, Wagholi, Pune",'0615591110,Computer Science and Engineering(Artificial Intelligence and Machine Learning),Un-Aided Autonomous Linguistic Minority - Hindi,Unknown,GOPENS,28274,91.7377622,G,S,OPEN,B.Tech,2025,4
'06155,"G.H.Raisoni College of Engineering & Management, Wagholi, Pune",'0615591110,Computer Science and Engineering(Artificial Intelligence and Machine Learning),Un-Aided Autonomous Linguistic Minority - Hindi,Unknown,MI,148985,43.6588740,M,I,MI,B.Tech,2025,4
'06155,"G.H.Raisoni College of Engineering & Management, Wagholi, Pune",'0615591110,Computer Science and Engineering(Artificial Intelligence and Machine Learning),Un-Aided Autonomous Linguistic Minority - Hindi,Unknown,TFWS,25206,92.6752061,T,S,TFWS,B.Tech,2025,4
'06155,"G.H.Raisoni College of Engineering & Management, Wagholi, Pune",'0615591210,Computer Science and Engineering(Data Science),Un-Aided Autonomous Linguistic Minority - Hindi,Unknown,GOPENS,27954,91.7968608,G,S,OPEN,B.Tech,2025,4
'06155,"G.H.Raisoni College of Engineering & Management, Wagholi, Pune",'0615591210,Computer Science and Engineering(Data Science),Un-Aided Autonomous Linguistic Minority - Hindi,Unknown,MI,177188,25.2088452,M,I,MI,B.Tech,2025,4
'06155,"G.H.Raisoni College of Engineering & Management, Wagholi, Pune",'0615591210,Computer Science and Engineering(Data Science),Un-Aided Autonomous Linguistic Minority - Hindi,Unknown,MI,29369,91.3593874,M,I,MI,B.Tech,2025,4
'06155,"G.H.Raisoni College of Engineering & Management, Wagholi, Pune",'0615591310,Computer Science and Engineering (Artificial Intelligence),Un-Aided Autonomous Linguistic Minority - Hindi,Unknown,GOPENS,32867,90.3566434,G,S,OPEN,B.Tech,2025,4
'06155,"G.H.Raisoni College of Engineering & Management, Wagholi, Pune",'0615591310,Computer Science and Engineering (Artificial Intelligence),Un-Aided Autonomous Linguistic Minority - Hindi,Unknown,LOPENS,32650,90.4142665,L,S,OPEN,B.Tech,2025,4
'06155,"G.H.Raisoni College of Engineering & Management, Wagholi, Pune",'0615591310,Computer Science and Engineering (Artificial Intelligence),Un-Aided Autonomous Linguistic Minority - Hindi,Unknown,MI,189632,15.1144829,M,I,MI,B.Tech,2025,4
'06155,"G.H.Raisoni College of Engineering & Management, Wagholi, Pune",'0615591310,Computer Science and Engineering (Artificial Intelligence),Un-Aided Autonomous Linguistic Minority - Hindi,Unknown,MI,34457,89.8617670,M,I,MI,B.Tech,2025,4
'06156,"Marathwada Mitra Mandal's College of Engineering, Karvenagar, Pune",'0615624510,Computer Engineering,Un-Aided Autonomous,Unknown,GOPENS,15434,95.5839161,G,S,OPEN,B.Tech,2025,4
'06156,"Marathwada Mitra Mandal's College of Engineering, Karvenagar, Pune",'0615624510,Computer Engineering,Un-Aided Autonomous,Unknown,GSCS,38746,88.5573886,G,S,SC,B.Tech,2025,4
'06156,"Marathwada Mitra Mandal's College of Engineering, Karvenagar, Pune",'0615624510,Computer Engineering,Un-Aided Autonomous,Unknown,GOBCS,16599,95.2309569,G,S,OBC,B.Tech,2025,4
'06156,"Marathwada Mitra Mandal's College of Engineering, Karvenagar, Pune",'0615624510,Computer Engineering,Un-Aided Autonomous,Unknown,EWS,29650,91.3084967,E,S,EWS,B.Tech,2025,4
'06156,"Marathwada Mitra Mandal's College of Engineering, Karvenagar, Pune",'0615624510,Computer Engineering,Un-Aided Autonomous,Unknown,ORPHAN,15459,95.5725809,O,N,ORPHAN,B.Tech,2025,4
'06156,"Marathwada Mitra Mandal's College of Engineering, Karvenagar, Pune",'0615624610,Information Technology,Un-Aided Autonomous,Unknown,GOPENS,18433,94.7159159,G,S,OPEN,B.Tech,2025,4
'06156,"Marathwada Mitra Mandal's College of Engineering, Karvenagar, Pune",'0615624610,Information Technology,Un-Aided Autonomous,Unknown,GSCS,45865,86.3869833,G,S,SC,B.Tech,2025,4
'06156,"Marathwada Mitra Mandal's College of Engineering, Karvenagar, Pune",'0615624610,Information Technology,Un-Aided Autonomous,Unknown,GVJS,34608,89.8391608,G,S,VJ,B.Tech,2025,4
'06156,"Marathwada Mitra Mandal's College of Engineering, Karvenagar, Pune",'0615624610,Information Technology,Un-Aided Autonomous,Unknown,GNT1S,27627,91.9353149,G,S,NT1,B.Tech,2025,4
'06156,"Marathwada Mitra Mandal's College of Engineering, Karvenagar, Pune",'0615624610,Information Technology,Un-Aided Autonomous,Unknown,GOBCS,19491,94.3452901,G,S,OBC,B.Tech,2025,4
'06156,"Marathwada Mitra Mandal's College of Engineering, Karvenagar, Pune",'0615624610,Information Technology,Un-Aided Autonomous,Unknown,GSEBCS,18728,94.5862876,G,S,SEBC,B.Tech,2025,4
'06156,"Marathwada Mitra Mandal's College of Engineering, Karvenagar, Pune",'0615624610,Information Technology,Un-Aided Autonomous,Unknown,LOPENS,17144,95.0636221,L,S,OPEN,B.Tech,2025,4
'06156,"Marathwada Mitra Mandal's College of Engineering, Karvenagar, Pune",'0615624610,Information Technology,Un-Aided Autonomous,Unknown,LNT2S,23582,93.1561968,L,S,NT2,B.Tech,2025,4
'06156,"Marathwada Mitra Mandal's College of Engineering, Karvenagar, Pune",'0615624610,Information Technology,Un-Aided Autonomous,Unknown,LOBCS,18532,94.6848871,L,S,OBC,B.Tech,2025,4
'06156,"Marathwada Mitra Mandal's College of Engineering, Karvenagar, Pune",'0615624610,Information Technology,Un-Aided Autonomous,Unknown,LSEBCS,18714,94.5862876,L,S,SEBC,B.Tech,2025,4
'06156,"Marathwada Mitra Mandal's College of Engineering, Karvenagar, Pune",'0615624610,Information Technology,Un-Aided Autonomous,Unknown,DEFOPENS,37635,88.9550679,D,S,OPEN,B.Tech,2025,4
'06156,"Marathwada Mitra Mandal's College of Engineering, Karvenagar, Pune",'0615624610,Information Technology,Un-Aided Autonomous,Unknown,DEFOBCS,38827,88.5563899,D,S,OBC,B.Tech,2025,4
'06156,"Marathwada Mitra Mandal's College of Engineering, Karvenagar, Pune",'0615624610,Information Technology,Un-Aided Autonomous,Unknown,EWS,32911,90.3099038,E,S,EWS,B.Tech,2025,4
'06156,"Marathwada Mitra Mandal's College of Engineering, Karvenagar, Pune",'0615624610,Information Technology,Un-Aided Autonomous,Unknown,ORPHAN,18597,94.6277162,O,N,ORPHAN,B.Tech,2025,4
'06156,"Marathwada Mitra Mandal's College of Engineering, Karvenagar, Pune",'0615629310,Electrical Engineering,Un-Aided Autonomous,Unknown,GOPENS,29266,91.4198717,G,S,OPEN,B.Tech,2025,4
'06156,"Marathwada Mitra Mandal's College of Engineering, Karvenagar, Pune",'0615629310,Electrical Engineering,Un-Aided Autonomous,Unknown,GOBCS,31767,90.6674583,G,S,OBC,B.Tech,2025,4
'06156,"Marathwada Mitra Mandal's College of Engineering, Karvenagar, Pune",'0615629310,Electrical Engineering,Un-Aided Autonomous,Unknown,LOPENS,34070,89.9884696,L,S,OPEN,B.Tech,2025,4
'06156,"Marathwada Mitra Mandal's College of Engineering, Karvenagar, Pune",'0615629310,Electrical Engineering,Un-Aided Autonomous,Unknown,DEFOPENS,75428,76.8955509,D,S,OPEN,B.Tech,2025,4
'06156,"Marathwada Mitra Mandal's College of Engineering, Karvenagar, Pune",'0615637210,Electronics and Telecommunication Engg,Un-Aided Autonomous,Unknown,GOPENS,22454,93.4773416,G,S,OPEN,B.Tech,2025,4
'06156,"Marathwada Mitra Mandal's College of Engineering, Karvenagar, Pune",'0615637210,Electronics and Telecommunication Engg,Un-Aided Autonomous,Unknown,GSTS,152464,42.2674623,G,S,ST,B.Tech,2025,4
'06156,"Marathwada Mitra Mandal's College of Engineering, Karvenagar, Pune",'0615637210,Electronics and Telecommunication Engg,Un-Aided Autonomous,Unknown,GVJS,56935,82.8437868,G,S,VJ,B.Tech,2025,4
'06156,"Marathwada Mitra Mandal's College of Engineering, Karvenagar, Pune",'0615637210,Electronics and Telecommunication Engg,Un-Aided Autonomous,Unknown,GOBCS,23629,93.1055879,G,S,OBC,B.Tech,2025,4
'06156,"Marathwada Mitra Mandal's College of Engineering, Karvenagar, Pune",'0615637210,Electronics and Telecommunication Engg,Un-Aided Autonomous,Unknown,GSEBCS,23241,93.2612864,G,S,SEBC,B.Tech,2025,4
'06156,"Marathwada Mitra Mandal's College of Engineering, Karvenagar, Pune",'0615637210,Electronics and Telecommunication Engg,Un-Aided Autonomous,Unknown,LOPENS,20214,94.1618476,L,S,OPEN,B.Tech,2025,4
'06156,"Marathwada Mitra Mandal's College of Engineering, Karvenagar, Pune",'0615637210,Electronics and Telecommunication Engg,Un-Aided Autonomous,Unknown,LSCS,61995,81.1324174,L,S,SC,B.Tech,2025,4
'06156,"Marathwada Mitra Mandal's College of Engineering, Karvenagar, Pune",'0615637210,Electronics and Telecommunication Engg,Un-Aided Autonomous,Unknown,DEFOPENS,44724,86.6759630,D,S,OPEN,B.Tech,2025,4
'06156,"Marathwada Mitra Mandal's College of Engineering, Karvenagar, Pune",'0615637210,Electronics and Telecommunication Engg,Un-Aided Autonomous,Unknown,TFWS,22721,93.4192837,T,S,TFWS,B.Tech,2025,4
'06156,"Marathwada Mitra Mandal's College of Engineering, Karvenagar, Pune",'0615637210,Electronics and Telecommunication Engg,Un-Aided Autonomous,Unknown,PWDOBCS,23621,93.1055879,P,S,PWD,B.Tech,2025,4
'06156,"Marathwada Mitra Mandal's College of Engineering, Karvenagar, Pune",'0615637210,Electronics and Telecommunication Engg,Un-Aided Autonomous,Unknown,PWDSEBCS,22998,93.2783433,P,S,PWD,B.Tech,2025,4
'06156,"Marathwada Mitra Mandal's College of Engineering, Karvenagar, Pune",'0615637210,Electronics and Telecommunication Engg,Un-Aided Autonomous,Unknown,GSTS,23103,93.2766093,G,S,ST,B.Tech,2025,4
'06156,"Marathwada Mitra Mandal's College of Engineering, Karvenagar, Pune",'0615637210,Electronics and Telecommunication Engg,Un-Aided Autonomous,Unknown,ORPHAN,23083,93.2766093,O,N,ORPHAN,B.Tech,2025,4
'06156,"Marathwada Mitra Mandal's College of Engineering, Karvenagar, Pune",'0615661210,Mechanical Engineering,Un-Aided Autonomous,Unknown,GOPENS,36638,89.1962092,G,S,OPEN,B.Tech,2025,4
'06156,"Marathwada Mitra Mandal's College of Engineering, Karvenagar, Pune",'0615661210,Mechanical Engineering,Un-Aided Autonomous,Unknown,GVJS,88718,71.6607627,G,S,VJ,B.Tech,2025,4
'06156,"Marathwada Mitra Mandal's College of Engineering, Karvenagar, Pune",'0615661210,Mechanical Engineering,Un-Aided Autonomous,Unknown,GNT2S,51623,84.5176078,G,S,NT2,B.Tech,2025,4
'06156,"Marathwada Mitra Mandal's College of Engineering, Karvenagar, Pune",'0615661210,Mechanical Engineering,Un-Aided Autonomous,Unknown,GOBCS,39579,88.2544975,G,S,OBC,B.Tech,2025,4
'06156,"Marathwada Mitra Mandal's College of Engineering, Karvenagar, Pune",'0615661210,Mechanical Engineering,Un-Aided Autonomous,Unknown,GSEBCS,43091,87.2335313,G,S,SEBC,B.Tech,2025,4
'06156,"Marathwada Mitra Mandal's College of Engineering, Karvenagar, Pune",'0615661210,Mechanical Engineering,Un-Aided Autonomous,Unknown,LOPENS,23635,93.1055879,L,S,OPEN,B.Tech,2025,4
'06156,"Marathwada Mitra Mandal's College of Engineering, Karvenagar, Pune",'0615661210,Mechanical Engineering,Un-Aided Autonomous,Unknown,LNT2S,69416,78.6167398,L,S,NT2,B.Tech,2025,4
'06156,"Marathwada Mitra Mandal's College of Engineering, Karvenagar, Pune",'0615661210,Mechanical Engineering,Un-Aided Autonomous,Unknown,DEFOPENS,65497,79.9809712,D,S,OPEN,B.Tech,2025,4
'06156,"Marathwada Mitra Mandal's College of Engineering, Karvenagar, Pune",'0615661210,Mechanical Engineering,Un-Aided Autonomous,Unknown,TFWS,28501,91.6995640,T,S,TFWS,B.Tech,2025,4
'06156,"Marathwada Mitra Mandal's College of Engineering, Karvenagar, Pune",'0615661210,Mechanical Engineering,Un-Aided Autonomous,Unknown,EWS,122420,57.5410529,E,S,EWS,B.Tech,2025,4
'06156,"Marathwada Mitra Mandal's College of Engineering, Karvenagar, Pune",'0615661210,Mechanical Engineering,Un-Aided Autonomous,Unknown,PWDOPENS,41165,87.7787039,P,S,PWD,B.Tech,2025,4
'06156,"Marathwada Mitra Mandal's College of Engineering, Karvenagar, Pune",'0615661210,Mechanical Engineering,Un-Aided Autonomous,Unknown,PWDSCS,64902,80.0000000,P,S,PWD,B.Tech,2025,4
'06156,"Marathwada Mitra Mandal's College of Engineering, Karvenagar, Pune",'0615661210,Mechanical Engineering,Un-Aided Autonomous,Unknown,PWDOBCS,37921,88.7700729,P,S,PWD,B.Tech,2025,4
'06156,"Marathwada Mitra Mandal's College of Engineering, Karvenagar, Pune",'0615661210,Mechanical Engineering,Un-Aided Autonomous,Unknown,GSTS,37135,89.0680212,G,S,ST,B.Tech,2025,4
'06156,"Marathwada Mitra Mandal's College of Engineering, Karvenagar, Pune",'0615661210,Mechanical Engineering,Un-Aided Autonomous,Unknown,LSTS,39638,88.2484746,L,S,ST,B.Tech,2025,4
'06156,"Marathwada Mitra Mandal's College of Engineering, Karvenagar, Pune",'0615699510,Artificial Intelligence and Data Science,Un-Aided Autonomous,Unknown,GOPENS,19564,94.3275746,G,S,OPEN,B.Tech,2025,4
'06156,"Marathwada Mitra Mandal's College of Engineering, Karvenagar, Pune",'0615699510,Artificial Intelligence and Data Science,Un-Aided Autonomous,Unknown,GSCS,46619,85.9982332,G,S,SC,B.Tech,2025,4
'06156,"Marathwada Mitra Mandal's College of Engineering, Karvenagar, Pune",'0615699510,Artificial Intelligence and Data Science,Un-Aided Autonomous,Unknown,GSTS,182980,20.6428039,G,S,ST,B.Tech,2025,4
'06156,"Marathwada Mitra Mandal's College of Engineering, Karvenagar, Pune",'0615699510,Artificial Intelligence and Data Science,Un-Aided Autonomous,Unknown,GNT3S,24380,92.9168662,G,S,NT3,B.Tech,2025,4
'06156,"Marathwada Mitra Mandal's College of Engineering, Karvenagar, Pune",'0615699510,Artificial Intelligence and Data Science,Un-Aided Autonomous,Unknown,GOBCS,20393,94.0956622,G,S,OBC,B.Tech,2025,4
'06156,"Marathwada Mitra Mandal's College of Engineering, Karvenagar, Pune",'0615699510,Artificial Intelligence and Data Science,Un-Aided Autonomous,Unknown,GSEBCS,20270,94.1411405,G,S,SEBC,B.Tech,2025,4
'06156,"Marathwada Mitra Mandal's College of Engineering, Karvenagar, Pune",'0615699510,Artificial Intelligence and Data Science,Un-Aided Autonomous,Unknown,LOPENS,17722,94.8490546,L,S,OPEN,B.Tech,2025,4
'06156,"Marathwada Mitra Mandal's College of Engineering, Karvenagar, Pune",'0615699510,Artificial Intelligence and Data Science,Un-Aided Autonomous,Unknown,LSCS,49413,85.1919561,L,S,SC,B.Tech,2025,4
'06156,"Marathwada Mitra Mandal's College of Engineering, Karvenagar, Pune",'0615699510,Artificial Intelligence and Data Science,Un-Aided Autonomous,Unknown,LSTS,161349,36.1161649,L,S,ST,B.Tech,2025,4
'06156,"Marathwada Mitra Mandal's College of Engineering, Karvenagar, Pune",'0615699510,Artificial Intelligence and Data Science,Un-Aided Autonomous,Unknown,LOBCS,20039,94.1814562,L,S,OBC,B.Tech,2025,4
'06156,"Marathwada Mitra Mandal's College of Engineering, Karvenagar, Pune",'0615699510,Artificial Intelligence and Data Science,Un-Aided Autonomous,Unknown,DEFOPENS,36894,89.1476381,D,S,OPEN,B.Tech,2025,4
'06156,"Marathwada Mitra Mandal's College of Engineering, Karvenagar, Pune",'0615699510,Artificial Intelligence and Data Science,Un-Aided Autonomous,Unknown,TFWS,16034,95.3983854,T,S,TFWS,B.Tech,2025,4
'06156,"Marathwada Mitra Mandal's College of Engineering, Karvenagar, Pune",'0615699510,Artificial Intelligence and Data Science,Un-Aided Autonomous,Unknown,EWS,36796,89.1725752,E,S,EWS,B.Tech,2025,4
'06156,"Marathwada Mitra Mandal's College of Engineering, Karvenagar, Pune",'0615699510,Artificial Intelligence and Data Science,Un-Aided Autonomous,Unknown,PWDOPENS,19256,94.4637991,P,S,PWD,B.Tech,2025,4
'06156,"Marathwada Mitra Mandal's College of Engineering, Karvenagar, Pune",'0615699510,Artificial Intelligence and Data Science,Un-Aided Autonomous,Unknown,PWDOBCS,20498,94.0630992,P,S,PWD,B.Tech,2025,4
'06175,"Pimpri Chinchwad Education Trust, Pimpri Chinchwad College of Engineering, Pune",'0617519110,Civil Engineering,Un-Aided Autonomous,Unknown,GVJS,50534,84.8811189,G,S,VJ,B.Tech,2025,4
'06175,"Pimpri Chinchwad Education Trust, Pimpri Chinchwad College of Engineering, Pune",'0617519110,Civil Engineering,Un-Aided Autonomous,Unknown,LOPENS,16643,95.2281725,L,S,OPEN,B.Tech,2025,4
'06175,"Pimpri Chinchwad Education Trust, Pimpri Chinchwad College of Engineering, Pune",'0617524510,Computer Engineering,Un-Aided Autonomous,Unknown,GOPENS,4266,98.7329183,G,S,OPEN,B.Tech,2025,4
'06175,"Pimpri Chinchwad Education Trust, Pimpri Chinchwad College of Engineering, Pune",'0617524510,Computer Engineering,Un-Aided Autonomous,Unknown,GOBCS,4783,98.5969299,G,S,OBC,B.Tech,2025,4
'06175,"Pimpri Chinchwad Education Trust, Pimpri Chinchwad College of Engineering, Pune",'0617524510,Computer Engineering,Un-Aided Autonomous,Unknown,GSEBCS,5625,98.3671329,G,S,SEBC,B.Tech,2025,4
'06175,"Pimpri Chinchwad Education Trust, Pimpri Chinchwad College of Engineering, Pune",'0617524510,Computer Engineering,Un-Aided Autonomous,Unknown,LOPENS,4699,98.6211176,L,S,OPEN,B.Tech,2025,4
'06175,"Pimpri Chinchwad Education Trust, Pimpri Chinchwad College of Engineering, Pune",'0617524510,Computer Engineering,Un-Aided Autonomous,Unknown,LSCS,26989,92.0891128,L,S,SC,B.Tech,2025,4
'06175,"Pimpri Chinchwad Education Trust, Pimpri Chinchwad College of Engineering, Pune",'0617524510,Computer Engineering,Un-Aided Autonomous,Unknown,LNT1S,14223,95.9261851,L,S,NT1,B.Tech,2025,4
'06175,"Pimpri Chinchwad Education Trust, Pimpri Chinchwad College of Engineering, Pune",'0617524510,Computer Engineering,Un-Aided Autonomous,Unknown,LOBCS,5936,98.2737044,L,S,OBC,B.Tech,2025,4
'06175,"Pimpri Chinchwad Education Trust, Pimpri Chinchwad College of Engineering, Pune",'0617524510,Computer Engineering,Un-Aided Autonomous,Unknown,EWS,9050,97.4048265,E,S,EWS,B.Tech,2025,4
'06175,"Pimpri Chinchwad Education Trust, Pimpri Chinchwad College of Engineering, Pune",'0617524590L,Computer Engineering,Un-Aided Autonomous,Unknown,GOPENS,6321,98.1818182,G,S,OPEN,B.Tech,2025,4
'06175,"Pimpri Chinchwad Education Trust, Pimpri Chinchwad College of Engineering, Pune",'0617524590L,Computer Engineering,Un-Aided Autonomous,Unknown,GSCS,23279,93.2557369,G,S,SC,B.Tech,2025,4
'06175,"Pimpri Chinchwad Education Trust, Pimpri Chinchwad College of Engineering, Pune",'0617524590L,Computer Engineering,Un-Aided Autonomous,Unknown,GOBCS,7001,97.9799373,G,S,OBC,B.Tech,2025,4
'06175,"Pimpri Chinchwad Education Trust, Pimpri Chinchwad College of Engineering, Pune",'0617524590L,Computer Engineering,Un-Aided Autonomous,Unknown,GSEBCS,6847,98.0215953,G,S,SEBC,B.Tech,2025,4
'06175,"Pimpri Chinchwad Education Trust, Pimpri Chinchwad College of Engineering, Pune",'0617524590L,Computer Engineering,Un-Aided Autonomous,Unknown,LOPENS,7145,97.9506368,L,S,OPEN,B.Tech,2025,4
'06175,"Pimpri Chinchwad Education Trust, Pimpri Chinchwad College of Engineering, Pune",'0617524590L,Computer Engineering,Un-Aided Autonomous,Unknown,EWS,10282,97.0434844,E,S,EWS,B.Tech,2025,4
'06175,"Pimpri Chinchwad Education Trust, Pimpri Chinchwad College of Engineering, Pune",'0617524610,Information Technology,Un-Aided Autonomous,Unknown,GOPENS,5176,98.4901238,G,S,OPEN,B.Tech,2025,4
'06175,"Pimpri Chinchwad Education Trust, Pimpri Chinchwad College of Engineering, Pune",'0617524610,Information Technology,Un-Aided Autonomous,Unknown,GSCS,19300,94.4346290,G,S,SC,B.Tech,2025,4
'06175,"Pimpri Chinchwad Education Trust, Pimpri Chinchwad College of Engineering, Pune",'0617524610,Information Technology,Un-Aided Autonomous,Unknown,GSTS,64370,80.3575863,G,S,ST,B.Tech,2025,4
'06175,"Pimpri Chinchwad Education Trust, Pimpri Chinchwad College of Engineering, Pune",'0617524610,Information Technology,Un-Aided Autonomous,Unknown,GOBCS,6030,98.2592149,G,S,OBC,B.Tech,2025,4
'06175,"Pimpri Chinchwad Education Trust, Pimpri Chinchwad College of Engineering, Pune",'0617524610,Information Technology,Un-Aided Autonomous,Unknown,GSEBCS,6726,98.0675795,G,S,SEBC,B.Tech,2025,4
'06175,"Pimpri Chinchwad Education Trust, Pimpri Chinchwad College of Engineering, Pune",'0617524610,Information Technology,Un-Aided Autonomous,Unknown,LSCS,25556,92.5540912,L,S,SC,B.Tech,2025,4
'06175,"Pimpri Chinchwad Education Trust, Pimpri Chinchwad College of Engineering, Pune",'0617524610,Information Technology,Un-Aided Autonomous,Unknown,LNT1S,17073,95.0717753,L,S,NT1,B.Tech,2025,4
'06175,"Pimpri Chinchwad Education Trust, Pimpri Chinchwad College of Engineering, Pune",'0617524610,Information Technology,Un-Aided Autonomous,Unknown,EWS,10528,96.9753065,E,S,EWS,B.Tech,2025,4
'06175,"Pimpri Chinchwad Education Trust, Pimpri Chinchwad College of Engineering, Pune",'0617537210,Electronics and Telecommunication Engg,Un-Aided Autonomous,Unknown,GOPENS,8061,97.7061847,G,S,OPEN,B.Tech,2025,4
'06175,"Pimpri Chinchwad Education Trust, Pimpri Chinchwad College of Engineering, Pune",'0617537210,Electronics and Telecommunication Engg,Un-Aided Autonomous,Unknown,GSCS,26935,92.0891128,G,S,SC,B.Tech,2025,4
'06175,"Pimpri Chinchwad Education Trust, Pimpri Chinchwad College of Engineering, Pune",'0617537210,Electronics and Telecommunication Engg,Un-Aided Autonomous,Unknown,GOBCS,9206,97.3645465,G,S,OBC,B.Tech,2025,4
'06175,"Pimpri Chinchwad Education Trust, Pimpri Chinchwad College of Engineering, Pune",'0617537210,Electronics and Telecommunication Engg,Un-Aided Autonomous,Unknown,GSEBCS,10270,97.0577076,G,S,SEBC,B.Tech,2025,4
'06175,"Pimpri Chinchwad Education Trust, Pimpri Chinchwad College of Engineering, Pune",'0617537210,Electronics and Telecommunication Engg,Un-Aided Autonomous,Unknown,LOPENS,8004,97.7150819,L,S,OPEN,B.Tech,2025,4
'06175,"Pimpri Chinchwad Education Trust, Pimpri Chinchwad College of Engineering, Pune",'0617537210,Electronics and Telecommunication Engg,Un-Aided Autonomous,Unknown,PWDOPENS,168637,32.0008834,P,S,PWD,B.Tech,2025,4
'06175,"Pimpri Chinchwad Education Trust, Pimpri Chinchwad College of Engineering, Pune",'0617537210,Electronics and Telecommunication Engg,Un-Aided Autonomous,Unknown,DEFOPENS,17340,94.9982450,D,S,OPEN,B.Tech,2025,4
'06175,"Pimpri Chinchwad Education Trust, Pimpri Chinchwad College of Engineering, Pune",'0617537210,Electronics and Telecommunication Engg,Un-Aided Autonomous,Unknown,EWS,15123,95.6414531,E,S,EWS,B.Tech,2025,4
'06175,"Pimpri Chinchwad Education Trust, Pimpri Chinchwad College of Engineering, Pune",'0617537210,Electronics and Telecommunication Engg,Un-Aided Autonomous,Unknown,ORPHAN,8190,97.6554186,O,N,ORPHAN,B.Tech,2025,4
'06175,"Pimpri Chinchwad Education Trust, Pimpri Chinchwad College of Engineering, Pune",'0617561210,Mechanical Engineering,Un-Aided Autonomous,Unknown,GOPENS,10808,96.9112777,G,S,OPEN,B.Tech,2025,4
'06175,"Pimpri Chinchwad Education Trust, Pimpri Chinchwad College of Engineering, Pune",'0617561210,Mechanical Engineering,Un-Aided Autonomous,Unknown,GSCS,27047,92.0769231,G,S,SC,B.Tech,2025,4
'06175,"Pimpri Chinchwad Education Trust, Pimpri Chinchwad College of Engineering, Pune",'0617561210,Mechanical Engineering,Un-Aided Autonomous,Unknown,GNT1S,18113,94.7771148,G,S,NT1,B.Tech,2025,4
'06175,"Pimpri Chinchwad Education Trust, Pimpri Chinchwad College of Engineering, Pune",'0617561210,Mechanical Engineering,Un-Aided Autonomous,Unknown,GNT3S,13430,96.1656046,G,S,NT3,B.Tech,2025,4
'06175,"Pimpri Chinchwad Education Trust, Pimpri Chinchwad College of Engineering, Pune",'0617561210,Mechanical Engineering,Un-Aided Autonomous,Unknown,GOBCS,13482,96.1512986,G,S,OBC,B.Tech,2025,4
'06175,"Pimpri Chinchwad Education Trust, Pimpri Chinchwad College of Engineering, Pune",'0617561210,Mechanical Engineering,Un-Aided Autonomous,Unknown,GSEBCS,10991,96.8396626,G,S,SEBC,B.Tech,2025,4
'06175,"Pimpri Chinchwad Education Trust, Pimpri Chinchwad College of Engineering, Pune",'0617561210,Mechanical Engineering,Un-Aided Autonomous,Unknown,LOBCS,12717,96.3441008,L,S,OBC,B.Tech,2025,4
'06175,"Pimpri Chinchwad Education Trust, Pimpri Chinchwad College of Engineering, Pune",'0617561210,Mechanical Engineering,Un-Aided Autonomous,Unknown,DEFOPENS,18994,94.5106235,D,S,OPEN,B.Tech,2025,4
'06175,"Pimpri Chinchwad Education Trust, Pimpri Chinchwad College of Engineering, Pune",'0617561210,Mechanical Engineering,Un-Aided Autonomous,Unknown,TFWS,11338,96.7731969,T,S,TFWS,B.Tech,2025,4
'06175,"Pimpri Chinchwad Education Trust, Pimpri Chinchwad College of Engineering, Pune",'0617561210,Mechanical Engineering,Un-Aided Autonomous,Unknown,DEFROBCS,51463,84.5627208,D,S,OBC,B.Tech,2025,4
'06175,"Pimpri Chinchwad Education Trust, Pimpri Chinchwad College of Engineering, Pune",'0617561210,Mechanical Engineering,Un-Aided Autonomous,Unknown,EWS,34272,89.9712654,E,S,EWS,B.Tech,2025,4
'06175,"Pimpri Chinchwad Education Trust, Pimpri Chinchwad College of Engineering, Pune",'0617561210,Mechanical Engineering,Un-Aided Autonomous,Unknown,ORPHAN,11819,96.6434983,O,N,ORPHAN,B.Tech,2025,4
'06175,"Pimpri Chinchwad Education Trust, Pimpri Chinchwad College of Engineering, Pune",'0617591110,Computer Science and Engineering(Artificial Intelligence and Machine Learning),Un-Aided Autonomous,Unknown,GOPENS,5340,98.4416943,G,S,OPEN,B.Tech,2025,4
'06175,"Pimpri Chinchwad Education Trust, Pimpri Chinchwad College of Engineering, Pune",'0617591110,Computer Science and Engineering(Artificial Intelligence and Machine Learning),Un-Aided Autonomous,Unknown,GSCS,20827,93.9467062,G,S,SC,B.Tech,2025,4
'06175,"Pimpri Chinchwad Education Trust, Pimpri Chinchwad College of Engineering, Pune",'0617591110,Computer Science and Engineering(Artificial Intelligence and Machine Learning),Un-Aided Autonomous,Unknown,GSEBCS,7016,97.9790210,G,S,SEBC,B.Tech,2025,4
'06175,"Pimpri Chinchwad Education Trust, Pimpri Chinchwad College of Engineering, Pune",'0617591110,Computer Science and Engineering(Artificial Intelligence and Machine Learning),Un-Aided Autonomous,Unknown,EWS,6536,98.1051898,E,S,EWS,B.Tech,2025,4
'06177,"Sinhgad College of Engineering, Vadgaon (BK), Pune",'0617708210,Bio Technology,Un-Aided,Unknown,GOPENH,31742,91.3188803,G,H,OPEN,B.Tech,2025,4
'06177,"Sinhgad College of Engineering, Vadgaon (BK), Pune",'0617708210,Bio Technology,Un-Aided,Unknown,GSCH,56063,84.4668307,G,H,SC,B.Tech,2025,4
'06177,"Sinhgad College of Engineering, Vadgaon (BK), Pune",'0617708210,Bio Technology,Un-Aided,Unknown,GSEBCH,66283,81.1967017,G,H,SEBC,B.Tech,2025,4
'06177,"Sinhgad College of Engineering, Vadgaon (BK), Pune",'0617708210,Bio Technology,Un-Aided,Unknown,LOPENH,18039,95.1476501,L,H,OPEN,B.Tech,2025,4
'06177,"Sinhgad College of Engineering, Vadgaon (BK), Pune",'0617708210,Bio Technology,Un-Aided,Unknown,LOBCH,45232,87.4926600,L,H,OBC,B.Tech,2025,4
'06177,"Sinhgad College of Engineering, Vadgaon (BK), Pune",'0617708210,Bio Technology,Un-Aided,Unknown,LSEBCH,76988,78.1688442,L,H,SEBC,B.Tech,2025,4
'06177,"Sinhgad College of Engineering, Vadgaon (BK), Pune",'0617708210,Bio Technology,Un-Aided,Unknown,LSTH,34940,90.4368243,L,H,ST,B.Tech,2025,4
'06177,"Sinhgad College of Engineering, Vadgaon (BK), Pune",'0617719110,Civil Engineering,Un-Aided,Unknown,GOPENH,53491,83.9367933,G,H,OPEN,B.Tech,2025,4
'06177,"Sinhgad College of Engineering, Vadgaon (BK), Pune",'0617719110,Civil Engineering,Un-Aided,Unknown,GSCH,108885,63.5767823,G,H,SC,B.Tech,2025,4
'06177,"Sinhgad College of Engineering, Vadgaon (BK), Pune",'0617719110,Civil Engineering,Un-Aided,Unknown,GNT3H,104419,65.6692751,G,H,NT3,B.Tech,2025,4
'06177,"Sinhgad College of Engineering, Vadgaon (BK), Pune",'0617719110,Civil Engineering,Un-Aided,Unknown,GOBCH,89400,71.5562808,G,H,OBC,B.Tech,2025,4
'06177,"Sinhgad College of Engineering, Vadgaon (BK), Pune",'0617719110,Civil Engineering,Un-Aided,Unknown,LOPENH,76771,76.2716859,L,H,OPEN,B.Tech,2025,4
'06177,"Sinhgad College of Engineering, Vadgaon (BK), Pune",'0617719110,Civil Engineering,Un-Aided,Unknown,LOBCH,100705,67.1459332,L,H,OBC,B.Tech,2025,4
'06177,"Sinhgad College of Engineering, Vadgaon (BK), Pune",'0617719110,Civil Engineering,Un-Aided,Unknown,PWDOBCH,76864,76.2716859,P,H,PWD,B.Tech,2025,4
'06177,"Sinhgad College of Engineering, Vadgaon (BK), Pune",'0617724510,Computer Engineering,Un-Aided,Unknown,GOPENH,22464,93.4773416,G,H,OPEN,B.Tech,2025,4
'06177,"Sinhgad College of Engineering, Vadgaon (BK), Pune",'0617724510,Computer Engineering,Un-Aided,Unknown,GVJH,47117,85.9124978,G,H,VJ,B.Tech,2025,4
'06177,"Sinhgad College of Engineering, Vadgaon (BK), Pune",'0617724510,Computer Engineering,Un-Aided,Unknown,GOBCH,22948,93.3531469,G,H,OBC,B.Tech,2025,4
'06177,"Sinhgad College of Engineering, Vadgaon (BK), Pune",'0617724510,Computer Engineering,Un-Aided,Unknown,GSEBCH,24977,92.7190965,G,H,SEBC,B.Tech,2025,4
'06177,"Sinhgad College of Engineering, Vadgaon (BK), Pune",'0617724510,Computer Engineering,Un-Aided,Unknown,LOPENH,20377,94.0956622,L,H,OPEN,B.Tech,2025,4
'06177,"Sinhgad College of Engineering, Vadgaon (BK), Pune",'0617724510,Computer Engineering,Un-Aided,Unknown,LSEBCH,26144,92.3780367,L,H,SEBC,B.Tech,2025,4
'06177,"Sinhgad College of Engineering, Vadgaon (BK), Pune",'0617724510,Computer Engineering,Un-Aided,Unknown,PWDOPENH,21704,93.6950602,P,H,PWD,B.Tech,2025,4
'06177,"Sinhgad College of Engineering, Vadgaon (BK), Pune",'0617724610,Information Technology,Un-Aided,Unknown,GOPENH,24760,92.7867133,G,H,OPEN,B.Tech,2025,4
'06177,"Sinhgad College of Engineering, Vadgaon (BK), Pune",'0617724610,Information Technology,Un-Aided,Unknown,GOBCH,25778,92.4545035,G,H,OBC,B.Tech,2025,4
'06177,"Sinhgad College of Engineering, Vadgaon (BK), Pune",'0617724610,Information Technology,Un-Aided,Unknown,GSEBCH,31894,90.6536517,G,H,SEBC,B.Tech,2025,4
'06177,"Sinhgad College of Engineering, Vadgaon (BK), Pune",'0617724610,Information Technology,Un-Aided,Unknown,LOPENH,23563,93.1561968,L,H,OPEN,B.Tech,2025,4
'06177,"Sinhgad College of Engineering, Vadgaon (BK), Pune",'0617724610,Information Technology,Un-Aided,Unknown,LNT1H,47329,85.9058498,L,H,NT1,B.Tech,2025,4
'06177,"Sinhgad College of Engineering, Vadgaon (BK), Pune",'0617724610,Information Technology,Un-Aided,Unknown,LSEBCH,34758,89.8231024,L,H,SEBC,B.Tech,2025,4
'06177,"Sinhgad College of Engineering, Vadgaon (BK), Pune",'0617737210,Electronics and Telecommunication Engg,Un-Aided,Unknown,GOPENH,41666,87.6831328,G,H,OPEN,B.Tech,2025,4
'06177,"Sinhgad College of Engineering, Vadgaon (BK), Pune",'0617737210,Electronics and Telecommunication Engg,Un-Aided,Unknown,GNT2H,48460,85.5207245,G,H,NT2,B.Tech,2025,4
'06177,"Sinhgad College of Engineering, Vadgaon (BK), Pune",'0617737210,Electronics and Telecommunication Engg,Un-Aided,Unknown,GOBCH,45790,86.3869833,G,H,OBC,B.Tech,2025,4
'06177,"Sinhgad College of Engineering, Vadgaon (BK), Pune",'0617737210,Electronics and Telecommunication Engg,Un-Aided,Unknown,GSEBCH,46837,85.9646097,G,H,SEBC,B.Tech,2025,4
'06177,"Sinhgad College of Engineering, Vadgaon (BK), Pune",'0617737210,Electronics and Telecommunication Engg,Un-Aided,Unknown,LOPENH,31526,90.6820865,L,H,OPEN,B.Tech,2025,4
'06177,"Sinhgad College of Engineering, Vadgaon (BK), Pune",'0617737210,Electronics and Telecommunication Engg,Un-Aided,Unknown,LNT2H,58160,82.3938224,L,H,NT2,B.Tech,2025,4
'06177,"Sinhgad College of Engineering, Vadgaon (BK), Pune",'0617737210,Electronics and Telecommunication Engg,Un-Aided,Unknown,LOBCH,42069,87.5666075,L,H,OBC,B.Tech,2025,4
'06177,"Sinhgad College of Engineering, Vadgaon (BK), Pune",'0617737210,Electronics and Telecommunication Engg,Un-Aided,Unknown,LSEBCH,41449,87.6872170,L,H,SEBC,B.Tech,2025,4
'06177,"Sinhgad College of Engineering, Vadgaon (BK), Pune",'0617737210,Electronics and Telecommunication Engg,Un-Aided,Unknown,GSTH,42823,87.3181818,G,H,ST,B.Tech,2025,4
'06177,"Sinhgad College of Engineering, Vadgaon (BK), Pune",'0617750710,Chemical Engineering,Un-Aided,Unknown,GOPENH,42889,87.3181818,G,H,OPEN,B.Tech,2025,4
'06177,"Sinhgad College of Engineering, Vadgaon (BK), Pune",'0617750710,Chemical Engineering,Un-Aided,Unknown,GSCH,127466,55.2744499,G,H,SC,B.Tech,2025,4
'06177,"Sinhgad College of Engineering, Vadgaon (BK), Pune",'0617750710,Chemical Engineering,Un-Aided,Unknown,GOBCH,83019,73.7482517,G,H,OBC,B.Tech,2025,4
'06177,"Sinhgad College of Engineering, Vadgaon (BK), Pune",'0617750710,Chemical Engineering,Un-Aided,Unknown,GSTH,77149,75.8001957,G,H,ST,B.Tech,2025,4
'06177,"Sinhgad College of Engineering, Vadgaon (BK), Pune",'0617761210,Mechanical Engineering,Un-Aided,Unknown,GOPENH,68829,78.8357161,G,H,OPEN,B.Tech,2025,4
'06177,"Sinhgad College of Engineering, Vadgaon (BK), Pune",'0617761210,Mechanical Engineering,Un-Aided,Unknown,GSCH,102657,66.3795642,G,H,SC,B.Tech,2025,4
'06177,"Sinhgad College of Engineering, Vadgaon (BK), Pune",'0617761210,Mechanical Engineering,Un-Aided,Unknown,GVJH,137304,50.4913264,G,H,VJ,B.Tech,2025,4
'06177,"Sinhgad College of Engineering, Vadgaon (BK), Pune",'0617761210,Mechanical Engineering,Un-Aided,Unknown,GNT2H,98885,68.1164395,G,H,NT2,B.Tech,2025,4
'06177,"Sinhgad College of Engineering, Vadgaon (BK), Pune",'0617761210,Mechanical Engineering,Un-Aided,Unknown,GNT3H,79534,75.2107280,G,H,NT3,B.Tech,2025,4
'06177,"Sinhgad College of Engineering, Vadgaon (BK), Pune",'0617761210,Mechanical Engineering,Un-Aided,Unknown,GOBCH,77235,75.8001957,G,H,OBC,B.Tech,2025,4
'06177,"Sinhgad College of Engineering, Vadgaon (BK), Pune",'0617761210,Mechanical Engineering,Un-Aided,Unknown,GSEBCH,79990,75.1927485,G,H,SEBC,B.Tech,2025,4
'06177,"Sinhgad College of Engineering, Vadgaon (BK), Pune",'0617761210,Mechanical Engineering,Un-Aided,Unknown,LOPENH,74065,77.0149774,L,H,OPEN,B.Tech,2025,4
'06177,"Sinhgad College of Engineering, Vadgaon (BK), Pune",'0617761210,Mechanical Engineering,Un-Aided,Unknown,LSCH,141257,47.8905633,L,H,SC,B.Tech,2025,4
'06177,"Sinhgad College of Engineering, Vadgaon (BK), Pune",'0617761210,Mechanical Engineering,Un-Aided,Unknown,LSEBCH,120938,58.4401523,L,H,SEBC,B.Tech,2025,4
'06177,"Sinhgad College of Engineering, Vadgaon (BK), Pune",'0617761210,Mechanical Engineering,Un-Aided,Unknown,PWDOPENH,60854,81.6328671,P,H,PWD,B.Tech,2025,4
'06177,"Sinhgad College of Engineering, Vadgaon (BK), Pune",'0617761210,Mechanical Engineering,Un-Aided,Unknown,PWDSCH,129462,54.1537389,P,H,PWD,B.Tech,2025,4
'06177,"Sinhgad College of Engineering, Vadgaon (BK), Pune",'0617761210,Mechanical Engineering,Un-Aided,Unknown,LSTH,78727,75.4048881,L,H,ST,B.Tech,2025,4
'06178,"Sinhgad Technical Education Society's Smt. Kashibai Navale College of Engineering,Vadgaon,Pune",'0617824510,Computer Engineering,Un-Aided,Unknown,GOPENH,27029,92.0769231,G,H,OPEN,B.Tech,2025,4
'06178,"Sinhgad Technical Education Society's Smt. Kashibai Navale College of Engineering,Vadgaon,Pune",'0617824510,Computer Engineering,Un-Aided,Unknown,GSCH,50132,85.0571556,G,H,SC,B.Tech,2025,4
'06178,"Sinhgad Technical Education Society's Smt. Kashibai Navale College of Engineering,Vadgaon,Pune",'0617824510,Computer Engineering,Un-Aided,Unknown,GSTH,203271,0.7037177,G,H,ST,B.Tech,2025,4
'06178,"Sinhgad Technical Education Society's Smt. Kashibai Navale College of Engineering,Vadgaon,Pune",'0617824510,Computer Engineering,Un-Aided,Unknown,GNT2H,37398,88.9609194,G,H,NT2,B.Tech,2025,4
'06178,"Sinhgad Technical Education Society's Smt. Kashibai Navale College of Engineering,Vadgaon,Pune",'0617824510,Computer Engineering,Un-Aided,Unknown,GOBCH,29330,91.3979682,G,H,OBC,B.Tech,2025,4
'06178,"Sinhgad Technical Education Society's Smt. Kashibai Navale College of Engineering,Vadgaon,Pune",'0617824510,Computer Engineering,Un-Aided,Unknown,GSEBCH,31955,90.6332693,G,H,SEBC,B.Tech,2025,4
'06178,"Sinhgad Technical Education Society's Smt. Kashibai Navale College of Engineering,Vadgaon,Pune",'0617824510,Computer Engineering,Un-Aided,Unknown,LOPENH,27508,91.9726220,L,H,OPEN,B.Tech,2025,4
'06178,"Sinhgad Technical Education Society's Smt. Kashibai Navale College of Engineering,Vadgaon,Pune",'0617824510,Computer Engineering,Un-Aided,Unknown,LNT2H,35489,89.5355262,L,H,NT2,B.Tech,2025,4
'06178,"Sinhgad Technical Education Society's Smt. Kashibai Navale College of Engineering,Vadgaon,Pune",'0617824510,Computer Engineering,Un-Aided,Unknown,LOBCH,28643,91.6544074,L,H,OBC,B.Tech,2025,4
'06178,"Sinhgad Technical Education Society's Smt. Kashibai Navale College of Engineering,Vadgaon,Pune",'0617824610,Information Technology,Un-Aided,Unknown,GOPENH,30463,91.0675835,G,H,OPEN,B.Tech,2025,4
'06178,"Sinhgad Technical Education Society's Smt. Kashibai Navale College of Engineering,Vadgaon,Pune",'0617824610,Information Technology,Un-Aided,Unknown,GSCH,61640,81.2846613,G,H,SC,B.Tech,2025,4
'06178,"Sinhgad Technical Education Society's Smt. Kashibai Navale College of Engineering,Vadgaon,Pune",'0617824610,Information Technology,Un-Aided,Unknown,GNT2H,40644,87.9466479,G,H,NT2,B.Tech,2025,4
'06178,"Sinhgad Technical Education Society's Smt. Kashibai Navale College of Engineering,Vadgaon,Pune",'0617824610,Information Technology,Un-Aided,Unknown,GOBCH,32875,90.3566434,G,H,OBC,B.Tech,2025,4
'06178,"Sinhgad Technical Education Society's Smt. Kashibai Navale College of Engineering,Vadgaon,Pune",'0617824610,Information Technology,Un-Aided,Unknown,GSEBCH,36814,89.1725752,G,H,SEBC,B.Tech,2025,4
'06178,"Sinhgad Technical Education Society's Smt. Kashibai Navale College of Engineering,Vadgaon,Pune",'0617824610,Information Technology,Un-Aided,Unknown,LOPENH,29340,91.3979682,L,H,OPEN,B.Tech,2025,4
'06178,"Sinhgad Technical Education Society's Smt. Kashibai Navale College of Engineering,Vadgaon,Pune",'0617824610,Information Technology,Un-Aided,Unknown,LOBCH,30241,91.0751777,L,H,OBC,B.Tech,2025,4
'06178,"Sinhgad Technical Education Society's Smt. Kashibai Navale College of Engineering,Vadgaon,Pune",'0617837210,Electronics and Telecommunication Engg,Un-Aided,Unknown,GOPENH,51297,84.6215640,G,H,OPEN,B.Tech,2025,4
'06178,"Sinhgad Technical Education Society's Smt. Kashibai Navale College of Engineering,Vadgaon,Pune",'0617837210,Electronics and Telecommunication Engg,Un-Aided,Unknown,GSCH,85944,72.8948543,G,H,SC,B.Tech,2025,4
'06178,"Sinhgad Technical Education Society's Smt. Kashibai Navale College of Engineering,Vadgaon,Pune",'0617837210,Electronics and Telecommunication Engg,Un-Aided,Unknown,GVJH,139589,49.3416227,G,H,VJ,B.Tech,2025,4
'06178,"Sinhgad Technical Education Society's Smt. Kashibai Navale College of Engineering,Vadgaon,Pune",'0617837210,Electronics and Telecommunication Engg,Un-Aided,Unknown,GOBCH,57087,82.8372770,G,H,OBC,B.Tech,2025,4
'06178,"Sinhgad Technical Education Society's Smt. Kashibai Navale College of Engineering,Vadgaon,Pune",'0617837210,Electronics and Telecommunication Engg,Un-Aided,Unknown,GSEBCH,58866,82.2162613,G,H,SEBC,B.Tech,2025,4
'06178,"Sinhgad Technical Education Society's Smt. Kashibai Navale College of Engineering,Vadgaon,Pune",'0617837210,Electronics and Telecommunication Engg,Un-Aided,Unknown,LOPENH,45187,86.6223776,L,H,OPEN,B.Tech,2025,4
'06178,"Sinhgad Technical Education Society's Smt. Kashibai Navale College of Engineering,Vadgaon,Pune",'0617837210,Electronics and Telecommunication Engg,Un-Aided,Unknown,LOBCH,47261,85.9058498,L,H,OBC,B.Tech,2025,4
'06178,"Sinhgad Technical Education Society's Smt. Kashibai Navale College of Engineering,Vadgaon,Pune",'0617837210,Electronics and Telecommunication Engg,Un-Aided,Unknown,PWDOPENH,50973,84.7618697,P,H,PWD,B.Tech,2025,4
'06178,"Sinhgad Technical Education Society's Smt. Kashibai Navale College of Engineering,Vadgaon,Pune",'0617837210,Electronics and Telecommunication Engg,Un-Aided,Unknown,PWDSEBCH,52918,84.1131441,P,H,PWD,B.Tech,2025,4
'06178,"Sinhgad Technical Education Society's Smt. Kashibai Navale College of Engineering,Vadgaon,Pune",'0617861210,Mechanical Engineering,Un-Aided,Unknown,GOPENH,97344,68.4887011,G,H,OPEN,B.Tech,2025,4
'06178,"Sinhgad Technical Education Society's Smt. Kashibai Navale College of Engineering,Vadgaon,Pune",'0617861210,Mechanical Engineering,Un-Aided,Unknown,GSCH,137648,50.3223138,G,H,SC,B.Tech,2025,4
'06178,"Sinhgad Technical Education Society's Smt. Kashibai Navale College of Engineering,Vadgaon,Pune",'0617861210,Mechanical Engineering,Un-Aided,Unknown,GNT2H,114395,61.1295449,G,H,NT2,B.Tech,2025,4
'06178,"Sinhgad Technical Education Society's Smt. Kashibai Navale College of Engineering,Vadgaon,Pune",'0617861210,Mechanical Engineering,Un-Aided,Unknown,GOBCH,101076,66.9498069,G,H,OBC,B.Tech,2025,4
'06178,"Sinhgad Technical Education Society's Smt. Kashibai Navale College of Engineering,Vadgaon,Pune",'0617861210,Mechanical Engineering,Un-Aided,Unknown,GSEBCH,114429,61.1295449,G,H,SEBC,B.Tech,2025,4
'06178,"Sinhgad Technical Education Society's Smt. Kashibai Navale College of Engineering,Vadgaon,Pune",'0617861210,Mechanical Engineering,Un-Aided,Unknown,LOPENH,92851,70.5005064,L,H,OPEN,B.Tech,2025,4
'06178,"Sinhgad Technical Education Society's Smt. Kashibai Navale College of Engineering,Vadgaon,Pune",'0617861210,Mechanical Engineering,Un-Aided,Unknown,LSCH,141850,47.7841578,L,H,SC,B.Tech,2025,4
'06178,"Sinhgad Technical Education Society's Smt. Kashibai Navale College of Engineering,Vadgaon,Pune",'0617861210,Mechanical Engineering,Un-Aided,Unknown,PWDOPENH,99340,67.8236662,P,H,PWD,B.Tech,2025,4
'06178,"Sinhgad Technical Education Society's Smt. Kashibai Navale College of Engineering,Vadgaon,Pune",'0617861210,Mechanical Engineering,Un-Aided,Unknown,PWDOBCH,101992,66.3866132,P,H,PWD,B.Tech,2025,4
'06179,"Indira College of Engineering & Management, Pune",'0617924510,Computer Engineering,Un-Aided Autonomous,Unknown,GOPENS,26625,92.2398466,G,S,OPEN,B.Tech,2025,4
'06179,"Indira College of Engineering & Management, Pune",'0617924510,Computer Engineering,Un-Aided Autonomous,Unknown,GSCS,43409,87.1376478,G,S,SC,B.Tech,2025,4
'06179,"Indira College of Engineering & Management, Pune",'0617924510,Computer Engineering,Un-Aided Autonomous,Unknown,GNT1S,46728,85.9775360,G,S,NT1,B.Tech,2025,4
'06179,"Indira College of Engineering & Management, Pune",'0617924510,Computer Engineering,Un-Aided Autonomous,Unknown,GOBCS,35562,89.5128900,G,S,OBC,B.Tech,2025,4
'06179,"Indira College of Engineering & Management, Pune",'0617924510,Computer Engineering,Un-Aided Autonomous,Unknown,LOPENS,26822,92.1378092,L,S,OPEN,B.Tech,2025,4
'06179,"Indira College of Engineering & Management, Pune",'0617924510,Computer Engineering,Un-Aided Autonomous,Unknown,LVJS,62232,81.1295102,L,S,VJ,B.Tech,2025,4
'06179,"Indira College of Engineering & Management, Pune",'0617924510,Computer Engineering,Un-Aided Autonomous,Unknown,LNT2S,52175,84.4752545,L,S,NT2,B.Tech,2025,4
'06179,"Indira College of Engineering & Management, Pune",'0617924510,Computer Engineering,Un-Aided Autonomous,Unknown,LOBCS,32822,90.3566434,L,S,OBC,B.Tech,2025,4
'06179,"Indira College of Engineering & Management, Pune",'0617924510,Computer Engineering,Un-Aided Autonomous,Unknown,LSEBCS,40937,87.9235179,L,S,SEBC,B.Tech,2025,4
'06179,"Indira College of Engineering & Management, Pune",'0617924510,Computer Engineering,Un-Aided Autonomous,Unknown,EWS,67406,79.6033896,E,S,EWS,B.Tech,2025,4
'06179,"Indira College of Engineering & Management, Pune",'0617924510,Computer Engineering,Un-Aided Autonomous,Unknown,PWDOPENS,25621,92.5367989,P,S,PWD,B.Tech,2025,4
'06179,"Indira College of Engineering & Management, Pune",'0617924510,Computer Engineering,Un-Aided Autonomous,Unknown,PWDOBCS,33483,90.1551333,P,S,PWD,B.Tech,2025,4
'06179,"Indira College of Engineering & Management, Pune",'0617924510,Computer Engineering,Un-Aided Autonomous,Unknown,GSTS,29267,91.4198717,G,S,ST,B.Tech,2025,4
'06179,"Indira College of Engineering & Management, Pune",'0617924510,Computer Engineering,Un-Aided Autonomous,Unknown,LSTS,29098,91.4692991,L,S,ST,B.Tech,2025,4
'06179,"Indira College of Engineering & Management, Pune",'0617924610,Information Technology,Un-Aided Autonomous,Unknown,GOPENS,35603,89.5128900,G,S,OPEN,B.Tech,2025,4
'06179,"Indira College of Engineering & Management, Pune",'0617924610,Information Technology,Un-Aided Autonomous,Unknown,GSCS,49083,85.2260888,G,S,SC,B.Tech,2025,4
'06179,"Indira College of Engineering & Management, Pune",'0617924610,Information Technology,Un-Aided Autonomous,Unknown,GSTS,170883,29.4125763,G,S,ST,B.Tech,2025,4
'06179,"Indira College of Engineering & Management, Pune",'0617924610,Information Technology,Un-Aided Autonomous,Unknown,GOBCS,36101,89.3412389,G,S,OBC,B.Tech,2025,4
'06179,"Indira College of Engineering & Management, Pune",'0617924610,Information Technology,Un-Aided Autonomous,Unknown,GSEBCS,38531,88.6282029,G,S,SEBC,B.Tech,2025,4
'06179,"Indira College of Engineering & Management, Pune",'0617924610,Information Technology,Un-Aided Autonomous,Unknown,LSCS,60744,81.6328671,L,S,SC,B.Tech,2025,4
'06179,"Indira College of Engineering & Management, Pune",'0617924610,Information Technology,Un-Aided Autonomous,Unknown,DEFROBCS,61064,81.5804905,D,S,OBC,B.Tech,2025,4
'06179,"Indira College of Engineering & Management, Pune",'0617924610,Information Technology,Un-Aided Autonomous,Unknown,EWS,86453,72.7429418,E,S,EWS,B.Tech,2025,4
'06179,"Indira College of Engineering & Management, Pune",'0617924610,Information Technology,Un-Aided Autonomous,Unknown,PWDOPENS,36727,89.1962092,P,S,PWD,B.Tech,2025,4
'06179,"Indira College of Engineering & Management, Pune",'0617937210,Electronics and Telecommunication Engg,Un-Aided Autonomous,Unknown,GOPENS,23446,93.1848615,G,S,OPEN,B.Tech,2025,4
'06179,"Indira College of Engineering & Management, Pune",'0617937210,Electronics and Telecommunication Engg,Un-Aided Autonomous,Unknown,GNT2S,48730,85.4179037,G,S,NT2,B.Tech,2025,4
'06179,"Indira College of Engineering & Management, Pune",'0617937210,Electronics and Telecommunication Engg,Un-Aided Autonomous,Unknown,GSEBCS,42045,87.5666075,G,S,SEBC,B.Tech,2025,4
'06179,"Indira College of Engineering & Management, Pune",'0617937210,Electronics and Telecommunication Engg,Un-Aided Autonomous,Unknown,LOPENS,37317,88.9773781,L,S,OPEN,B.Tech,2025,4
'06179,"Indira College of Engineering & Management, Pune",'0617937210,Electronics and Telecommunication Engg,Un-Aided Autonomous,Unknown,LOBCS,37997,88.7700729,L,S,OBC,B.Tech,2025,4
'06179,"Indira College of Engineering & Management, Pune",'0617937210,Electronics and Telecommunication Engg,Un-Aided Autonomous,Unknown,EWS,114026,61.5619516,E,S,EWS,B.Tech,2025,4
'06179,"Indira College of Engineering & Management, Pune",'0617937210,Electronics and Telecommunication Engg,Un-Aided Autonomous,Unknown,GSTS,42914,87.3181818,G,S,ST,B.Tech,2025,4
'06179,"Indira College of Engineering & Management, Pune",'0617961210,Mechanical Engineering,Un-Aided Autonomous,Unknown,GOPENS,56418,82.9717485,G,S,OPEN,B.Tech,2025,4
'06179,"Indira College of Engineering & Management, Pune",'0617961210,Mechanical Engineering,Un-Aided Autonomous,Unknown,GSEBCS,78854,75.4048881,G,S,SEBC,B.Tech,2025,4
'06179,"Indira College of Engineering & Management, Pune",'0617961210,Mechanical Engineering,Un-Aided Autonomous,Unknown,LOPENS,51336,84.6215640,L,S,OPEN,B.Tech,2025,4
'06179,"Indira College of Engineering & Management, Pune",'0617961210,Mechanical Engineering,Un-Aided Autonomous,Unknown,LSCS,123170,57.4376852,L,S,SC,B.Tech,2025,4
'06179,"Indira College of Engineering & Management, Pune",'0617961210,Mechanical Engineering,Un-Aided Autonomous,Unknown,LOBCS,56507,82.9717485,L,S,OBC,B.Tech,2025,4
'06179,"Indira College of Engineering & Management, Pune",'0617961210,Mechanical Engineering,Un-Aided Autonomous,Unknown,DEFOPENS,131189,53.6060165,D,S,OPEN,B.Tech,2025,4
'06179,"Indira College of Engineering & Management, Pune",'0617961210,Mechanical Engineering,Un-Aided Autonomous,Unknown,TFWS,76357,76.5279741,T,S,TFWS,B.Tech,2025,4
'06179,"Indira College of Engineering & Management, Pune",'0617961210,Mechanical Engineering,Un-Aided Autonomous,Unknown,GSTS,63693,80.7175218,G,S,ST,B.Tech,2025,4
'06179,"Indira College of Engineering & Management, Pune",'0617999510,Artificial Intelligence and Data Science,Un-Aided Autonomous,Unknown,GOPENS,27263,92.0400779,G,S,OPEN,B.Tech,2025,4
'06179,"Indira College of Engineering & Management, Pune",'0617999510,Artificial Intelligence and Data Science,Un-Aided Autonomous,Unknown,GSCS,57936,82.4521073,G,S,SC,B.Tech,2025,4
'06179,"Indira College of Engineering & Management, Pune",'0617999510,Artificial Intelligence and Data Science,Un-Aided Autonomous,Unknown,GVJS,39398,88.3176594,G,S,VJ,B.Tech,2025,4
'06179,"Indira College of Engineering & Management, Pune",'0617999510,Artificial Intelligence and Data Science,Un-Aided Autonomous,Unknown,GOBCS,34308,89.9712654,G,S,OBC,B.Tech,2025,4
'06179,"Indira College of Engineering & Management, Pune",'0617999510,Artificial Intelligence and Data Science,Un-Aided Autonomous,Unknown,GSTS,29810,91.3015715,G,S,ST,B.Tech,2025,4
'06182,"Sinhgad Technical Education Society, Sinhgad Institute of Technology and Science, Narhe (Ambegaon)",'0618219110,Civil Engineering,Un-Aided,Unknown,GOPENH,134590,51.5716400,G,H,OPEN,B.Tech,2025,4
'06182,"Sinhgad Technical Education Society, Sinhgad Institute of Technology and Science, Narhe (Ambegaon)",'0618219110,Civil Engineering,Un-Aided,Unknown,GSCH,193809,11.1328671,G,H,SC,B.Tech,2025,4
'06182,"Sinhgad Technical Education Society, Sinhgad Institute of Technology and Science, Narhe (Ambegaon)",'0618219110,Civil Engineering,Un-Aided,Unknown,GNT1H,181727,22.0346747,G,H,NT1,B.Tech,2025,4
'06182,"Sinhgad Technical Education Society, Sinhgad Institute of Technology and Science, Narhe (Ambegaon)",'0618219110,Civil Engineering,Un-Aided,Unknown,GNT3H,171610,29.0442453,G,H,NT3,B.Tech,2025,4
'06182,"Sinhgad Technical Education Society, Sinhgad Institute of Technology and Science, Narhe (Ambegaon)",'0618219110,Civil Engineering,Un-Aided,Unknown,GOBCH,169167,31.9226076,G,H,OBC,B.Tech,2025,4
'06182,"Sinhgad Technical Education Society, Sinhgad Institute of Technology and Science, Narhe (Ambegaon)",'0618219110,Civil Engineering,Un-Aided,Unknown,LOPENH,120917,58.4401523,L,H,OPEN,B.Tech,2025,4
'06182,"Sinhgad Technical Education Society, Sinhgad Institute of Technology and Science, Narhe (Ambegaon)",'0618219110,Civil Engineering,Un-Aided,Unknown,LOBCH,134010,51.7009371,L,H,OBC,B.Tech,2025,4
'06182,"Sinhgad Technical Education Society, Sinhgad Institute of Technology and Science, Narhe (Ambegaon)",'0618219110,Civil Engineering,Un-Aided,Unknown,PWDSCH,203680,0.1153036,P,H,PWD,B.Tech,2025,4
'06182,"Sinhgad Technical Education Society, Sinhgad Institute of Technology and Science, Narhe (Ambegaon)",'0618219110,Civil Engineering,Un-Aided,Unknown,GSTH,139511,49.3416227,G,H,ST,B.Tech,2025,4
'06182,"Sinhgad Technical Education Society, Sinhgad Institute of Technology and Science, Narhe (Ambegaon)",'0618224510,Computer Engineering,Un-Aided,Unknown,GOPENH,39173,88.4967904,G,H,OPEN,B.Tech,2025,4
'06182,"Sinhgad Technical Education Society, Sinhgad Institute of Technology and Science, Narhe (Ambegaon)",'0618224510,Computer Engineering,Un-Aided,Unknown,GSCH,74181,77.0149774,G,H,SC,B.Tech,2025,4
'06182,"Sinhgad Technical Education Society, Sinhgad Institute of Technology and Science, Narhe (Ambegaon)",'0618224510,Computer Engineering,Un-Aided,Unknown,GVJH,85465,73.1347962,G,H,VJ,B.Tech,2025,4
'06182,"Sinhgad Technical Education Society, Sinhgad Institute of Technology and Science, Narhe (Ambegaon)",'0618224510,Computer Engineering,Un-Aided,Unknown,GNT2H,42422,87.3499473,G,H,NT2,B.Tech,2025,4
'06182,"Sinhgad Technical Education Society, Sinhgad Institute of Technology and Science, Narhe (Ambegaon)",'0618224510,Computer Engineering,Un-Aided,Unknown,GOBCH,40533,87.9466479,G,H,OBC,B.Tech,2025,4
'06182,"Sinhgad Technical Education Society, Sinhgad Institute of Technology and Science, Narhe (Ambegaon)",'0618224510,Computer Engineering,Un-Aided,Unknown,GSEBCH,44448,86.7181467,G,H,SEBC,B.Tech,2025,4
'06182,"Sinhgad Technical Education Society, Sinhgad Institute of Technology and Science, Narhe (Ambegaon)",'0618224510,Computer Engineering,Un-Aided,Unknown,LOPENH,33086,90.2494890,L,H,OPEN,B.Tech,2025,4
'06182,"Sinhgad Technical Education Society, Sinhgad Institute of Technology and Science, Narhe (Ambegaon)",'0618224510,Computer Engineering,Un-Aided,Unknown,LOBCH,41342,87.7785554,L,H,OBC,B.Tech,2025,4
'06182,"Sinhgad Technical Education Society, Sinhgad Institute of Technology and Science, Narhe (Ambegaon)",'0618224510,Computer Engineering,Un-Aided,Unknown,GSTH,40912,87.9235179,G,H,ST,B.Tech,2025,4
'06182,"Sinhgad Technical Education Society, Sinhgad Institute of Technology and Science, Narhe (Ambegaon)",'0618224610,Information Technology,Un-Aided,Unknown,GOPENH,43661,87.0316109,G,H,OPEN,B.Tech,2025,4
'06182,"Sinhgad Technical Education Society, Sinhgad Institute of Technology and Science, Narhe (Ambegaon)",'0618224610,Information Technology,Un-Aided,Unknown,GNT1H,78838,75.4048881,G,H,NT1,B.Tech,2025,4
'06182,"Sinhgad Technical Education Society, Sinhgad Institute of Technology and Science, Narhe (Ambegaon)",'0618224610,Information Technology,Un-Aided,Unknown,GOBCH,45532,86.5435447,G,H,OBC,B.Tech,2025,4
'06182,"Sinhgad Technical Education Society, Sinhgad Institute of Technology and Science, Narhe (Ambegaon)",'0618224610,Information Technology,Un-Aided,Unknown,LOPENH,43398,87.1376478,L,H,OPEN,B.Tech,2025,4
'06182,"Sinhgad Technical Education Society, Sinhgad Institute of Technology and Science, Narhe (Ambegaon)",'0618224610,Information Technology,Un-Aided,Unknown,LNT3H,53679,83.9020979,L,H,NT3,B.Tech,2025,4
'06182,"Sinhgad Technical Education Society, Sinhgad Institute of Technology and Science, Narhe (Ambegaon)",'0618224610,Information Technology,Un-Aided,Unknown,LOBCH,43473,87.0323929,L,H,OBC,B.Tech,2025,4
'06182,"Sinhgad Technical Education Society, Sinhgad Institute of Technology and Science, Narhe (Ambegaon)",'0618224610,Information Technology,Un-Aided,Unknown,GSTH,46161,86.2351996,G,H,ST,B.Tech,2025,4
'06182,"Sinhgad Technical Education Society, Sinhgad Institute of Technology and Science, Narhe (Ambegaon)",'0618237210,Electronics and Telecommunication Engg,Un-Aided,Unknown,GOPENH,62225,81.1295102,G,H,OPEN,B.Tech,2025,4
'06182,"Sinhgad Technical Education Society, Sinhgad Institute of Technology and Science, Narhe (Ambegaon)",'0618237210,Electronics and Telecommunication Engg,Un-Aided,Unknown,GSCH,115006,60.9090909,G,H,SC,B.Tech,2025,4
'06182,"Sinhgad Technical Education Society, Sinhgad Institute of Technology and Science, Narhe (Ambegaon)",'0618237210,Electronics and Telecommunication Engg,Un-Aided,Unknown,GNT3H,81844,74.0630785,G,H,NT3,B.Tech,2025,4
'06182,"Sinhgad Technical Education Society, Sinhgad Institute of Technology and Science, Narhe (Ambegaon)",'0618237210,Electronics and Telecommunication Engg,Un-Aided,Unknown,GOBCH,69276,78.6167398,G,H,OBC,B.Tech,2025,4
'06182,"Sinhgad Technical Education Society, Sinhgad Institute of Technology and Science, Narhe (Ambegaon)",'0618237210,Electronics and Telecommunication Engg,Un-Aided,Unknown,LOPENH,57467,82.7776620,L,H,OPEN,B.Tech,2025,4
'06182,"Sinhgad Technical Education Society, Sinhgad Institute of Technology and Science, Narhe (Ambegaon)",'0618237210,Electronics and Telecommunication Engg,Un-Aided,Unknown,LSCH,108714,63.6512871,L,H,SC,B.Tech,2025,4
'06182,"Sinhgad Technical Education Society, Sinhgad Institute of Technology and Science, Narhe (Ambegaon)",'0618237210,Electronics and Telecommunication Engg,Un-Aided,Unknown,LOBCH,59475,82.1124479,L,H,OBC,B.Tech,2025,4
'06182,"Sinhgad Technical Education Society, Sinhgad Institute of Technology and Science, Narhe (Ambegaon)",'0618237210,Electronics and Telecommunication Engg,Un-Aided,Unknown,PWDSCH,99258,68.1117918,P,H,PWD,B.Tech,2025,4
'06182,"Sinhgad Technical Education Society, Sinhgad Institute of Technology and Science, Narhe (Ambegaon)",'0618261210,Mechanical Engineering,Un-Aided,Unknown,GOPENH,116525,60.4221150,G,H,OPEN,B.Tech,2025,4
'06182,"Sinhgad Technical Education Society, Sinhgad Institute of Technology and Science, Narhe (Ambegaon)",'0618261210,Mechanical Engineering,Un-Aided,Unknown,GSCH,160433,36.2260120,G,H,SC,B.Tech,2025,4
'06182,"Sinhgad Technical Education Society, Sinhgad Institute of Technology and Science, Narhe (Ambegaon)",'0618261210,Mechanical Engineering,Un-Aided,Unknown,GNT3H,129206,54.4314351,G,H,NT3,B.Tech,2025,4
'06182,"Sinhgad Technical Education Society, Sinhgad Institute of Technology and Science, Narhe (Ambegaon)",'0618261210,Mechanical Engineering,Un-Aided,Unknown,LOPENH,101971,66.4263323,L,H,OPEN,B.Tech,2025,4
'06182,"Sinhgad Technical Education Society, Sinhgad Institute of Technology and Science, Narhe (Ambegaon)",'0618261210,Mechanical Engineering,Un-Aided,Unknown,LOBCH,120087,58.8525307,L,H,OBC,B.Tech,2025,4
'06182,"Sinhgad Technical Education Society, Sinhgad Institute of Technology and Science, Narhe (Ambegaon)",'0618261210,Mechanical Engineering,Un-Aided,Unknown,PWDSCH,166372,32.5451434,P,H,PWD,B.Tech,2025,4
'06182,"Sinhgad Technical Education Society, Sinhgad Institute of Technology and Science, Narhe (Ambegaon)",'0618261210,Mechanical Engineering,Un-Aided,Unknown,GSTH,117877,59.9607019,G,H,ST,B.Tech,2025,4
'06183,"Al-Ameen Educational and Medical Foundation, College of Engineering, Koregaon, Bhima",'0618324510,Computer Engineering,Un-Aided Religious Minority - Muslim,Unknown,GOPENH,134317,51.7009371,G,H,OPEN,B.Tech,2025,4
'06183,"Al-Ameen Educational and Medical Foundation, College of Engineering, Koregaon, Bhima",'0618324510,Computer Engineering,Un-Aided Religious Minority - Muslim,Unknown,LOPENH,127168,55.2744499,L,H,OPEN,B.Tech,2025,4
'06183,"Al-Ameen Educational and Medical Foundation, College of Engineering, Koregaon, Bhima",'0618337210,Electronics and Telecommunication Engg,Un-Aided Religious Minority - Muslim,Unknown,GOPENH,202329,2.0524476,G,H,OPEN,B.Tech,2025,4
'06183,"Al-Ameen Educational and Medical Foundation, College of Engineering, Koregaon, Bhima",'0618337210,Electronics and Telecommunication Engg,Un-Aided Religious Minority - Muslim,Unknown,LOPENH,155657,39.7546871,L,H,OPEN,B.Tech,2025,4
'06183,"Al-Ameen Educational and Medical Foundation, College of Engineering, Koregaon, Bhima",'0618361210,Mechanical Engineering,Un-Aided Religious Minority - Muslim,Unknown,GOPENH,194365,10.7725189,G,H,OPEN,B.Tech,2025,4
'06183,"Al-Ameen Educational and Medical Foundation, College of Engineering, Koregaon, Bhima",'0618361210,Mechanical Engineering,Un-Aided Religious Minority - Muslim,Unknown,LOPENH,166294,32.5553935,L,H,OPEN,B.Tech,2025,4
'06184,"K. J.'s Educational Institut Trinity College of Engineering and Research, Pisoli, Haveli",'0618419110,Civil Engineering,Un-Aided Autonomous,Unknown,GOPENS,109609,63.3986014,G,S,OPEN,B.Tech,2025,4
'06184,"K. J.'s Educational Institut Trinity College of Engineering and Research, Pisoli, Haveli",'0618419110,Civil Engineering,Un-Aided Autonomous,Unknown,GSEBCS,129587,54.1537389,G,S,SEBC,B.Tech,2025,4
'06184,"K. J.'s Educational Institut Trinity College of Engineering and Research, Pisoli, Haveli",'0618419110,Civil Engineering,Un-Aided Autonomous,Unknown,LOPENS,72808,77.5384615,L,S,OPEN,B.Tech,2025,4
'06184,"K. J.'s Educational Institut Trinity College of Engineering and Research, Pisoli, Haveli",'0618419110,Civil Engineering,Un-Aided Autonomous,Unknown,LOBCS,126378,55.6405756,L,S,OBC,B.Tech,2025,4
'06184,"K. J.'s Educational Institut Trinity College of Engineering and Research, Pisoli, Haveli",'0618419110,Civil Engineering,Un-Aided Autonomous,Unknown,EWS,129157,54.4314351,E,S,EWS,B.Tech,2025,4
'06184,"K. J.'s Educational Institut Trinity College of Engineering and Research, Pisoli, Haveli",'0618424510,Computer Engineering,Un-Aided Autonomous,Unknown,GOPENS,43462,87.1376478,G,S,OPEN,B.Tech,2025,4
'06184,"K. J.'s Educational Institut Trinity College of Engineering and Research, Pisoli, Haveli",'0618424510,Computer Engineering,Un-Aided Autonomous,Unknown,GSCS,69524,78.6137148,G,S,SC,B.Tech,2025,4
'06184,"K. J.'s Educational Institut Trinity College of Engineering and Research, Pisoli, Haveli",'0618424510,Computer Engineering,Un-Aided Autonomous,Unknown,GNT1S,52852,84.1131441,G,S,NT1,B.Tech,2025,4
'06184,"K. J.'s Educational Institut Trinity College of Engineering and Research, Pisoli, Haveli",'0618424510,Computer Engineering,Un-Aided Autonomous,Unknown,GOBCS,46462,86.2041018,G,S,OBC,B.Tech,2025,4
'06184,"K. J.'s Educational Institut Trinity College of Engineering and Research, Pisoli, Haveli",'0618424510,Computer Engineering,Un-Aided Autonomous,Unknown,GSEBCS,50691,84.8736599,G,S,SEBC,B.Tech,2025,4
'06184,"K. J.'s Educational Institut Trinity College of Engineering and Research, Pisoli, Haveli",'0618424510,Computer Engineering,Un-Aided Autonomous,Unknown,LVJS,70858,78.3357644,L,S,VJ,B.Tech,2025,4
'06184,"K. J.'s Educational Institut Trinity College of Engineering and Research, Pisoli, Haveli",'0618424510,Computer Engineering,Un-Aided Autonomous,Unknown,EWS,64968,80.0000000,E,S,EWS,B.Tech,2025,4
'06184,"K. J.'s Educational Institut Trinity College of Engineering and Research, Pisoli, Haveli",'0618424510,Computer Engineering,Un-Aided Autonomous,Unknown,LSTS,43805,86.9651776,L,S,ST,B.Tech,2025,4
'06184,"K. J.'s Educational Institut Trinity College of Engineering and Research, Pisoli, Haveli",'0618424610,Information Technology,Un-Aided Autonomous,Unknown,GOPENS,47383,85.9011570,G,S,OPEN,B.Tech,2025,4
'06184,"K. J.'s Educational Institut Trinity College of Engineering and Research, Pisoli, Haveli",'0618424610,Information Technology,Un-Aided Autonomous,Unknown,GSCS,84847,73.4354379,G,S,SC,B.Tech,2025,4
'06184,"K. J.'s Educational Institut Trinity College of Engineering and Research, Pisoli, Haveli",'0618424610,Information Technology,Un-Aided Autonomous,Unknown,GNT1S,73319,77.1631566,G,S,NT1,B.Tech,2025,4
'06184,"K. J.'s Educational Institut Trinity College of Engineering and Research, Pisoli, Haveli",'0618424610,Information Technology,Un-Aided Autonomous,Unknown,GNT3S,75010,76.8973331,G,S,NT3,B.Tech,2025,4
'06184,"K. J.'s Educational Institut Trinity College of Engineering and Research, Pisoli, Haveli",'0618424610,Information Technology,Un-Aided Autonomous,Unknown,LOPENS,53485,83.9367933,L,S,OPEN,B.Tech,2025,4
'06184,"K. J.'s Educational Institut Trinity College of Engineering and Research, Pisoli, Haveli",'0618424610,Information Technology,Un-Aided Autonomous,Unknown,LSCS,96243,68.9620341,L,S,SC,B.Tech,2025,4
'06184,"K. J.'s Educational Institut Trinity College of Engineering and Research, Pisoli, Haveli",'0618424610,Information Technology,Un-Aided Autonomous,Unknown,TFWS,39030,88.5033286,T,S,TFWS,B.Tech,2025,4
'06184,"K. J.'s Educational Institut Trinity College of Engineering and Research, Pisoli, Haveli",'0618424610,Information Technology,Un-Aided Autonomous,Unknown,EWS,75384,76.8955509,E,S,EWS,B.Tech,2025,4
'06184,"K. J.'s Educational Institut Trinity College of Engineering and Research, Pisoli, Haveli",'0618424610,Information Technology,Un-Aided Autonomous,Unknown,GSTS,47435,85.9011570,G,S,ST,B.Tech,2025,4
'06184,"K. J.'s Educational Institut Trinity College of Engineering and Research, Pisoli, Haveli",'0618429310,Electrical Engineering,Un-Aided Autonomous,Unknown,GOPENS,98289,68.2382408,G,S,OPEN,B.Tech,2025,4
'06184,"K. J.'s Educational Institut Trinity College of Engineering and Research, Pisoli, Haveli",'0618429310,Electrical Engineering,Un-Aided Autonomous,Unknown,GSCS,106922,64.3871019,G,S,SC,B.Tech,2025,4
'06184,"K. J.'s Educational Institut Trinity College of Engineering and Research, Pisoli, Haveli",'0618429310,Electrical Engineering,Un-Aided Autonomous,Unknown,GOBCS,105754,65.3084343,G,S,OBC,B.Tech,2025,4
'06184,"K. J.'s Educational Institut Trinity College of Engineering and Research, Pisoli, Haveli",'0618429310,Electrical Engineering,Un-Aided Autonomous,Unknown,LOPENS,86008,72.8948543,L,S,OPEN,B.Tech,2025,4
'06184,"K. J.'s Educational Institut Trinity College of Engineering and Research, Pisoli, Haveli",'0618429310,Electrical Engineering,Un-Aided Autonomous,Unknown,LSEBCS,115119,60.8775137,L,S,SEBC,B.Tech,2025,4
'06184,"K. J.'s Educational Institut Trinity College of Engineering and Research, Pisoli, Haveli",'0618429310,Electrical Engineering,Un-Aided Autonomous,Unknown,TFWS,77223,75.8001957,T,S,TFWS,B.Tech,2025,4
'06184,"K. J.'s Educational Institut Trinity College of Engineering and Research, Pisoli, Haveli",'0618429310,Electrical Engineering,Un-Aided Autonomous,Unknown,LVJS,112248,62.1365556,L,S,VJ,B.Tech,2025,4
'06184,"K. J.'s Educational Institut Trinity College of Engineering and Research, Pisoli, Haveli",'0618429310,Electrical Engineering,Un-Aided Autonomous,Unknown,DEFOBCS,98312,68.2382408,D,S,OBC,B.Tech,2025,4
'06184,"K. J.'s Educational Institut Trinity College of Engineering and Research, Pisoli, Haveli",'0618429310,Electrical Engineering,Un-Aided Autonomous,Unknown,PWDOPENS,103876,65.8992965,P,S,PWD,B.Tech,2025,4
'06184,"K. J.'s Educational Institut Trinity College of Engineering and Research, Pisoli, Haveli",'0618429310,Electrical Engineering,Un-Aided Autonomous,Unknown,GSTS,99604,67.8236662,G,S,ST,B.Tech,2025,4
'06184,"K. J.'s Educational Institut Trinity College of Engineering and Research, Pisoli, Haveli",'0618437210,Electronics and Telecommunication Engg,Un-Aided Autonomous,Unknown,GOPENS,66752,79.6986029,G,S,OPEN,B.Tech,2025,4
'06184,"K. J.'s Educational Institut Trinity College of Engineering and Research, Pisoli, Haveli",'0618437210,Electronics and Telecommunication Engg,Un-Aided Autonomous,Unknown,GSCS,94166,69.8498837,G,S,SC,B.Tech,2025,4
'06184,"K. J.'s Educational Institut Trinity College of Engineering and Research, Pisoli, Haveli",'0618437210,Electronics and Telecommunication Engg,Un-Aided Autonomous,Unknown,GOBCS,67478,79.6033896,G,S,OBC,B.Tech,2025,4
'06184,"K. J.'s Educational Institut Trinity College of Engineering and Research, Pisoli, Haveli",'0618437210,Electronics and Telecommunication Engg,Un-Aided Autonomous,Unknown,GSEBCS,68923,78.6729363,G,S,SEBC,B.Tech,2025,4
'06184,"K. J.'s Educational Institut Trinity College of Engineering and Research, Pisoli, Haveli",'0618437210,Electronics and Telecommunication Engg,Un-Aided Autonomous,Unknown,LOPENS,50655,84.8736599,L,S,OPEN,B.Tech,2025,4
'06184,"K. J.'s Educational Institut Trinity College of Engineering and Research, Pisoli, Haveli",'0618437210,Electronics and Telecommunication Engg,Un-Aided Autonomous,Unknown,TFWS,64792,80.3531469,T,S,TFWS,B.Tech,2025,4
'06184,"K. J.'s Educational Institut Trinity College of Engineering and Research, Pisoli, Haveli",'0618437210,Electronics and Telecommunication Engg,Un-Aided Autonomous,Unknown,EWS,161002,36.1161649,E,S,EWS,B.Tech,2025,4
'06184,"K. J.'s Educational Institut Trinity College of Engineering and Research, Pisoli, Haveli",'0618437210,Electronics and Telecommunication Engg,Un-Aided Autonomous,Unknown,PWDOBCS,72123,78.0104170,P,S,PWD,B.Tech,2025,4
'06184,"K. J.'s Educational Institut Trinity College of Engineering and Research, Pisoli, Haveli",'0618461210,Mechanical Engineering,Un-Aided Autonomous,Unknown,GOPENS,103281,66.1695365,G,S,OPEN,B.Tech,2025,4
'06184,"K. J.'s Educational Institut Trinity College of Engineering and Research, Pisoli, Haveli",'0618461210,Mechanical Engineering,Un-Aided Autonomous,Unknown,GSCS,121731,57.8195751,G,S,SC,B.Tech,2025,4
'06184,"K. J.'s Educational Institut Trinity College of Engineering and Research, Pisoli, Haveli",'0618461210,Mechanical Engineering,Un-Aided Autonomous,Unknown,GNT3S,127256,55.2744499,G,S,NT3,B.Tech,2025,4
'06184,"K. J.'s Educational Institut Trinity College of Engineering and Research, Pisoli, Haveli",'0618461210,Mechanical Engineering,Un-Aided Autonomous,Unknown,GOBCS,118833,59.2797111,G,S,OBC,B.Tech,2025,4
'06184,"K. J.'s Educational Institut Trinity College of Engineering and Research, Pisoli, Haveli",'0618461210,Mechanical Engineering,Un-Aided Autonomous,Unknown,LOPENS,102523,66.3795642,L,S,OPEN,B.Tech,2025,4
'06184,"K. J.'s Educational Institut Trinity College of Engineering and Research, Pisoli, Haveli",'0618461210,Mechanical Engineering,Un-Aided Autonomous,Unknown,TFWS,97458,68.4702591,T,S,TFWS,B.Tech,2025,4
'06184,"K. J.'s Educational Institut Trinity College of Engineering and Research, Pisoli, Haveli",'0618461210,Mechanical Engineering,Un-Aided Autonomous,Unknown,DEFOPENS,101899,66.4263323,D,S,OPEN,B.Tech,2025,4
'06184,"K. J.'s Educational Institut Trinity College of Engineering and Research, Pisoli, Haveli",'0618461210,Mechanical Engineering,Un-Aided Autonomous,Unknown,PWDOPENS,109688,63.3986014,P,S,PWD,B.Tech,2025,4
'06184,"K. J.'s Educational Institut Trinity College of Engineering and Research, Pisoli, Haveli",'0618461210,Mechanical Engineering,Un-Aided Autonomous,Unknown,PWDOBCS,114096,61.5619516,P,S,PWD,B.Tech,2025,4
'06184,"K. J.'s Educational Institut Trinity College of Engineering and Research, Pisoli, Haveli",'0618461210,Mechanical Engineering,Un-Aided Autonomous,Unknown,GSTS,118819,59.2797111,G,S,ST,B.Tech,2025,4
'06185,Sinhgad Institute of Technology,'0618524510,Computer Engineering,Un-Aided,Unknown,GOPENH,58035,82.3938224,G,H,OPEN,B.Tech,2025,4
'06185,Sinhgad Institute of Technology,'0618524510,Computer Engineering,Un-Aided,Unknown,GOBCH,71018,78.3357644,G,H,OBC,B.Tech,2025,4
'06185,Sinhgad Institute of Technology,'0618524510,Computer Engineering,Un-Aided,Unknown,GSEBCH,73923,77.1296846,G,H,SEBC,B.Tech,2025,4
'06185,Sinhgad Institute of Technology,'0618524510,Computer Engineering,Un-Aided,Unknown,LOPENH,54244,83.7674516,L,H,OPEN,B.Tech,2025,4
'06185,Sinhgad Institute of Technology,'0618524510,Computer Engineering,Un-Aided,Unknown,LSCH,112548,62.1365556,L,H,SC,B.Tech,2025,4
'06185,Sinhgad Institute of Technology,'0618524510,Computer Engineering,Un-Aided,Unknown,LNT1H,56056,83.1060395,L,H,NT1,B.Tech,2025,4
'06185,Sinhgad Institute of Technology,'0618524510,Computer Engineering,Un-Aided,Unknown,LOBCH,68806,78.8357161,L,H,OBC,B.Tech,2025,4
'06185,Sinhgad Institute of Technology,'0618524510,Computer Engineering,Un-Aided,Unknown,LSEBCH,72394,77.9513058,L,H,SEBC,B.Tech,2025,4
'06185,Sinhgad Institute of Technology,'0618524510,Computer Engineering,Un-Aided,Unknown,PWDSCH,105188,65.5190641,P,H,PWD,B.Tech,2025,4
'06185,Sinhgad Institute of Technology,'0618524510,Computer Engineering,Un-Aided,Unknown,PWDOBCH,73212,77.1631566,P,H,PWD,B.Tech,2025,4
'06185,Sinhgad Institute of Technology,'0618524510,Computer Engineering,Un-Aided,Unknown,PWDSEBCH,73016,77.2287062,P,H,PWD,B.Tech,2025,4
'06185,Sinhgad Institute of Technology,'0618524510,Computer Engineering,Un-Aided,Unknown,GSTH,60166,81.8021201,G,H,ST,B.Tech,2025,4
'06185,Sinhgad Institute of Technology,'0618524610,Information Technology,Un-Aided,Unknown,GOPENH,66599,79.7185003,G,H,OPEN,B.Tech,2025,4
'06185,Sinhgad Institute of Technology,'0618524610,Information Technology,Un-Aided,Unknown,GOBCH,74099,77.0149774,G,H,OBC,B.Tech,2025,4
'06185,Sinhgad Institute of Technology,'0618524610,Information Technology,Un-Aided,Unknown,GSEBCH,86133,72.8948543,G,H,SEBC,B.Tech,2025,4
'06185,Sinhgad Institute of Technology,'0618524610,Information Technology,Un-Aided,Unknown,LSCH,107797,64.2631037,L,H,SC,B.Tech,2025,4
'06185,Sinhgad Institute of Technology,'0618524610,Information Technology,Un-Aided,Unknown,LOBCH,53271,84.0359888,L,H,OBC,B.Tech,2025,4
'06185,Sinhgad Institute of Technology,'0618524610,Information Technology,Un-Aided,Unknown,LSEBCH,79091,75.3562654,L,H,SEBC,B.Tech,2025,4
'06185,Sinhgad Institute of Technology,'0618524610,Information Technology,Un-Aided,Unknown,PWDOPENH,65763,79.9072027,P,H,PWD,B.Tech,2025,4
'06185,Sinhgad Institute of Technology,'0618524610,Information Technology,Un-Aided,Unknown,GSTH,66758,79.6986029,G,H,ST,B.Tech,2025,4
'06185,Sinhgad Institute of Technology,'0618524610,Information Technology,Un-Aided,Unknown,LSTH,68215,79.3004726,L,H,ST,B.Tech,2025,4
'06185,Sinhgad Institute of Technology,'0618529310,Electrical Engineering,Un-Aided,Unknown,GOPENH,111696,62.1412608,G,H,OPEN,B.Tech,2025,4
'06185,Sinhgad Institute of Technology,'0618529310,Electrical Engineering,Un-Aided,Unknown,GOBCH,126698,55.4922986,G,H,OBC,B.Tech,2025,4
'06185,Sinhgad Institute of Technology,'0618529310,Electrical Engineering,Un-Aided,Unknown,GSEBCH,128773,54.5739657,G,H,SEBC,B.Tech,2025,4
'06185,Sinhgad Institute of Technology,'0618529310,Electrical Engineering,Un-Aided,Unknown,LOPENH,106151,64.7148712,L,H,OPEN,B.Tech,2025,4
'06185,Sinhgad Institute of Technology,'0618529310,Electrical Engineering,Un-Aided,Unknown,LOBCH,112376,62.1365556,L,H,OBC,B.Tech,2025,4
'06185,Sinhgad Institute of Technology,'0618529310,Electrical Engineering,Un-Aided,Unknown,PWDOBCH,114941,60.9090909,P,H,PWD,B.Tech,2025,4
'06185,Sinhgad Institute of Technology,'0618529310,Electrical Engineering,Un-Aided,Unknown,GSTH,112706,62.0615406,G,H,ST,B.Tech,2025,4
'06185,Sinhgad Institute of Technology,'0618537210,Electronics and Telecommunication Engg,Un-Aided,Unknown,GOPENH,85425,73.1347962,G,H,OPEN,B.Tech,2025,4
'06185,Sinhgad Institute of Technology,'0618537210,Electronics and Telecommunication Engg,Un-Aided,Unknown,GSCH,133734,52.1817116,G,H,SC,B.Tech,2025,4
'06185,Sinhgad Institute of Technology,'0618537210,Electronics and Telecommunication Engg,Un-Aided,Unknown,GNT3H,91904,70.6189283,G,H,NT3,B.Tech,2025,4
'06185,Sinhgad Institute of Technology,'0618537210,Electronics and Telecommunication Engg,Un-Aided,Unknown,GOBCH,90894,71.1730870,G,H,OBC,B.Tech,2025,4
'06185,Sinhgad Institute of Technology,'0618537210,Electronics and Telecommunication Engg,Un-Aided,Unknown,LOPENH,84179,73.5570613,L,H,OPEN,B.Tech,2025,4
'06185,Sinhgad Institute of Technology,'0618537210,Electronics and Telecommunication Engg,Un-Aided,Unknown,LSEBCH,108441,63.6512871,L,H,SEBC,B.Tech,2025,4
'06185,Sinhgad Institute of Technology,'0618537210,Electronics and Telecommunication Engg,Un-Aided,Unknown,PWDOPENH,85389,73.2612864,P,H,PWD,B.Tech,2025,4
'06185,Sinhgad Institute of Technology,'0618537210,Electronics and Telecommunication Engg,Un-Aided,Unknown,GSTH,91322,70.7504568,G,H,ST,B.Tech,2025,4
'06185,Sinhgad Institute of Technology,'0618537210,Electronics and Telecommunication Engg,Un-Aided,Unknown,LSTH,85378,73.2612864,L,H,ST,B.Tech,2025,4
'06185,Sinhgad Institute of Technology,'0618561210,Mechanical Engineering,Un-Aided,Unknown,GOPENH,135978,50.8281802,G,H,OPEN,B.Tech,2025,4
'06185,Sinhgad Institute of Technology,'0618561210,Mechanical Engineering,Un-Aided,Unknown,GSCH,194497,10.4252003,G,H,SC,B.Tech,2025,4
'06185,Sinhgad Institute of Technology,'0618561210,Mechanical Engineering,Un-Aided,Unknown,GOBCH,146564,45.3566434,G,H,OBC,B.Tech,2025,4
'06185,Sinhgad Institute of Technology,'0618561210,Mechanical Engineering,Un-Aided,Unknown,GSEBCH,184911,19.1697794,G,H,SEBC,B.Tech,2025,4
'06185,Sinhgad Institute of Technology,'0618561210,Mechanical Engineering,Un-Aided,Unknown,LOPENH,151219,42.9247346,L,H,OPEN,B.Tech,2025,4
'06185,Sinhgad Institute of Technology,'0618561210,Mechanical Engineering,Un-Aided,Unknown,LSCH,203756,0.0139324,L,H,SC,B.Tech,2025,4
'06185,Sinhgad Institute of Technology,'0618561210,Mechanical Engineering,Un-Aided,Unknown,LNT2H,166547,32.5451434,L,H,NT2,B.Tech,2025,4
'06185,Sinhgad Institute of Technology,'0618561210,Mechanical Engineering,Un-Aided,Unknown,LOBCH,176665,25.4741362,L,H,OBC,B.Tech,2025,4
'06185,Sinhgad Institute of Technology,'0618561210,Mechanical Engineering,Un-Aided,Unknown,PWDOPENH,142731,47.1398578,P,H,PWD,B.Tech,2025,4
'06185,Sinhgad Institute of Technology,'0618561210,Mechanical Engineering,Un-Aided,Unknown,GSTH,150492,43.1964993,G,H,ST,B.Tech,2025,4
'06185,Sinhgad Institute of Technology,'0618561210,Mechanical Engineering,Un-Aided,Unknown,LSTH,149048,43.6588740,L,H,ST,B.Tech,2025,4
'06187,"Sinhgad Academy of Engineering, Kondhwa (BK) Kondhwa-Saswad Road, Pune",'0618719110,Civil Engineering,Un-Aided,Unknown,GOPENH,137028,50.5909012,G,H,OPEN,B.Tech,2025,4
'06187,"Sinhgad Academy of Engineering, Kondhwa (BK) Kondhwa-Saswad Road, Pune",'0618719110,Civil Engineering,Un-Aided,Unknown,GOBCH,161974,35.9909439,G,H,OBC,B.Tech,2025,4
'06187,"Sinhgad Academy of Engineering, Kondhwa (BK) Kondhwa-Saswad Road, Pune",'0618719110,Civil Engineering,Un-Aided,Unknown,GSEBCH,177228,25.2088452,G,H,SEBC,B.Tech,2025,4
'06187,"Sinhgad Academy of Engineering, Kondhwa (BK) Kondhwa-Saswad Road, Pune",'0618719110,Civil Engineering,Un-Aided,Unknown,LOPENH,80235,75.1716925,L,H,OPEN,B.Tech,2025,4
'06187,"Sinhgad Academy of Engineering, Kondhwa (BK) Kondhwa-Saswad Road, Pune",'0618719110,Civil Engineering,Un-Aided,Unknown,GSTH,139915,49.2256217,G,H,ST,B.Tech,2025,4
'06187,"Sinhgad Academy of Engineering, Kondhwa (BK) Kondhwa-Saswad Road, Pune",'0618724510,Computer Engineering,Un-Aided,Unknown,GOPENH,44497,86.7181467,G,H,OPEN,B.Tech,2025,4
'06187,"Sinhgad Academy of Engineering, Kondhwa (BK) Kondhwa-Saswad Road, Pune",'0618724510,Computer Engineering,Un-Aided,Unknown,GSCH,91880,70.6189283,G,H,SC,B.Tech,2025,4
'06187,"Sinhgad Academy of Engineering, Kondhwa (BK) Kondhwa-Saswad Road, Pune",'0618724510,Computer Engineering,Un-Aided,Unknown,GNT1H,81218,74.6802716,G,H,NT1,B.Tech,2025,4
'06187,"Sinhgad Academy of Engineering, Kondhwa (BK) Kondhwa-Saswad Road, Pune",'0618724510,Computer Engineering,Un-Aided,Unknown,GNT3H,51308,84.6215640,G,H,NT3,B.Tech,2025,4
'06187,"Sinhgad Academy of Engineering, Kondhwa (BK) Kondhwa-Saswad Road, Pune",'0618724510,Computer Engineering,Un-Aided,Unknown,GOBCH,51634,84.5176078,G,H,OBC,B.Tech,2025,4
'06187,"Sinhgad Academy of Engineering, Kondhwa (BK) Kondhwa-Saswad Road, Pune",'0618724510,Computer Engineering,Un-Aided,Unknown,GSEBCH,53270,84.0359888,G,H,SEBC,B.Tech,2025,4
'06187,"Sinhgad Academy of Engineering, Kondhwa (BK) Kondhwa-Saswad Road, Pune",'0618724510,Computer Engineering,Un-Aided,Unknown,LOPENH,40731,87.9289094,L,H,OPEN,B.Tech,2025,4
'06187,"Sinhgad Academy of Engineering, Kondhwa (BK) Kondhwa-Saswad Road, Pune",'0618724510,Computer Engineering,Un-Aided,Unknown,LOBCH,48501,85.5207245,L,H,OBC,B.Tech,2025,4
'06187,"Sinhgad Academy of Engineering, Kondhwa (BK) Kondhwa-Saswad Road, Pune",'0618724510,Computer Engineering,Un-Aided,Unknown,PWDOPENH,43452,87.1376478,P,H,PWD,B.Tech,2025,4
'06187,"Sinhgad Academy of Engineering, Kondhwa (BK) Kondhwa-Saswad Road, Pune",'0618724510,Computer Engineering,Un-Aided,Unknown,GSTH,46649,85.9775360,G,H,ST,B.Tech,2025,4
'06187,"Sinhgad Academy of Engineering, Kondhwa (BK) Kondhwa-Saswad Road, Pune",'0618724610,Information Technology,Un-Aided,Unknown,GOPENH,51764,84.4950314,G,H,OPEN,B.Tech,2025,4
'06187,"Sinhgad Academy of Engineering, Kondhwa (BK) Kondhwa-Saswad Road, Pune",'0618724610,Information Technology,Un-Aided,Unknown,GNT1H,101419,66.9039004,G,H,NT1,B.Tech,2025,4
'06187,"Sinhgad Academy of Engineering, Kondhwa (BK) Kondhwa-Saswad Road, Pune",'0618724610,Information Technology,Un-Aided,Unknown,GOBCH,53287,84.0359888,G,H,OBC,B.Tech,2025,4
'06187,"Sinhgad Academy of Engineering, Kondhwa (BK) Kondhwa-Saswad Road, Pune",'0618724610,Information Technology,Un-Aided,Unknown,GSEBCH,60246,81.7705077,G,H,SEBC,B.Tech,2025,4
'06187,"Sinhgad Academy of Engineering, Kondhwa (BK) Kondhwa-Saswad Road, Pune",'0618724610,Information Technology,Un-Aided,Unknown,LOPENH,49294,85.2053352,L,H,OPEN,B.Tech,2025,4
'06187,"Sinhgad Academy of Engineering, Kondhwa (BK) Kondhwa-Saswad Road, Pune",'0618724610,Information Technology,Un-Aided,Unknown,LOBCH,50870,84.8660601,L,H,OBC,B.Tech,2025,4
'06187,"Sinhgad Academy of Engineering, Kondhwa (BK) Kondhwa-Saswad Road, Pune",'0618724610,Information Technology,Un-Aided,Unknown,GSTH,53216,84.0359888,G,H,ST,B.Tech,2025,4
'06187,"Sinhgad Academy of Engineering, Kondhwa (BK) Kondhwa-Saswad Road, Pune",'0618737210,Electronics and Telecommunication Engg,Un-Aided,Unknown,GOPENH,74343,76.9322569,G,H,OPEN,B.Tech,2025,4
'06187,"Sinhgad Academy of Engineering, Kondhwa (BK) Kondhwa-Saswad Road, Pune",'0618737210,Electronics and Telecommunication Engg,Un-Aided,Unknown,GSCH,116604,60.4221150,G,H,SC,B.Tech,2025,4
'06187,"Sinhgad Academy of Engineering, Kondhwa (BK) Kondhwa-Saswad Road, Pune",'0618737210,Electronics and Telecommunication Engg,Un-Aided,Unknown,GOBCH,83504,73.6328536,G,H,OBC,B.Tech,2025,4
'06187,"Sinhgad Academy of Engineering, Kondhwa (BK) Kondhwa-Saswad Road, Pune",'0618737210,Electronics and Telecommunication Engg,Un-Aided,Unknown,GSEBCH,86734,72.6730266,G,H,SEBC,B.Tech,2025,4
'06187,"Sinhgad Academy of Engineering, Kondhwa (BK) Kondhwa-Saswad Road, Pune",'0618737210,Electronics and Telecommunication Engg,Un-Aided,Unknown,LOPENH,73393,77.1618860,L,H,OPEN,B.Tech,2025,4
'06187,"Sinhgad Academy of Engineering, Kondhwa (BK) Kondhwa-Saswad Road, Pune",'0618737210,Electronics and Telecommunication Engg,Un-Aided,Unknown,LOBCH,80974,74.9785452,L,H,OBC,B.Tech,2025,4
'06187,"Sinhgad Academy of Engineering, Kondhwa (BK) Kondhwa-Saswad Road, Pune",'0618737210,Electronics and Telecommunication Engg,Un-Aided,Unknown,LSEBCH,74138,77.0149774,L,H,SEBC,B.Tech,2025,4
'06187,"Sinhgad Academy of Engineering, Kondhwa (BK) Kondhwa-Saswad Road, Pune",'0618737210,Electronics and Telecommunication Engg,Un-Aided,Unknown,PWDOPENH,79174,75.2405919,P,H,PWD,B.Tech,2025,4
'06187,"Sinhgad Academy of Engineering, Kondhwa (BK) Kondhwa-Saswad Road, Pune",'0618737210,Electronics and Telecommunication Engg,Un-Aided,Unknown,LSTH,77170,75.8001957,L,H,ST,B.Tech,2025,4
'06187,"Sinhgad Academy of Engineering, Kondhwa (BK) Kondhwa-Saswad Road, Pune",'0618761210,Mechanical Engineering,Un-Aided,Unknown,GOPENH,98305,68.2382408,G,H,OPEN,B.Tech,2025,4
'06187,"Sinhgad Academy of Engineering, Kondhwa (BK) Kondhwa-Saswad Road, Pune",'0618761210,Mechanical Engineering,Un-Aided,Unknown,GNT1H,110874,62.9184580,G,H,NT1,B.Tech,2025,4
'06187,"Sinhgad Academy of Engineering, Kondhwa (BK) Kondhwa-Saswad Road, Pune",'0618761210,Mechanical Engineering,Un-Aided,Unknown,GOBCH,124431,56.8426573,G,H,OBC,B.Tech,2025,4
'06187,"Sinhgad Academy of Engineering, Kondhwa (BK) Kondhwa-Saswad Road, Pune",'0618761210,Mechanical Engineering,Un-Aided,Unknown,GSEBCH,105099,65.5190641,G,H,SEBC,B.Tech,2025,4
'06187,"Sinhgad Academy of Engineering, Kondhwa (BK) Kondhwa-Saswad Road, Pune",'0618761210,Mechanical Engineering,Un-Aided,Unknown,LOPENH,132314,53.2228937,L,H,OPEN,B.Tech,2025,4
'06187,"Sinhgad Academy of Engineering, Kondhwa (BK) Kondhwa-Saswad Road, Pune",'0618761210,Mechanical Engineering,Un-Aided,Unknown,LSCH,186922,17.6786167,L,H,SC,B.Tech,2025,4
'06187,"Sinhgad Academy of Engineering, Kondhwa (BK) Kondhwa-Saswad Road, Pune",'0618761210,Mechanical Engineering,Un-Aided,Unknown,LNT3H,140125,49.1540892,L,H,NT3,B.Tech,2025,4
'06203,"Marathwada Mitra Mandal's Institute of Technology, Lohgaon, Pune",'0620319110,Civil Engineering,Un-Aided,Unknown,GOPENH,102083,66.3866132,G,H,OPEN,B.Tech,2025,4
'06203,"Marathwada Mitra Mandal's Institute of Technology, Lohgaon, Pune",'0620319110,Civil Engineering,Un-Aided,Unknown,GOBCH,112414,62.1365556,G,H,OBC,B.Tech,2025,4
'06203,"Marathwada Mitra Mandal's Institute of Technology, Lohgaon, Pune",'0620319110,Civil Engineering,Un-Aided,Unknown,LOPENH,93884,69.8941051,L,H,OPEN,B.Tech,2025,4
'06203,"Marathwada Mitra Mandal's Institute of Technology, Lohgaon, Pune",'0620324510,Computer Engineering,Un-Aided,Unknown,GOPENH,37419,88.9609194,G,H,OPEN,B.Tech,2025,4
'06203,"Marathwada Mitra Mandal's Institute of Technology, Lohgaon, Pune",'0620324510,Computer Engineering,Un-Aided,Unknown,GSCH,68244,79.3004726,G,H,SC,B.Tech,2025,4
'06203,"Marathwada Mitra Mandal's Institute of Technology, Lohgaon, Pune",'0620324510,Computer Engineering,Un-Aided,Unknown,GVJH,98192,68.2382408,G,H,VJ,B.Tech,2025,4
'06203,"Marathwada Mitra Mandal's Institute of Technology, Lohgaon, Pune",'0620324510,Computer Engineering,Un-Aided,Unknown,GOBCH,41710,87.6831328,G,H,OBC,B.Tech,2025,4
'06203,"Marathwada Mitra Mandal's Institute of Technology, Lohgaon, Pune",'0620324510,Computer Engineering,Un-Aided,Unknown,GSEBCH,46929,85.9646097,G,H,SEBC,B.Tech,2025,4
'06203,"Marathwada Mitra Mandal's Institute of Technology, Lohgaon, Pune",'0620324510,Computer Engineering,Un-Aided,Unknown,LOPENH,34544,89.8520525,L,H,OPEN,B.Tech,2025,4
'06203,"Marathwada Mitra Mandal's Institute of Technology, Lohgaon, Pune",'0620324510,Computer Engineering,Un-Aided,Unknown,LSCH,70353,78.4342571,L,H,SC,B.Tech,2025,4
'06203,"Marathwada Mitra Mandal's Institute of Technology, Lohgaon, Pune",'0620324510,Computer Engineering,Un-Aided,Unknown,LOBCH,35179,89.6700597,L,H,OBC,B.Tech,2025,4
'06203,"Marathwada Mitra Mandal's Institute of Technology, Lohgaon, Pune",'0620324510,Computer Engineering,Un-Aided,Unknown,PWDOPENH,36222,89.2945239,P,H,PWD,B.Tech,2025,4
'06203,"Marathwada Mitra Mandal's Institute of Technology, Lohgaon, Pune",'0620324510,Computer Engineering,Un-Aided,Unknown,PWDSCH,77413,75.6538462,P,H,PWD,B.Tech,2025,4
'06203,"Marathwada Mitra Mandal's Institute of Technology, Lohgaon, Pune",'0620324510,Computer Engineering,Un-Aided,Unknown,GSTH,42612,87.3285356,G,H,ST,B.Tech,2025,4
'06203,"Marathwada Mitra Mandal's Institute of Technology, Lohgaon, Pune",'0620326610,Robotics and Artificial Intelligence,Un-Aided,Unknown,GOPENH,48338,85.5729148,G,H,OPEN,B.Tech,2025,4
'06203,"Marathwada Mitra Mandal's Institute of Technology, Lohgaon, Pune",'0620326610,Robotics and Artificial Intelligence,Un-Aided,Unknown,GSEBCH,48702,85.4179037,G,H,SEBC,B.Tech,2025,4
'06203,"Marathwada Mitra Mandal's Institute of Technology, Lohgaon, Pune",'0620326610,Robotics and Artificial Intelligence,Un-Aided,Unknown,LOPENH,39752,88.1880330,L,H,OPEN,B.Tech,2025,4
'06203,"Marathwada Mitra Mandal's Institute of Technology, Lohgaon, Pune",'0620361210,Mechanical Engineering,Un-Aided,Unknown,GOPENH,92721,70.5005064,G,H,OPEN,B.Tech,2025,4
'06203,"Marathwada Mitra Mandal's Institute of Technology, Lohgaon, Pune",'0620361210,Mechanical Engineering,Un-Aided,Unknown,GSCH,94877,69.4561708,G,H,SC,B.Tech,2025,4
'06203,"Marathwada Mitra Mandal's Institute of Technology, Lohgaon, Pune",'0620361210,Mechanical Engineering,Un-Aided,Unknown,GOBCH,99028,68.1117918,G,H,OBC,B.Tech,2025,4
'06203,"Marathwada Mitra Mandal's Institute of Technology, Lohgaon, Pune",'0620361210,Mechanical Engineering,Un-Aided,Unknown,GSEBCH,98733,68.1164395,G,H,SEBC,B.Tech,2025,4
'06203,"Marathwada Mitra Mandal's Institute of Technology, Lohgaon, Pune",'0620361210,Mechanical Engineering,Un-Aided,Unknown,LOPENH,90045,71.4842352,L,H,OPEN,B.Tech,2025,4
'06203,"Marathwada Mitra Mandal's Institute of Technology, Lohgaon, Pune",'0620361210,Mechanical Engineering,Un-Aided,Unknown,LOBCH,108577,63.6512871,L,H,OBC,B.Tech,2025,4
'06203,"Marathwada Mitra Mandal's Institute of Technology, Lohgaon, Pune",'0620361210,Mechanical Engineering,Un-Aided,Unknown,PWDOPENH,80112,75.1927485,P,H,PWD,B.Tech,2025,4
'06203,"Marathwada Mitra Mandal's Institute of Technology, Lohgaon, Pune",'0620361210,Mechanical Engineering,Un-Aided,Unknown,PWDOBCH,92925,70.2628092,P,H,PWD,B.Tech,2025,4
'06203,"Marathwada Mitra Mandal's Institute of Technology, Lohgaon, Pune",'0620361210,Mechanical Engineering,Un-Aided,Unknown,GSTH,96901,68.8687467,G,H,ST,B.Tech,2025,4
'06203,"Marathwada Mitra Mandal's Institute of Technology, Lohgaon, Pune",'0620362410,Mechatronics Engineering,Un-Aided,Unknown,GOPENH,69090,78.6729363,G,H,OPEN,B.Tech,2025,4
'06203,"Marathwada Mitra Mandal's Institute of Technology, Lohgaon, Pune",'0620362410,Mechatronics Engineering,Un-Aided,Unknown,GSCH,136394,50.7016833,G,H,SC,B.Tech,2025,4
'06203,"Marathwada Mitra Mandal's Institute of Technology, Lohgaon, Pune",'0620362410,Mechatronics Engineering,Un-Aided,Unknown,LOPENH,73636,77.1618860,L,H,OPEN,B.Tech,2025,4
'06203,"Marathwada Mitra Mandal's Institute of Technology, Lohgaon, Pune",'0620362410,Mechatronics Engineering,Un-Aided,Unknown,LOBCH,82026,74.0630785,L,H,OBC,B.Tech,2025,4
'06203,"Marathwada Mitra Mandal's Institute of Technology, Lohgaon, Pune",'0620399510,Artificial Intelligence and Data Science,Un-Aided,Unknown,GOPENH,40721,87.9289094,G,H,OPEN,B.Tech,2025,4
'06203,"Marathwada Mitra Mandal's Institute of Technology, Lohgaon, Pune",'0620399510,Artificial Intelligence and Data Science,Un-Aided,Unknown,LOPENH,34620,89.8391608,L,H,OPEN,B.Tech,2025,4
'06203,"Marathwada Mitra Mandal's Institute of Technology, Lohgaon, Pune",'0620399510,Artificial Intelligence and Data Science,Un-Aided,Unknown,LVJH,82606,73.8000589,L,H,VJ,B.Tech,2025,4
'06203,"Marathwada Mitra Mandal's Institute of Technology, Lohgaon, Pune",'0620399510,Artificial Intelligence and Data Science,Un-Aided,Unknown,LSEBCH,48549,85.5207245,L,H,SEBC,B.Tech,2025,4
'06203,"Marathwada Mitra Mandal's Institute of Technology, Lohgaon, Pune",'0620399510,Artificial Intelligence and Data Science,Un-Aided,Unknown,GSTH,43049,87.3029561,G,H,ST,B.Tech,2025,4
'06203,"Marathwada Mitra Mandal's Institute of Technology, Lohgaon, Pune",'0620399510,Artificial Intelligence and Data Science,Un-Aided,Unknown,LSTH,39563,88.2544975,L,H,ST,B.Tech,2025,4
'06206,"Pune District Education Association's College of Engineering, Manjari(Bk), Hadapsar, Pune",'0620624510,Computer Engineering,Un-Aided,Unknown,GOPENH,61675,81.2846613,G,H,OPEN,B.Tech,2025,4
'06206,"Pune District Education Association's College of Engineering, Manjari(Bk), Hadapsar, Pune",'0620624510,Computer Engineering,Un-Aided,Unknown,GOBCH,66851,79.6986029,G,H,OBC,B.Tech,2025,4
'06206,"Pune District Education Association's College of Engineering, Manjari(Bk), Hadapsar, Pune",'0620624510,Computer Engineering,Un-Aided,Unknown,GSEBCH,64898,80.0000000,G,H,SEBC,B.Tech,2025,4
'06206,"Pune District Education Association's College of Engineering, Manjari(Bk), Hadapsar, Pune",'0620624510,Computer Engineering,Un-Aided,Unknown,LOPENH,45647,86.4120225,L,H,OPEN,B.Tech,2025,4
'06206,"Pune District Education Association's College of Engineering, Manjari(Bk), Hadapsar, Pune",'0620624510,Computer Engineering,Un-Aided,Unknown,LOBCH,58976,82.1358690,L,H,OBC,B.Tech,2025,4
'06206,"Pune District Education Association's College of Engineering, Manjari(Bk), Hadapsar, Pune",'0620624510,Computer Engineering,Un-Aided,Unknown,LSEBCH,60193,81.8021201,L,H,SEBC,B.Tech,2025,4
'06206,"Pune District Education Association's College of Engineering, Manjari(Bk), Hadapsar, Pune",'0620624510,Computer Engineering,Un-Aided,Unknown,GSTH,62496,81.0403668,G,H,ST,B.Tech,2025,4
'06206,"Pune District Education Association's College of Engineering, Manjari(Bk), Hadapsar, Pune",'0620624610,Information Technology,Un-Aided,Unknown,GOPENH,63826,80.7175218,G,H,OPEN,B.Tech,2025,4
'06206,"Pune District Education Association's College of Engineering, Manjari(Bk), Hadapsar, Pune",'0620624610,Information Technology,Un-Aided,Unknown,GSCH,108121,63.8244514,G,H,SC,B.Tech,2025,4
'06206,"Pune District Education Association's College of Engineering, Manjari(Bk), Hadapsar, Pune",'0620624610,Information Technology,Un-Aided,Unknown,GVJH,99848,67.8210479,G,H,VJ,B.Tech,2025,4
'06206,"Pune District Education Association's College of Engineering, Manjari(Bk), Hadapsar, Pune",'0620624610,Information Technology,Un-Aided,Unknown,GOBCH,73265,77.1631566,G,H,OBC,B.Tech,2025,4
'06206,"Pune District Education Association's College of Engineering, Manjari(Bk), Hadapsar, Pune",'0620624610,Information Technology,Un-Aided,Unknown,LSCH,107985,63.8244514,L,H,SC,B.Tech,2025,4
'06206,"Pune District Education Association's College of Engineering, Manjari(Bk), Hadapsar, Pune",'0620624610,Information Technology,Un-Aided,Unknown,LOBCH,62462,81.0403668,L,H,OBC,B.Tech,2025,4
'06206,"Pune District Education Association's College of Engineering, Manjari(Bk), Hadapsar, Pune",'0620624610,Information Technology,Un-Aided,Unknown,PWDOPENH,65340,79.9894700,P,H,PWD,B.Tech,2025,4
'06206,"Pune District Education Association's College of Engineering, Manjari(Bk), Hadapsar, Pune",'0620637210,Electronics and Telecommunication Engg,Un-Aided,Unknown,GOPENH,83486,73.6328536,G,H,OPEN,B.Tech,2025,4
'06206,"Pune District Education Association's College of Engineering, Manjari(Bk), Hadapsar, Pune",'0620637210,Electronics and Telecommunication Engg,Un-Aided,Unknown,GOBCH,85519,73.1347962,G,H,OBC,B.Tech,2025,4
'06206,"Pune District Education Association's College of Engineering, Manjari(Bk), Hadapsar, Pune",'0620637210,Electronics and Telecommunication Engg,Un-Aided,Unknown,PWDOPENH,75429,76.8955509,P,H,PWD,B.Tech,2025,4
'06206,"Pune District Education Association's College of Engineering, Manjari(Bk), Hadapsar, Pune",'0620637210,Electronics and Telecommunication Engg,Un-Aided,Unknown,GSTH,85555,73.1347962,G,H,ST,B.Tech,2025,4
'06206,"Pune District Education Association's College of Engineering, Manjari(Bk), Hadapsar, Pune",'0620661210,Mechanical Engineering,Un-Aided,Unknown,GOPENH,119560,58.8994542,G,H,OPEN,B.Tech,2025,4
'06206,"Pune District Education Association's College of Engineering, Manjari(Bk), Hadapsar, Pune",'0620661210,Mechanical Engineering,Un-Aided,Unknown,GOBCH,124430,56.8426573,G,H,OBC,B.Tech,2025,4
'06206,"Pune District Education Association's College of Engineering, Manjari(Bk), Hadapsar, Pune",'0620661210,Mechanical Engineering,Un-Aided,Unknown,LSCH,203139,0.8721431,L,H,SC,B.Tech,2025,4
'06206,"Pune District Education Association's College of Engineering, Manjari(Bk), Hadapsar, Pune",'0620661210,Mechanical Engineering,Un-Aided,Unknown,PWDOPENH,124694,56.6213771,P,H,PWD,B.Tech,2025,4
'06206,"Pune District Education Association's College of Engineering, Manjari(Bk), Hadapsar, Pune",'0620661210,Mechanical Engineering,Un-Aided,Unknown,GSTH,122845,57.4376852,G,H,ST,B.Tech,2025,4
'06206,"Pune District Education Association's College of Engineering, Manjari(Bk), Hadapsar, Pune",'0620699510,Artificial Intelligence and Data Science,Un-Aided,Unknown,GOPENH,47670,85.8501253,G,H,OPEN,B.Tech,2025,4
'06206,"Pune District Education Association's College of Engineering, Manjari(Bk), Hadapsar, Pune",'0620699510,Artificial Intelligence and Data Science,Un-Aided,Unknown,GOBCH,61608,81.2846613,G,H,OBC,B.Tech,2025,4
'06206,"Pune District Education Association's College of Engineering, Manjari(Bk), Hadapsar, Pune",'0620699510,Artificial Intelligence and Data Science,Un-Aided,Unknown,LOPENH,44182,86.9194446,L,H,OPEN,B.Tech,2025,4
'06206,"Pune District Education Association's College of Engineering, Manjari(Bk), Hadapsar, Pune",'0620699510,Artificial Intelligence and Data Science,Un-Aided,Unknown,LOBCH,60300,81.7705077,L,H,OBC,B.Tech,2025,4
'06206,"Pune District Education Association's College of Engineering, Manjari(Bk), Hadapsar, Pune",'0620699510,Artificial Intelligence and Data Science,Un-Aided,Unknown,LSTH,52196,84.3296195,L,H,ST,B.Tech,2025,4
'06207,"Dr. D. Y. Patil Unitech Society's Dr. D. Y. Patil Institute of Technology, Pimpri, Pune",'0620719110,Civil Engineering,Un-Aided,Unknown,GOPENH,55286,83.4378744,G,H,OPEN,B.Tech,2025,4
'06207,"Dr. D. Y. Patil Unitech Society's Dr. D. Y. Patil Institute of Technology, Pimpri, Pune",'0620719110,Civil Engineering,Un-Aided,Unknown,GSCH,74374,76.9322569,G,H,SC,B.Tech,2025,4
'06207,"Dr. D. Y. Patil Unitech Society's Dr. D. Y. Patil Institute of Technology, Pimpri, Pune",'0620719110,Civil Engineering,Un-Aided,Unknown,GNT2H,84118,73.5570613,G,H,NT2,B.Tech,2025,4
'06207,"Dr. D. Y. Patil Unitech Society's Dr. D. Y. Patil Institute of Technology, Pimpri, Pune",'0620719110,Civil Engineering,Un-Aided,Unknown,GOBCH,63168,80.9669596,G,H,OBC,B.Tech,2025,4
'06207,"Dr. D. Y. Patil Unitech Society's Dr. D. Y. Patil Institute of Technology, Pimpri, Pune",'0620719110,Civil Engineering,Un-Aided,Unknown,GSEBCH,69690,78.6137148,G,H,SEBC,B.Tech,2025,4
'06207,"Dr. D. Y. Patil Unitech Society's Dr. D. Y. Patil Institute of Technology, Pimpri, Pune",'0620719110,Civil Engineering,Un-Aided,Unknown,LOPENH,40543,87.9466479,L,H,OPEN,B.Tech,2025,4
'06207,"Dr. D. Y. Patil Unitech Society's Dr. D. Y. Patil Institute of Technology, Pimpri, Pune",'0620719110,Civil Engineering,Un-Aided,Unknown,LOBCH,54417,83.7239356,L,H,OBC,B.Tech,2025,4
'06207,"Dr. D. Y. Patil Unitech Society's Dr. D. Y. Patil Institute of Technology, Pimpri, Pune",'0620724510,Computer Engineering,Un-Aided,Unknown,GOPENH,12316,96.4811543,G,H,OPEN,B.Tech,2025,4
'06207,"Dr. D. Y. Patil Unitech Society's Dr. D. Y. Patil Institute of Technology, Pimpri, Pune",'0620724510,Computer Engineering,Un-Aided,Unknown,GOBCH,12881,96.3316055,G,H,OBC,B.Tech,2025,4
'06207,"Dr. D. Y. Patil Unitech Society's Dr. D. Y. Patil Institute of Technology, Pimpri, Pune",'0620724510,Computer Engineering,Un-Aided,Unknown,LOPENH,11719,96.6549667,L,H,OPEN,B.Tech,2025,4
'06207,"Dr. D. Y. Patil Unitech Society's Dr. D. Y. Patil Institute of Technology, Pimpri, Pune",'0620724510,Computer Engineering,Un-Aided,Unknown,LOBCH,12259,96.4892052,L,H,OBC,B.Tech,2025,4
'06207,"Dr. D. Y. Patil Unitech Society's Dr. D. Y. Patil Institute of Technology, Pimpri, Pune",'0620724610,Information Technology,Un-Aided,Unknown,GOPENO,9922,97.1518215,G,O,OPEN,B.Tech,2025,4
'06207,"Dr. D. Y. Patil Unitech Society's Dr. D. Y. Patil Institute of Technology, Pimpri, Pune",'0620729310,Electrical Engineering,Un-Aided,Unknown,GOPENH,22099,93.5806832,G,H,OPEN,B.Tech,2025,4
'06207,"Dr. D. Y. Patil Unitech Society's Dr. D. Y. Patil Institute of Technology, Pimpri, Pune",'0620729310,Electrical Engineering,Un-Aided,Unknown,LOPENH,26225,92.3562485,L,H,OPEN,B.Tech,2025,4
'06207,"Dr. D. Y. Patil Unitech Society's Dr. D. Y. Patil Institute of Technology, Pimpri, Pune",'0620737210,Electronics and Telecommunication Engg,Un-Aided,Unknown,GOPENO,24726,92.7867133,G,O,OPEN,B.Tech,2025,4
'06207,"Dr. D. Y. Patil Unitech Society's Dr. D. Y. Patil Institute of Technology, Pimpri, Pune",'0620737210,Electronics and Telecommunication Engg,Un-Aided,Unknown,LOBCO,21755,93.6851271,L,O,OBC,B.Tech,2025,4
'06207,"Dr. D. Y. Patil Unitech Society's Dr. D. Y. Patil Institute of Technology, Pimpri, Pune",'0620746610,Instrumentation Engineering,Un-Aided,Unknown,GOPENH,24990,92.7190965,G,H,OPEN,B.Tech,2025,4
'06207,"Dr. D. Y. Patil Unitech Society's Dr. D. Y. Patil Institute of Technology, Pimpri, Pune",'0620746610,Instrumentation Engineering,Un-Aided,Unknown,GSCH,75287,76.8955509,G,H,SC,B.Tech,2025,4
'06207,"Dr. D. Y. Patil Unitech Society's Dr. D. Y. Patil Institute of Technology, Pimpri, Pune",'0620761210,Mechanical Engineering,Un-Aided,Unknown,GOPENO,24373,92.9168662,G,O,OPEN,B.Tech,2025,4
'06207,"Dr. D. Y. Patil Unitech Society's Dr. D. Y. Patil Institute of Technology, Pimpri, Pune",'0620761210,Mechanical Engineering,Un-Aided,Unknown,GOBCO,28702,91.6321516,G,O,OBC,B.Tech,2025,4
'06207,"Dr. D. Y. Patil Unitech Society's Dr. D. Y. Patil Institute of Technology, Pimpri, Pune",'0620791610,Automation and Robotics,Un-Aided,Unknown,GOPENH,23423,93.1848615,G,H,OPEN,B.Tech,2025,4
'06207,"Dr. D. Y. Patil Unitech Society's Dr. D. Y. Patil Institute of Technology, Pimpri, Pune",'0620791610,Automation and Robotics,Un-Aided,Unknown,LSEBCH,32880,90.3566434,L,H,SEBC,B.Tech,2025,4
'06207,"Dr. D. Y. Patil Unitech Society's Dr. D. Y. Patil Institute of Technology, Pimpri, Pune",'0620791610,Automation and Robotics,Un-Aided,Unknown,PWDOPENH,23706,93.1048951,P,H,PWD,B.Tech,2025,4
'06207,"Dr. D. Y. Patil Unitech Society's Dr. D. Y. Patil Institute of Technology, Pimpri, Pune",'0620799510,Artificial Intelligence and Data Science,Un-Aided,Unknown,GOPENH,13662,96.0671999,G,H,OPEN,B.Tech,2025,4
'06207,"Dr. D. Y. Patil Unitech Society's Dr. D. Y. Patil Institute of Technology, Pimpri, Pune",'0620799510,Artificial Intelligence and Data Science,Un-Aided,Unknown,GOBCH,14066,95.9705160,G,H,OBC,B.Tech,2025,4
'06207,"Dr. D. Y. Patil Unitech Society's Dr. D. Y. Patil Institute of Technology, Pimpri, Pune",'0620799510,Artificial Intelligence and Data Science,Un-Aided,Unknown,LOPENH,12277,96.4829765,L,H,OPEN,B.Tech,2025,4
'06207,"Dr. D. Y. Patil Unitech Society's Dr. D. Y. Patil Institute of Technology, Pimpri, Pune",'0620799510,Artificial Intelligence and Data Science,Un-Aided,Unknown,LNT2H,21568,93.7451547,L,H,NT2,B.Tech,2025,4
'06207,"Dr. D. Y. Patil Unitech Society's Dr. D. Y. Patil Institute of Technology, Pimpri, Pune",'0620799510,Artificial Intelligence and Data Science,Un-Aided,Unknown,PWDOBCH,14126,95.9560746,P,H,PWD,B.Tech,2025,4
'06214,"K. E. Society's Rajarambapu Institute of Technology, Walwa, Sangli",'0621419110,Civil Engineering,Un-Aided Autonomous,Unknown,GSEBCS,25386,92.5853623,G,S,SEBC,B.Tech,2025,4
'06214,"K. E. Society's Rajarambapu Institute of Technology, Walwa, Sangli",'0621419110,Civil Engineering,Un-Aided Autonomous,Unknown,LOPENS,29536,91.3131313,L,S,OPEN,B.Tech,2025,4
'06214,"K. E. Society's Rajarambapu Institute of Technology, Walwa, Sangli",'0621421910,Robotics and Automation,Un-Aided Autonomous,Unknown,GOPENS,44628,86.6827486,G,S,OPEN,B.Tech,2025,4
'06214,"K. E. Society's Rajarambapu Institute of Technology, Walwa, Sangli",'0621421910,Robotics and Automation,Un-Aided Autonomous,Unknown,GOBCS,46570,85.9982332,G,S,OBC,B.Tech,2025,4
'06214,"K. E. Society's Rajarambapu Institute of Technology, Walwa, Sangli",'0621421910,Robotics and Automation,Un-Aided Autonomous,Unknown,EWS,32211,90.5881920,E,S,EWS,B.Tech,2025,4
'06214,"K. E. Society's Rajarambapu Institute of Technology, Walwa, Sangli",'0621424510,Computer Engineering,Un-Aided Autonomous,Unknown,GOPENS,21179,93.8708608,G,S,OPEN,B.Tech,2025,4
'06214,"K. E. Society's Rajarambapu Institute of Technology, Walwa, Sangli",'0621424510,Computer Engineering,Un-Aided Autonomous,Unknown,GSCS,48240,85.6182564,G,S,SC,B.Tech,2025,4
'06214,"K. E. Society's Rajarambapu Institute of Technology, Walwa, Sangli",'0621424510,Computer Engineering,Un-Aided Autonomous,Unknown,DEFOPENS,31405,90.8403987,D,S,OPEN,B.Tech,2025,4
'06214,"K. E. Society's Rajarambapu Institute of Technology, Walwa, Sangli",'0621424510,Computer Engineering,Un-Aided Autonomous,Unknown,GSTS,22179,93.5688239,G,S,ST,B.Tech,2025,4
'06214,"K. E. Society's Rajarambapu Institute of Technology, Walwa, Sangli",'0621429310,Electrical Engineering,Un-Aided Autonomous,Unknown,GOPENS,42640,87.3285356,G,S,OPEN,B.Tech,2025,4
'06214,"K. E. Society's Rajarambapu Institute of Technology, Walwa, Sangli",'0621429310,Electrical Engineering,Un-Aided Autonomous,Unknown,GOBCS,46025,86.3462208,G,S,OBC,B.Tech,2025,4
'06214,"K. E. Society's Rajarambapu Institute of Technology, Walwa, Sangli",'0621429310,Electrical Engineering,Un-Aided Autonomous,Unknown,EWS,99659,67.8236662,E,S,EWS,B.Tech,2025,4
'06214,"K. E. Society's Rajarambapu Institute of Technology, Walwa, Sangli",'0621429310,Electrical Engineering,Un-Aided Autonomous,Unknown,GSTS,43136,87.2335313,G,S,ST,B.Tech,2025,4
'06214,"K. E. Society's Rajarambapu Institute of Technology, Walwa, Sangli",'0621437210,Electronics and Telecommunication Engg,Un-Aided Autonomous,Unknown,GOPENS,28263,91.7377622,G,S,OPEN,B.Tech,2025,4
'06214,"K. E. Society's Rajarambapu Institute of Technology, Walwa, Sangli",'0621437210,Electronics and Telecommunication Engg,Un-Aided Autonomous,Unknown,GNT2S,31953,90.6332693,G,S,NT2,B.Tech,2025,4
'06214,"K. E. Society's Rajarambapu Institute of Technology, Walwa, Sangli",'0621437210,Electronics and Telecommunication Engg,Un-Aided Autonomous,Unknown,GOBCS,33160,90.2494890,G,S,OBC,B.Tech,2025,4
'06214,"K. E. Society's Rajarambapu Institute of Technology, Walwa, Sangli",'0621437210,Electronics and Telecommunication Engg,Un-Aided Autonomous,Unknown,GSEBCS,31175,90.8739909,G,S,SEBC,B.Tech,2025,4
'06214,"K. E. Society's Rajarambapu Institute of Technology, Walwa, Sangli",'0621437210,Electronics and Telecommunication Engg,Un-Aided Autonomous,Unknown,LOPENS,30239,91.0751777,L,S,OPEN,B.Tech,2025,4
'06214,"K. E. Society's Rajarambapu Institute of Technology, Walwa, Sangli",'0621437210,Electronics and Telecommunication Engg,Un-Aided Autonomous,Unknown,PWDOPENS,31580,90.6820865,P,S,PWD,B.Tech,2025,4
'06214,"K. E. Society's Rajarambapu Institute of Technology, Walwa, Sangli",'0621456810,Computer Science and Information Technology,Un-Aided Autonomous,Unknown,GOPENS,21363,93.8434722,G,S,OPEN,B.Tech,2025,4
'06214,"K. E. Society's Rajarambapu Institute of Technology, Walwa, Sangli",'0621456810,Computer Science and Information Technology,Un-Aided Autonomous,Unknown,GSEBCS,24346,92.9187706,G,S,SEBC,B.Tech,2025,4
'06214,"K. E. Society's Rajarambapu Institute of Technology, Walwa, Sangli",'0621456810,Computer Science and Information Technology,Un-Aided Autonomous,Unknown,GSTS,28074,91.7521019,G,S,ST,B.Tech,2025,4
'06214,"K. E. Society's Rajarambapu Institute of Technology, Walwa, Sangli",'0621461210,Mechanical Engineering,Un-Aided Autonomous,Unknown,GOPENS,46472,86.2041018,G,S,OPEN,B.Tech,2025,4
'06214,"K. E. Society's Rajarambapu Institute of Technology, Walwa, Sangli",'0621461210,Mechanical Engineering,Un-Aided Autonomous,Unknown,LNT1S,96401,68.9620341,L,S,NT1,B.Tech,2025,4
'06214,"K. E. Society's Rajarambapu Institute of Technology, Walwa, Sangli",'0621461210,Mechanical Engineering,Un-Aided Autonomous,Unknown,TFWS,18496,94.6848871,T,S,TFWS,B.Tech,2025,4
'06214,"K. E. Society's Rajarambapu Institute of Technology, Walwa, Sangli",'0621461210,Mechanical Engineering,Un-Aided Autonomous,Unknown,ORPHAN,50244,84.9728618,O,N,ORPHAN,B.Tech,2025,4
'06214,"K. E. Society's Rajarambapu Institute of Technology, Walwa, Sangli",'0621462410,Mechatronics Engineering,Un-Aided Autonomous,Unknown,LOPENS,45193,86.6223776,L,S,OPEN,B.Tech,2025,4
'06214,"K. E. Society's Rajarambapu Institute of Technology, Walwa, Sangli",'0621491110,Computer Science and Engineering(Artificial Intelligence and Machine Learning),Un-Aided Autonomous,Unknown,GOPENS,25052,92.7137598,G,S,OPEN,B.Tech,2025,4
'06214,"K. E. Society's Rajarambapu Institute of Technology, Walwa, Sangli",'0621491110,Computer Science and Engineering(Artificial Intelligence and Machine Learning),Un-Aided Autonomous,Unknown,GOBCS,31234,90.8739909,G,S,OBC,B.Tech,2025,4
'06214,"K. E. Society's Rajarambapu Institute of Technology, Walwa, Sangli",'0621491110,Computer Science and Engineering(Artificial Intelligence and Machine Learning),Un-Aided Autonomous,Unknown,LOPENS,27125,92.0737359,L,S,OPEN,B.Tech,2025,4
'06214,"K. E. Society's Rajarambapu Institute of Technology, Walwa, Sangli",'0621491110,Computer Science and Engineering(Artificial Intelligence and Machine Learning),Un-Aided Autonomous,Unknown,LOBCS,31704,90.6674583,L,S,OBC,B.Tech,2025,4
'06214,"K. E. Society's Rajarambapu Institute of Technology, Walwa, Sangli",'0621491110,Computer Science and Engineering(Artificial Intelligence and Machine Learning),Un-Aided Autonomous,Unknown,PWDOPENS,18711,94.5862876,P,S,PWD,B.Tech,2025,4
'06214,"K. E. Society's Rajarambapu Institute of Technology, Walwa, Sangli",'0621491110,Computer Science and Engineering(Artificial Intelligence and Machine Learning),Un-Aided Autonomous,Unknown,LSTS,26918,92.1231015,L,S,ST,B.Tech,2025,4
'06217,"Shri. Balasaheb Mane Shikshan Prasarak Mandal's, Ashokrao Mane Group of Institutions",'0621719110,Civil Engineering,Un-Aided Autonomous Home University : Autonomous Institute,Autonomous Institute,GOBCS,186207,18.1456181,G,S,OBC,B.Tech,2025,4
'06217,"Shri. Balasaheb Mane Shikshan Prasarak Mandal's, Ashokrao Mane Group of Institutions",'0621724210,Computer Science and Engineering,Un-Aided Autonomous Home University : Autonomous Institute,Autonomous Institute,GOPENS,103372,66.1695365,G,S,OPEN,B.Tech,2025,4
'06217,"Shri. Balasaheb Mane Shikshan Prasarak Mandal's, Ashokrao Mane Group of Institutions",'0621724210,Computer Science and Engineering,Un-Aided Autonomous Home University : Autonomous Institute,Autonomous Institute,GSCS,194565,10.4252003,G,S,SC,B.Tech,2025,4
'06217,"Shri. Balasaheb Mane Shikshan Prasarak Mandal's, Ashokrao Mane Group of Institutions",'0621724210,Computer Science and Engineering,Un-Aided Autonomous Home University : Autonomous Institute,Autonomous Institute,GOBCS,156486,39.5742169,G,S,OBC,B.Tech,2025,4
'06217,"Shri. Balasaheb Mane Shikshan Prasarak Mandal's, Ashokrao Mane Group of Institutions",'0621724210,Computer Science and Engineering,Un-Aided Autonomous Home University : Autonomous Institute,Autonomous Institute,LOPENS,78083,75.6075065,L,S,OPEN,B.Tech,2025,4
'06217,"Shri. Balasaheb Mane Shikshan Prasarak Mandal's, Ashokrao Mane Group of Institutions",'0621724210,Computer Science and Engineering,Un-Aided Autonomous Home University : Autonomous Institute,Autonomous Institute,LOBCS,93443,70.2033567,L,S,OBC,B.Tech,2025,4
'06217,"Shri. Balasaheb Mane Shikshan Prasarak Mandal's, Ashokrao Mane Group of Institutions",'0621724210,Computer Science and Engineering,Un-Aided Autonomous Home University : Autonomous Institute,Autonomous Institute,EWS,167297,32.1650475,E,S,EWS,B.Tech,2025,4
'06217,"Shri. Balasaheb Mane Shikshan Prasarak Mandal's, Ashokrao Mane Group of Institutions",'0621724210,Computer Science and Engineering,Un-Aided Autonomous Home University : Autonomous Institute,Autonomous Institute,DEFSEBCS,100717,67.1459332,D,S,SEBC,B.Tech,2025,4
'06217,"Shri. Balasaheb Mane Shikshan Prasarak Mandal's, Ashokrao Mane Group of Institutions",'0621726310,Artificial Intelligence (AI) and Data Science,Un-Aided Autonomous Home University : Autonomous Institute,Autonomous Institute,GOPENS,88025,71.8498844,G,S,OPEN,B.Tech,2025,4
'06217,"Shri. Balasaheb Mane Shikshan Prasarak Mandal's, Ashokrao Mane Group of Institutions",'0621726310,Artificial Intelligence (AI) and Data Science,Un-Aided Autonomous Home University : Autonomous Institute,Autonomous Institute,GOBCS,122798,57.4376852,G,S,OBC,B.Tech,2025,4
'06217,"Shri. Balasaheb Mane Shikshan Prasarak Mandal's, Ashokrao Mane Group of Institutions",'0621726310,Artificial Intelligence (AI) and Data Science,Un-Aided Autonomous Home University : Autonomous Institute,Autonomous Institute,GSEBCS,120626,58.4401523,G,S,SEBC,B.Tech,2025,4
'06217,"Shri. Balasaheb Mane Shikshan Prasarak Mandal's, Ashokrao Mane Group of Institutions",'0621729310,Electrical Engineering,Un-Aided Autonomous Home University : Autonomous Institute,Autonomous Institute,GNT1S,184762,19.1697794,G,S,NT1,B.Tech,2025,4
'06217,"Shri. Balasaheb Mane Shikshan Prasarak Mandal's, Ashokrao Mane Group of Institutions",'0621729310,Electrical Engineering,Un-Aided Autonomous Home University : Autonomous Institute,Autonomous Institute,GOBCS,119451,58.8994542,G,S,OBC,B.Tech,2025,4
'06217,"Shri. Balasaheb Mane Shikshan Prasarak Mandal's, Ashokrao Mane Group of Institutions",'0621729310,Electrical Engineering,Un-Aided Autonomous Home University : Autonomous Institute,Autonomous Institute,GSEBCS,132424,52.8806012,G,S,SEBC,B.Tech,2025,4
'06217,"Shri. Balasaheb Mane Shikshan Prasarak Mandal's, Ashokrao Mane Group of Institutions",'0621729310,Electrical Engineering,Un-Aided Autonomous Home University : Autonomous Institute,Autonomous Institute,LOPENS,124459,56.8426573,L,S,OPEN,B.Tech,2025,4
'06217,"Shri. Balasaheb Mane Shikshan Prasarak Mandal's, Ashokrao Mane Group of Institutions",'0621729310,Electrical Engineering,Un-Aided Autonomous Home University : Autonomous Institute,Autonomous Institute,DEFOBCS,161276,36.1161649,D,S,OBC,B.Tech,2025,4
'06217,"Shri. Balasaheb Mane Shikshan Prasarak Mandal's, Ashokrao Mane Group of Institutions",'0621729310,Electrical Engineering,Un-Aided Autonomous Home University : Autonomous Institute,Autonomous Institute,GSTS,133119,52.5968356,G,S,ST,B.Tech,2025,4
'06217,"Shri. Balasaheb Mane Shikshan Prasarak Mandal's, Ashokrao Mane Group of Institutions",'0621729310,Electrical Engineering,Un-Aided Autonomous Home University : Autonomous Institute,Autonomous Institute,LSCS,116351,60.4378874,L,S,SC,B.Tech,2025,4
'06217,"Shri. Balasaheb Mane Shikshan Prasarak Mandal's, Ashokrao Mane Group of Institutions",'0621729310,Electrical Engineering,Un-Aided Autonomous Home University : Autonomous Institute,Autonomous Institute,ORPHAN,134234,51.7009371,O,N,ORPHAN,B.Tech,2025,4
'06217,"Shri. Balasaheb Mane Shikshan Prasarak Mandal's, Ashokrao Mane Group of Institutions",'0621737210,Electronics and Telecommunication Engg,Un-Aided Autonomous Home University : Autonomous Institute,Autonomous Institute,GOPENS,123944,57.0133407,G,S,OPEN,B.Tech,2025,4
'06217,"Shri. Balasaheb Mane Shikshan Prasarak Mandal's, Ashokrao Mane Group of Institutions",'0621737210,Electronics and Telecommunication Engg,Un-Aided Autonomous Home University : Autonomous Institute,Autonomous Institute,GSCS,197034,7.8975079,G,S,SC,B.Tech,2025,4
'06217,"Shri. Balasaheb Mane Shikshan Prasarak Mandal's, Ashokrao Mane Group of Institutions",'0621737210,Electronics and Telecommunication Engg,Un-Aided Autonomous Home University : Autonomous Institute,Autonomous Institute,GOBCS,162945,35.6771832,G,S,OBC,B.Tech,2025,4
'06217,"Shri. Balasaheb Mane Shikshan Prasarak Mandal's, Ashokrao Mane Group of Institutions",'0621737210,Electronics and Telecommunication Engg,Un-Aided Autonomous Home University : Autonomous Institute,Autonomous Institute,LOPENS,114920,60.9090909,L,S,OPEN,B.Tech,2025,4
'06217,"Shri. Balasaheb Mane Shikshan Prasarak Mandal's, Ashokrao Mane Group of Institutions",'0621737210,Electronics and Telecommunication Engg,Un-Aided Autonomous Home University : Autonomous Institute,Autonomous Institute,LSEBCS,116387,60.4221150,L,S,SEBC,B.Tech,2025,4
'06217,"Shri. Balasaheb Mane Shikshan Prasarak Mandal's, Ashokrao Mane Group of Institutions",'0621737210,Electronics and Telecommunication Engg,Un-Aided Autonomous Home University : Autonomous Institute,Autonomous Institute,PWDOBCS,152820,41.7471281,P,S,PWD,B.Tech,2025,4
'06217,"Shri. Balasaheb Mane Shikshan Prasarak Mandal's, Ashokrao Mane Group of Institutions",'0621737210,Electronics and Telecommunication Engg,Un-Aided Autonomous Home University : Autonomous Institute,Autonomous Institute,GSCS,131203,53.6060165,G,S,SC,B.Tech,2025,4
'06217,"Shri. Balasaheb Mane Shikshan Prasarak Mandal's, Ashokrao Mane Group of Institutions",'0621737210,Electronics and Telecommunication Engg,Un-Aided Autonomous Home University : Autonomous Institute,Autonomous Institute,GSTS,126400,55.6405756,G,S,ST,B.Tech,2025,4
'06217,"Shri. Balasaheb Mane Shikshan Prasarak Mandal's, Ashokrao Mane Group of Institutions",'0621737210,Electronics and Telecommunication Engg,Un-Aided Autonomous Home University : Autonomous Institute,Autonomous Institute,LVJS,131076,53.6060165,L,S,VJ,B.Tech,2025,4
'06217,"Shri. Balasaheb Mane Shikshan Prasarak Mandal's, Ashokrao Mane Group of Institutions",'0621761210,Mechanical Engineering,Un-Aided Autonomous Home University : Autonomous Institute,Autonomous Institute,GOBCS,77666,75.6522650,G,S,OBC,B.Tech,2025,4
'06217,"Shri. Balasaheb Mane Shikshan Prasarak Mandal's, Ashokrao Mane Group of Institutions",'0621761210,Mechanical Engineering,Un-Aided Autonomous Home University : Autonomous Institute,Autonomous Institute,LSCS,119086,59.1762367,L,S,SC,B.Tech,2025,4
'06217,"Shri. Balasaheb Mane Shikshan Prasarak Mandal's, Ashokrao Mane Group of Institutions",'0621761210,Mechanical Engineering,Un-Aided Autonomous Home University : Autonomous Institute,Autonomous Institute,LNT1S,119352,58.8994542,L,S,NT1,B.Tech,2025,4
'06217,"Shri. Balasaheb Mane Shikshan Prasarak Mandal's, Ashokrao Mane Group of Institutions",'0621784410,Electronics and Computer Engineering,Un-Aided Autonomous Home University : Autonomous Institute,Autonomous Institute,GOPENS,123104,57.4376852,G,S,OPEN,B.Tech,2025,4
'06217,"Shri. Balasaheb Mane Shikshan Prasarak Mandal's, Ashokrao Mane Group of Institutions",'0621784410,Electronics and Computer Engineering,Un-Aided Autonomous Home University : Autonomous Institute,Autonomous Institute,GOBCS,182438,21.5408750,G,S,OBC,B.Tech,2025,4
'06217,"Shri. Balasaheb Mane Shikshan Prasarak Mandal's, Ashokrao Mane Group of Institutions",'0621784410,Electronics and Computer Engineering,Un-Aided Autonomous Home University : Autonomous Institute,Autonomous Institute,LOPENS,126195,55.6405756,L,S,OPEN,B.Tech,2025,4
'06217,"Shri. Balasaheb Mane Shikshan Prasarak Mandal's, Ashokrao Mane Group of Institutions",'0621784410,Electronics and Computer Engineering,Un-Aided Autonomous Home University : Autonomous Institute,Autonomous Institute,DEFOBCS,176392,25.5643537,D,S,OBC,B.Tech,2025,4
'06217,"Shri. Balasaheb Mane Shikshan Prasarak Mandal's, Ashokrao Mane Group of Institutions",'0621784410,Electronics and Computer Engineering,Un-Aided Autonomous Home University : Autonomous Institute,Autonomous Institute,PWDOBCS,180086,22.8214173,P,S,PWD,B.Tech,2025,4
'06217,"Shri. Balasaheb Mane Shikshan Prasarak Mandal's, Ashokrao Mane Group of Institutions",'0621792110,Artificial Intelligence and Machine Learning,Un-Aided Autonomous Home University : Autonomous Institute,Autonomous Institute,GNT1S,135551,50.9683037,G,S,NT1,B.Tech,2025,4
'06217,"Shri. Balasaheb Mane Shikshan Prasarak Mandal's, Ashokrao Mane Group of Institutions",'0621792110,Artificial Intelligence and Machine Learning,Un-Aided Autonomous Home University : Autonomous Institute,Autonomous Institute,LSEBCS,123375,57.4017459,L,S,SEBC,B.Tech,2025,4
'06217,"Shri. Balasaheb Mane Shikshan Prasarak Mandal's, Ashokrao Mane Group of Institutions",'0621792110,Artificial Intelligence and Machine Learning,Un-Aided Autonomous Home University : Autonomous Institute,Autonomous Institute,DEFSCS,156604,39.3601986,D,S,SC,B.Tech,2025,4
'06217,"Shri. Balasaheb Mane Shikshan Prasarak Mandal's, Ashokrao Mane Group of Institutions",'0621792110,Artificial Intelligence and Machine Learning,Un-Aided Autonomous Home University : Autonomous Institute,Autonomous Institute,DEFOBCS,88191,71.8498844,D,S,OBC,B.Tech,2025,4
'06219,"KSGBS's Bharat- Ratna Indira Gandhi College of Engineering, Kegaon, Solapur",'0621919110,Civil Engineering,Un-Aided Home University : Punyashlok Ahilyadevi Holkar Solapur University,Punyashlok Ahilyadevi Holkar Solapur University,LOPENH,184698,19.2051273,L,H,OPEN,B.Tech,2025,4
'06219,"KSGBS's Bharat- Ratna Indira Gandhi College of Engineering, Kegaon, Solapur",'0621924210,Computer Science and Engineering,Un-Aided Home University : Punyashlok Ahilyadevi Holkar Solapur University,Punyashlok Ahilyadevi Holkar Solapur University,GSCH,192115,12.9554081,G,H,SC,B.Tech,2025,4
'06219,"KSGBS's Bharat- Ratna Indira Gandhi College of Engineering, Kegaon, Solapur",'0621924210,Computer Science and Engineering,Un-Aided Home University : Punyashlok Ahilyadevi Holkar Solapur University,Punyashlok Ahilyadevi Holkar Solapur University,LOPENH,199824,5.0214955,L,H,OPEN,B.Tech,2025,4
'06219,"KSGBS's Bharat- Ratna Indira Gandhi College of Engineering, Kegaon, Solapur",'0621937210,Electronics and Telecommunication Engg,Un-Aided Home University : Punyashlok Ahilyadevi Holkar Solapur University,Punyashlok Ahilyadevi Holkar Solapur University,GOPENH,182435,21.5408750,G,H,OPEN,B.Tech,2025,4
'06219,"KSGBS's Bharat- Ratna Indira Gandhi College of Engineering, Kegaon, Solapur",'0621946110,Bio Medical Engineering,Un-Aided Home University : Punyashlok Ahilyadevi Holkar Solapur University,Punyashlok Ahilyadevi Holkar Solapur University,GOPENO,174141,28.2789485,G,O,OPEN,B.Tech,2025,4
'06219,"KSGBS's Bharat- Ratna Indira Gandhi College of Engineering, Kegaon, Solapur",'0621961210,Mechanical Engineering,Un-Aided Home University : Punyashlok Ahilyadevi Holkar Solapur University,Punyashlok Ahilyadevi Holkar Solapur University,GOPENO,155045,39.9024730,G,O,OPEN,B.Tech,2025,4
'06220,"SVERI's College of Engineering, Pandharpur",'0622019110,Civil Engineering,Un-Aided Autonomous,Unknown,GSCS,186980,17.2365618,G,S,SC,B.Tech,2025,4
'06220,"SVERI's College of Engineering, Pandharpur",'0622019110,Civil Engineering,Un-Aided Autonomous,Unknown,EWS,186040,18.4184219,E,S,EWS,B.Tech,2025,4
'06220,"SVERI's College of Engineering, Pandharpur",'0622019110,Civil Engineering,Un-Aided Autonomous,Unknown,GNT3S,54287,83.7674516,G,S,NT3,B.Tech,2025,4
'06220,"SVERI's College of Engineering, Pandharpur",'0622024210,Computer Science and Engineering,Un-Aided Autonomous,Unknown,GOPENS,43012,87.3029561,G,S,OPEN,B.Tech,2025,4
'06220,"SVERI's College of Engineering, Pandharpur",'0622024210,Computer Science and Engineering,Un-Aided Autonomous,Unknown,GSCS,88703,71.6607627,G,S,SC,B.Tech,2025,4
'06220,"SVERI's College of Engineering, Pandharpur",'0622024210,Computer Science and Engineering,Un-Aided Autonomous,Unknown,GOBCS,64565,80.3575863,G,S,OBC,B.Tech,2025,4
'06220,"SVERI's College of Engineering, Pandharpur",'0622024210,Computer Science and Engineering,Un-Aided Autonomous,Unknown,LOPENS,39053,88.5033286,L,S,OPEN,B.Tech,2025,4
'06220,"SVERI's College of Engineering, Pandharpur",'0622024210,Computer Science and Engineering,Un-Aided Autonomous,Unknown,LOBCS,59413,82.1124479,L,S,OBC,B.Tech,2025,4
'06220,"SVERI's College of Engineering, Pandharpur",'0622024210,Computer Science and Engineering,Un-Aided Autonomous,Unknown,EWS,81743,74.5404987,E,S,EWS,B.Tech,2025,4
'06220,"SVERI's College of Engineering, Pandharpur",'0622024210,Computer Science and Engineering,Un-Aided Autonomous,Unknown,GSTS,50496,84.8811189,G,S,ST,B.Tech,2025,4
'06220,"SVERI's College of Engineering, Pandharpur",'0622029310,Electrical Engineering,Un-Aided Autonomous,Unknown,GSEBCS,112082,62.1412608,G,S,SEBC,B.Tech,2025,4
'06220,"SVERI's College of Engineering, Pandharpur",'0622037210,Electronics and Telecommunication Engg,Un-Aided Autonomous,Unknown,GOPENS,64451,80.3575863,G,S,OPEN,B.Tech,2025,4
'06220,"SVERI's College of Engineering, Pandharpur",'0622037210,Electronics and Telecommunication Engg,Un-Aided Autonomous,Unknown,GOBCS,67953,79.3730892,G,S,OBC,B.Tech,2025,4
'06220,"SVERI's College of Engineering, Pandharpur",'0622037210,Electronics and Telecommunication Engg,Un-Aided Autonomous,Unknown,EWS,163222,35.5422955,E,S,EWS,B.Tech,2025,4
'06220,"SVERI's College of Engineering, Pandharpur",'0622037210,Electronics and Telecommunication Engg,Un-Aided Autonomous,Unknown,PWDOPENS,60153,81.8021201,P,S,PWD,B.Tech,2025,4
'06220,"SVERI's College of Engineering, Pandharpur",'0622037210,Electronics and Telecommunication Engg,Un-Aided Autonomous,Unknown,PWDSCS,68136,79.3004726,P,S,PWD,B.Tech,2025,4
'06220,"SVERI's College of Engineering, Pandharpur",'0622037210,Electronics and Telecommunication Engg,Un-Aided Autonomous,Unknown,LNT3S,61948,81.1324174,L,S,NT3,B.Tech,2025,4
'06220,"SVERI's College of Engineering, Pandharpur",'0622061210,Mechanical Engineering,Un-Aided Autonomous,Unknown,GNT3S,161812,35.9909439,G,S,NT3,B.Tech,2025,4
'06220,"SVERI's College of Engineering, Pandharpur",'0622061210,Mechanical Engineering,Un-Aided Autonomous,Unknown,GOBCS,92625,70.5005064,G,S,OBC,B.Tech,2025,4
'06220,"SVERI's College of Engineering, Pandharpur",'0622061210,Mechanical Engineering,Un-Aided Autonomous,Unknown,LOPENS,86231,72.7429418,L,S,OPEN,B.Tech,2025,4
'06220,"SVERI's College of Engineering, Pandharpur",'0622061210,Mechanical Engineering,Un-Aided Autonomous,Unknown,EWS,200791,3.8667565,E,S,EWS,B.Tech,2025,4
'06220,"SVERI's College of Engineering, Pandharpur",'0622061210,Mechanical Engineering,Un-Aided Autonomous,Unknown,ORPHAN,79729,75.2107280,O,N,ORPHAN,B.Tech,2025,4
'06220,"SVERI's College of Engineering, Pandharpur",'0622084410,Electronics and Computer Engineering,Un-Aided Autonomous,Unknown,GSEBCS,52613,84.1437716,G,S,SEBC,B.Tech,2025,4
'06220,"SVERI's College of Engineering, Pandharpur",'0622084410,Electronics and Computer Engineering,Un-Aided Autonomous,Unknown,GSTS,83717,73.6328536,G,S,ST,B.Tech,2025,4
'06222,"Dattajirao Kadam Technical Education Society's Textile & Engineering Institute, Ichalkaranji.",'0622219110,Civil Engineering,Un-Aided Autonomous,Unknown,LOPENS,61692,81.2846613,L,S,OPEN,B.Tech,2025,4
'06222,"Dattajirao Kadam Technical Education Society's Textile & Engineering Institute, Ichalkaranji.",'0622219110,Civil Engineering,Un-Aided Autonomous,Unknown,PWDOPENS,41754,87.6322867,P,S,PWD,B.Tech,2025,4
'06222,"Dattajirao Kadam Technical Education Society's Textile & Engineering Institute, Ichalkaranji.",'0622224210,Computer Science and Engineering,Un-Aided Autonomous,Unknown,GOPENS,27085,92.0737359,G,S,OPEN,B.Tech,2025,4
'06222,"Dattajirao Kadam Technical Education Society's Textile & Engineering Institute, Ichalkaranji.",'0622224210,Computer Science and Engineering,Un-Aided Autonomous,Unknown,GNT1S,63701,80.7175218,G,S,NT1,B.Tech,2025,4
'06222,"Dattajirao Kadam Technical Education Society's Textile & Engineering Institute, Ichalkaranji.",'0622224210,Computer Science and Engineering,Un-Aided Autonomous,Unknown,GOBCS,35933,89.3717407,G,S,OBC,B.Tech,2025,4
'06222,"Dattajirao Kadam Technical Education Society's Textile & Engineering Institute, Ichalkaranji.",'0622224210,Computer Science and Engineering,Un-Aided Autonomous,Unknown,GSEBCS,34663,89.8391608,G,S,SEBC,B.Tech,2025,4
'06222,"Dattajirao Kadam Technical Education Society's Textile & Engineering Institute, Ichalkaranji.",'0622224210,Computer Science and Engineering,Un-Aided Autonomous,Unknown,GSTS,31156,90.8833776,G,S,ST,B.Tech,2025,4
'06222,"Dattajirao Kadam Technical Education Society's Textile & Engineering Institute, Ichalkaranji.",'0622224210,Computer Science and Engineering,Un-Aided Autonomous,Unknown,ORPHAN,33315,90.1610143,O,N,ORPHAN,B.Tech,2025,4
'06222,"Dattajirao Kadam Technical Education Society's Textile & Engineering Institute, Ichalkaranji.",'0622226310,Artificial Intelligence (AI) and Data Science,Un-Aided Autonomous,Unknown,GOPENS,39371,88.3826292,G,S,OPEN,B.Tech,2025,4
'06222,"Dattajirao Kadam Technical Education Society's Textile & Engineering Institute, Ichalkaranji.",'0622226310,Artificial Intelligence (AI) and Data Science,Un-Aided Autonomous,Unknown,GOBCS,40460,87.9825175,G,S,OBC,B.Tech,2025,4
'06222,"Dattajirao Kadam Technical Education Society's Textile & Engineering Institute, Ichalkaranji.",'0622226310,Artificial Intelligence (AI) and Data Science,Un-Aided Autonomous,Unknown,LOPENS,29761,91.3082283,L,S,OPEN,B.Tech,2025,4
'06222,"Dattajirao Kadam Technical Education Society's Textile & Engineering Institute, Ichalkaranji.",'0622226310,Artificial Intelligence (AI) and Data Science,Un-Aided Autonomous,Unknown,EWS,38214,88.7271830,E,S,EWS,B.Tech,2025,4
'06222,"Dattajirao Kadam Technical Education Society's Textile & Engineering Institute, Ichalkaranji.",'0622229310,Electrical Engineering,Un-Aided Autonomous,Unknown,GOPENS,60000,81.8021201,G,S,OPEN,B.Tech,2025,4
'06222,"Dattajirao Kadam Technical Education Society's Textile & Engineering Institute, Ichalkaranji.",'0622229310,Electrical Engineering,Un-Aided Autonomous,Unknown,LSEBCS,67608,79.4832155,L,S,SEBC,B.Tech,2025,4
'06222,"Dattajirao Kadam Technical Education Society's Textile & Engineering Institute, Ichalkaranji.",'0622229310,Electrical Engineering,Un-Aided Autonomous,Unknown,EWS,55875,83.2058578,E,S,EWS,B.Tech,2025,4
'06222,"Dattajirao Kadam Technical Education Society's Textile & Engineering Institute, Ichalkaranji.",'0622229310,Electrical Engineering,Un-Aided Autonomous,Unknown,DEFOPENS,54486,83.5597353,D,S,OPEN,B.Tech,2025,4
'06222,"Dattajirao Kadam Technical Education Society's Textile & Engineering Institute, Ichalkaranji.",'0622229310,Electrical Engineering,Un-Aided Autonomous,Unknown,GVJS,60739,81.6328671,G,S,VJ,B.Tech,2025,4
'06222,"Dattajirao Kadam Technical Education Society's Textile & Engineering Institute, Ichalkaranji.",'0622237210,Electronics and Telecommunication Engg,Un-Aided Autonomous,Unknown,GOPENS,42261,87.4115391,G,S,OPEN,B.Tech,2025,4
'06222,"Dattajirao Kadam Technical Education Society's Textile & Engineering Institute, Ichalkaranji.",'0622237210,Electronics and Telecommunication Engg,Un-Aided Autonomous,Unknown,GVJS,125631,56.2929777,G,S,VJ,B.Tech,2025,4
'06222,"Dattajirao Kadam Technical Education Society's Textile & Engineering Institute, Ichalkaranji.",'0622237210,Electronics and Telecommunication Engg,Un-Aided Autonomous,Unknown,GOBCS,56294,83.0707711,G,S,OBC,B.Tech,2025,4
'06222,"Dattajirao Kadam Technical Education Society's Textile & Engineering Institute, Ichalkaranji.",'0622237210,Electronics and Telecommunication Engg,Un-Aided Autonomous,Unknown,EWS,44988,86.6751751,E,S,EWS,B.Tech,2025,4
'06222,"Dattajirao Kadam Technical Education Society's Textile & Engineering Institute, Ichalkaranji.",'0622237210,Electronics and Telecommunication Engg,Un-Aided Autonomous,Unknown,DEFOBCS,52718,84.1437716,D,S,OBC,B.Tech,2025,4
'06222,"Dattajirao Kadam Technical Education Society's Textile & Engineering Institute, Ichalkaranji.",'0622237210,Electronics and Telecommunication Engg,Un-Aided Autonomous,Unknown,PWDOPENS,47074,85.9124978,P,S,PWD,B.Tech,2025,4
'06222,"Dattajirao Kadam Technical Education Society's Textile & Engineering Institute, Ichalkaranji.",'0622246510,Technical Textiles,Un-Aided Autonomous,Unknown,GOPENS,105134,65.5190641,G,S,OPEN,B.Tech,2025,4
'06222,"Dattajirao Kadam Technical Education Society's Textile & Engineering Institute, Ichalkaranji.",'0622246510,Technical Textiles,Un-Aided Autonomous,Unknown,LOPENS,109848,63.3986014,L,S,OPEN,B.Tech,2025,4
'06222,"Dattajirao Kadam Technical Education Society's Textile & Engineering Institute, Ichalkaranji.",'0622257010,Fashion Technology,Un-Aided Autonomous,Unknown,GOPENS,81825,76.5279741,G,S,OPEN,B.Tech,2025,4
'06222,"Dattajirao Kadam Technical Education Society's Textile & Engineering Institute, Ichalkaranji.",'0622257010,Fashion Technology,Un-Aided Autonomous,Unknown,GSEBCS,126604,59.1762367,G,S,SEBC,B.Tech,2025,4
'06222,"Dattajirao Kadam Technical Education Society's Textile & Engineering Institute, Ichalkaranji.",'0622257010,Fashion Technology,Un-Aided Autonomous,Unknown,LOPENS,5324,98.5422883,L,S,OPEN,B.Tech,2025,4
'06222,"Dattajirao Kadam Technical Education Society's Textile & Engineering Institute, Ichalkaranji.",'0622257010,Fashion Technology,Un-Aided Autonomous,Unknown,LSEBCS,61886,82.5532062,L,S,SEBC,B.Tech,2025,4
'06222,"Dattajirao Kadam Technical Education Society's Textile & Engineering Institute, Ichalkaranji.",'0622261210,Mechanical Engineering,Un-Aided Autonomous,Unknown,GOBCS,92342,70.5072010,G,S,OBC,B.Tech,2025,4
'06222,"Dattajirao Kadam Technical Education Society's Textile & Engineering Institute, Ichalkaranji.",'0622261210,Mechanical Engineering,Un-Aided Autonomous,Unknown,LOPENS,82968,73.7482517,L,S,OPEN,B.Tech,2025,4
'06222,"Dattajirao Kadam Technical Education Society's Textile & Engineering Institute, Ichalkaranji.",'0622261210,Mechanical Engineering,Un-Aided Autonomous,Unknown,LVJS,188037,16.4425946,L,S,VJ,B.Tech,2025,4
'06222,"Dattajirao Kadam Technical Education Society's Textile & Engineering Institute, Ichalkaranji.",'0622288610,Man Made Textile Technology,Un-Aided Autonomous,Unknown,GOPENS,112691,62.0615406,G,S,OPEN,B.Tech,2025,4
'06222,"Dattajirao Kadam Technical Education Society's Textile & Engineering Institute, Ichalkaranji.",'0622288610,Man Made Textile Technology,Un-Aided Autonomous,Unknown,GNT2S,154963,39.9024730,G,S,NT2,B.Tech,2025,4
'06222,"Dattajirao Kadam Technical Education Society's Textile & Engineering Institute, Ichalkaranji.",'0622288610,Man Made Textile Technology,Un-Aided Autonomous,Unknown,GSTS,113532,61.6834321,G,S,ST,B.Tech,2025,4
'06222,"Dattajirao Kadam Technical Education Society's Textile & Engineering Institute, Ichalkaranji.",'0622289010,Textile Chemistry,Un-Aided Autonomous,Unknown,GOPENS,65187,81.6328671,G,S,OPEN,B.Tech,2025,4
'06222,"Dattajirao Kadam Technical Education Society's Textile & Engineering Institute, Ichalkaranji.",'0622289010,Textile Chemistry,Un-Aided Autonomous,Unknown,GSCS,199864,9.0142807,G,S,SC,B.Tech,2025,4
'06222,"Dattajirao Kadam Technical Education Society's Textile & Engineering Institute, Ichalkaranji.",'0622289010,Textile Chemistry,Un-Aided Autonomous,Unknown,GOBCS,132626,56.6213771,G,S,OBC,B.Tech,2025,4
'06222,"Dattajirao Kadam Technical Education Society's Textile & Engineering Institute, Ichalkaranji.",'0622289010,Textile Chemistry,Un-Aided Autonomous,Unknown,GSEBCS,143263,51.0514832,G,S,SEBC,B.Tech,2025,4
'06222,"Dattajirao Kadam Technical Education Society's Textile & Engineering Institute, Ichalkaranji.",'0622289010,Textile Chemistry,Un-Aided Autonomous,Unknown,LOPENS,97283,71.1730870,L,S,OPEN,B.Tech,2025,4
'06222,"Dattajirao Kadam Technical Education Society's Textile & Engineering Institute, Ichalkaranji.",'0622289010,Textile Chemistry,Un-Aided Autonomous,Unknown,LOBCS,121626,61.1953090,L,S,OBC,B.Tech,2025,4
'06222,"Dattajirao Kadam Technical Education Society's Textile & Engineering Institute, Ichalkaranji.",'0622289010,Textile Chemistry,Un-Aided Autonomous,Unknown,LSEBCS,104440,68.4448259,L,S,SEBC,B.Tech,2025,4
'06222,"Dattajirao Kadam Technical Education Society's Textile & Engineering Institute, Ichalkaranji.",'0622289010,Textile Chemistry,Un-Aided Autonomous,Unknown,TFWS,52560,0.0000000,T,S,TFWS,B.Tech,2025,4
'06222,"Dattajirao Kadam Technical Education Society's Textile & Engineering Institute, Ichalkaranji.",'0622289010,Textile Chemistry,Un-Aided Autonomous,Unknown,DEFOPENS,108869,66.4263323,D,S,OPEN,B.Tech,2025,4
'06222,"Dattajirao Kadam Technical Education Society's Textile & Engineering Institute, Ichalkaranji.",'0622289610,Textile Technology,Un-Aided Autonomous,Unknown,GOPENS,90211,71.4755245,G,S,OPEN,B.Tech,2025,4
'06222,"Dattajirao Kadam Technical Education Society's Textile & Engineering Institute, Ichalkaranji.",'0622289610,Textile Technology,Un-Aided Autonomous,Unknown,GSCS,146301,45.8266058,G,S,SC,B.Tech,2025,4
'06222,"Dattajirao Kadam Technical Education Society's Textile & Engineering Institute, Ichalkaranji.",'0622289610,Textile Technology,Un-Aided Autonomous,Unknown,GNT2S,136774,50.5909012,G,S,NT2,B.Tech,2025,4
'06222,"Dattajirao Kadam Technical Education Society's Textile & Engineering Institute, Ichalkaranji.",'0622289610,Textile Technology,Un-Aided Autonomous,Unknown,LOPENS,83744,73.6328536,L,S,OPEN,B.Tech,2025,4
'06222,"Dattajirao Kadam Technical Education Society's Textile & Engineering Institute, Ichalkaranji.",'0622291110,Computer Science and Engineering(Artificial Intelligence and Machine Learning),Un-Aided Autonomous,Unknown,GOPENS,27430,92.0330624,G,S,OPEN,B.Tech,2025,4
'06222,"Dattajirao Kadam Technical Education Society's Textile & Engineering Institute, Ichalkaranji.",'0622291110,Computer Science and Engineering(Artificial Intelligence and Machine Learning),Un-Aided Autonomous,Unknown,GSCS,48161,85.6182564,G,S,SC,B.Tech,2025,4
'06222,"Dattajirao Kadam Technical Education Society's Textile & Engineering Institute, Ichalkaranji.",'0622291110,Computer Science and Engineering(Artificial Intelligence and Machine Learning),Un-Aided Autonomous,Unknown,GOBCS,35106,89.6827150,G,S,OBC,B.Tech,2025,4
'06222,"Dattajirao Kadam Technical Education Society's Textile & Engineering Institute, Ichalkaranji.",'0622291110,Computer Science and Engineering(Artificial Intelligence and Machine Learning),Un-Aided Autonomous,Unknown,LSEBCS,34008,90.0175917,L,S,SEBC,B.Tech,2025,4
'06223,"Pradnya Niketan Education Society's Nagesh Karajagi Orchid College of Engineering & Technology, Solapur",'0622319110,Civil Engineering,Un-Aided Autonomous Home University : Autonomous Institute,Autonomous Institute,GOPENS,88527,71.8197195,G,S,OPEN,B.Tech,2025,4
'06223,"Pradnya Niketan Education Society's Nagesh Karajagi Orchid College of Engineering & Technology, Solapur",'0622319110,Civil Engineering,Un-Aided Autonomous Home University : Autonomous Institute,Autonomous Institute,GOBCS,115093,60.8775137,G,S,OBC,B.Tech,2025,4
'06223,"Pradnya Niketan Education Society's Nagesh Karajagi Orchid College of Engineering & Technology, Solapur",'0622319110,Civil Engineering,Un-Aided Autonomous Home University : Autonomous Institute,Autonomous Institute,GSEBCS,127279,55.2744499,G,S,SEBC,B.Tech,2025,4
'06223,"Pradnya Niketan Education Society's Nagesh Karajagi Orchid College of Engineering & Technology, Solapur",'0622319110,Civil Engineering,Un-Aided Autonomous Home University : Autonomous Institute,Autonomous Institute,EWS,113272,61.7969670,E,S,EWS,B.Tech,2025,4
'06223,"Pradnya Niketan Education Society's Nagesh Karajagi Orchid College of Engineering & Technology, Solapur",'0622319110,Civil Engineering,Un-Aided Autonomous Home University : Autonomous Institute,Autonomous Institute,PWDOBCS,124023,57.0133407,P,S,PWD,B.Tech,2025,4
'06223,"Pradnya Niketan Education Society's Nagesh Karajagi Orchid College of Engineering & Technology, Solapur",'0622324210,Computer Science and Engineering,Un-Aided Autonomous Home University : Autonomous Institute,Autonomous Institute,GOPENS,55825,83.2058578,G,S,OPEN,B.Tech,2025,4
'06223,"Pradnya Niketan Education Society's Nagesh Karajagi Orchid College of Engineering & Technology, Solapur",'0622324210,Computer Science and Engineering,Un-Aided Autonomous Home University : Autonomous Institute,Autonomous Institute,GOBCS,68391,79.0279720,G,S,OBC,B.Tech,2025,4
'06223,"Pradnya Niketan Education Society's Nagesh Karajagi Orchid College of Engineering & Technology, Solapur",'0622324210,Computer Science and Engineering,Un-Aided Autonomous Home University : Autonomous Institute,Autonomous Institute,LOPENS,41624,87.6831328,L,S,OPEN,B.Tech,2025,4
'06223,"Pradnya Niketan Education Society's Nagesh Karajagi Orchid College of Engineering & Technology, Solapur",'0622324210,Computer Science and Engineering,Un-Aided Autonomous Home University : Autonomous Institute,Autonomous Institute,LOBCS,55009,83.4741816,L,S,OBC,B.Tech,2025,4
'06223,"Pradnya Niketan Education Society's Nagesh Karajagi Orchid College of Engineering & Technology, Solapur",'0622324210,Computer Science and Engineering,Un-Aided Autonomous Home University : Autonomous Institute,Autonomous Institute,EWS,65341,79.9894700,E,S,EWS,B.Tech,2025,4
'06223,"Pradnya Niketan Education Society's Nagesh Karajagi Orchid College of Engineering & Technology, Solapur",'0622324210,Computer Science and Engineering,Un-Aided Autonomous Home University : Autonomous Institute,Autonomous Institute,GSTS,60588,81.6453226,G,S,ST,B.Tech,2025,4
'06223,"Pradnya Niketan Education Society's Nagesh Karajagi Orchid College of Engineering & Technology, Solapur",'0622324210,Computer Science and Engineering,Un-Aided Autonomous Home University : Autonomous Institute,Autonomous Institute,LSTS,55191,83.4378744,L,S,ST,B.Tech,2025,4
'06223,"Pradnya Niketan Education Society's Nagesh Karajagi Orchid College of Engineering & Technology, Solapur",'0622329310,Electrical Engineering,Un-Aided Autonomous Home University : Autonomous Institute,Autonomous Institute,GOPENS,96484,68.9620341,G,S,OPEN,B.Tech,2025,4
'06223,"Pradnya Niketan Education Society's Nagesh Karajagi Orchid College of Engineering & Technology, Solapur",'0622329310,Electrical Engineering,Un-Aided Autonomous Home University : Autonomous Institute,Autonomous Institute,GSEBCS,151668,42.7403863,G,S,SEBC,B.Tech,2025,4
'06223,"Pradnya Niketan Education Society's Nagesh Karajagi Orchid College of Engineering & Technology, Solapur",'0622337210,Electronics and Telecommunication Engg,Un-Aided Autonomous Home University : Autonomous Institute,Autonomous Institute,GOPENS,76072,76.6755200,G,S,OPEN,B.Tech,2025,4
'06223,"Pradnya Niketan Education Society's Nagesh Karajagi Orchid College of Engineering & Technology, Solapur",'0622337210,Electronics and Telecommunication Engg,Un-Aided Autonomous Home University : Autonomous Institute,Autonomous Institute,GSCS,97736,68.3753318,G,S,SC,B.Tech,2025,4
'06223,"Pradnya Niketan Education Society's Nagesh Karajagi Orchid College of Engineering & Technology, Solapur",'0622337210,Electronics and Telecommunication Engg,Un-Aided Autonomous Home University : Autonomous Institute,Autonomous Institute,GOBCS,76951,75.8001957,G,S,OBC,B.Tech,2025,4
'06223,"Pradnya Niketan Education Society's Nagesh Karajagi Orchid College of Engineering & Technology, Solapur",'0622337210,Electronics and Telecommunication Engg,Un-Aided Autonomous Home University : Autonomous Institute,Autonomous Institute,LOPENS,73776,77.1296846,L,S,OPEN,B.Tech,2025,4
'06223,"Pradnya Niketan Education Society's Nagesh Karajagi Orchid College of Engineering & Technology, Solapur",'0622337210,Electronics and Telecommunication Engg,Un-Aided Autonomous Home University : Autonomous Institute,Autonomous Institute,GSTS,78971,75.3562654,G,S,ST,B.Tech,2025,4
'06223,"Pradnya Niketan Education Society's Nagesh Karajagi Orchid College of Engineering & Technology, Solapur",'0622337210,Electronics and Telecommunication Engg,Un-Aided Autonomous Home University : Autonomous Institute,Autonomous Institute,GNT3S,78814,75.4048881,G,S,NT3,B.Tech,2025,4
'06223,"Pradnya Niketan Education Society's Nagesh Karajagi Orchid College of Engineering & Technology, Solapur",'0622361210,Mechanical Engineering,Un-Aided Autonomous Home University : Autonomous Institute,Autonomous Institute,GOPENS,91912,70.6189283,G,S,OPEN,B.Tech,2025,4
'06223,"Pradnya Niketan Education Society's Nagesh Karajagi Orchid College of Engineering & Technology, Solapur",'0622361210,Mechanical Engineering,Un-Aided Autonomous Home University : Autonomous Institute,Autonomous Institute,GVJS,121359,58.2180677,G,S,VJ,B.Tech,2025,4
'06223,"Pradnya Niketan Education Society's Nagesh Karajagi Orchid College of Engineering & Technology, Solapur",'0622361210,Mechanical Engineering,Un-Aided Autonomous Home University : Autonomous Institute,Autonomous Institute,GOBCS,92589,70.5005064,G,S,OBC,B.Tech,2025,4
'06223,"Pradnya Niketan Education Society's Nagesh Karajagi Orchid College of Engineering & Technology, Solapur",'0622361210,Mechanical Engineering,Un-Aided Autonomous Home University : Autonomous Institute,Autonomous Institute,GSEBCS,101726,66.4263323,G,S,SEBC,B.Tech,2025,4
'06223,"Pradnya Niketan Education Society's Nagesh Karajagi Orchid College of Engineering & Technology, Solapur",'0622361210,Mechanical Engineering,Un-Aided Autonomous Home University : Autonomous Institute,Autonomous Institute,LOPENS,98407,68.2382408,L,S,OPEN,B.Tech,2025,4
'06223,"Pradnya Niketan Education Society's Nagesh Karajagi Orchid College of Engineering & Technology, Solapur",'0622361210,Mechanical Engineering,Un-Aided Autonomous Home University : Autonomous Institute,Autonomous Institute,EWS,115117,60.8775137,E,S,EWS,B.Tech,2025,4
'06223,"Pradnya Niketan Education Society's Nagesh Karajagi Orchid College of Engineering & Technology, Solapur",'0622361210,Mechanical Engineering,Un-Aided Autonomous Home University : Autonomous Institute,Autonomous Institute,PWDSEBCS,138174,49.7291102,P,S,PWD,B.Tech,2025,4
'06223,"Pradnya Niketan Education Society's Nagesh Karajagi Orchid College of Engineering & Technology, Solapur",'0622361210,Mechanical Engineering,Un-Aided Autonomous Home University : Autonomous Institute,Autonomous Institute,GSTS,105669,65.3084343,G,S,ST,B.Tech,2025,4
'06223,"Pradnya Niketan Education Society's Nagesh Karajagi Orchid College of Engineering & Technology, Solapur",'0622361210,Mechanical Engineering,Un-Aided Autonomous Home University : Autonomous Institute,Autonomous Institute,LSTS,95261,69.3295893,L,S,ST,B.Tech,2025,4
'06223,"Pradnya Niketan Education Society's Nagesh Karajagi Orchid College of Engineering & Technology, Solapur",'0622399510,Artificial Intelligence and Data Science,Un-Aided Autonomous Home University : Autonomous Institute,Autonomous Institute,GOBCS,71595,78.2396759,G,S,OBC,B.Tech,2025,4
'06223,"Pradnya Niketan Education Society's Nagesh Karajagi Orchid College of Engineering & Technology, Solapur",'0622399510,Artificial Intelligence and Data Science,Un-Aided Autonomous Home University : Autonomous Institute,Autonomous Institute,LOBCS,68245,79.3004726,L,S,OBC,B.Tech,2025,4
'06223,"Pradnya Niketan Education Society's Nagesh Karajagi Orchid College of Engineering & Technology, Solapur",'0622399510,Artificial Intelligence and Data Science,Un-Aided Autonomous Home University : Autonomous Institute,Autonomous Institute,LSTS,46916,85.9646097,L,S,ST,B.Tech,2025,4
'06250,"D.Y. Patil College of Engineering and Technology, Kolhapur",'0625019110,Civil Engineering,Un-Aided Autonomous,Unknown,GOPENS,57837,82.4521073,G,S,OPEN,B.Tech,2025,4
'06250,"D.Y. Patil College of Engineering and Technology, Kolhapur",'0625019110,Civil Engineering,Un-Aided Autonomous,Unknown,GOBCS,61521,81.2846613,G,S,OBC,B.Tech,2025,4
'06250,"D.Y. Patil College of Engineering and Technology, Kolhapur",'0625019110,Civil Engineering,Un-Aided Autonomous,Unknown,GSEBCS,69434,78.6167398,G,S,SEBC,B.Tech,2025,4
'06250,"D.Y. Patil College of Engineering and Technology, Kolhapur",'0625019110,Civil Engineering,Un-Aided Autonomous,Unknown,LOPENS,46407,86.2041018,L,S,OPEN,B.Tech,2025,4
'06250,"D.Y. Patil College of Engineering and Technology, Kolhapur",'0625019110,Civil Engineering,Un-Aided Autonomous,Unknown,DEFOPENS,200070,4.7274462,D,S,OPEN,B.Tech,2025,4
'06250,"D.Y. Patil College of Engineering and Technology, Kolhapur",'0625019110,Civil Engineering,Un-Aided Autonomous,Unknown,LSTS,61720,81.1967017,L,S,ST,B.Tech,2025,4
'06250,"D.Y. Patil College of Engineering and Technology, Kolhapur",'0625019110,Civil Engineering,Un-Aided Autonomous,Unknown,ORPHAN,86750,72.6730266,O,N,ORPHAN,B.Tech,2025,4
'06250,"D.Y. Patil College of Engineering and Technology, Kolhapur",'0625024210,Computer Science and Engineering,Un-Aided Autonomous,Unknown,GOPENS,32160,90.5881920,G,S,OPEN,B.Tech,2025,4
'06250,"D.Y. Patil College of Engineering and Technology, Kolhapur",'0625024210,Computer Science and Engineering,Un-Aided Autonomous,Unknown,GSCS,73329,77.1631566,G,S,SC,B.Tech,2025,4
'06250,"D.Y. Patil College of Engineering and Technology, Kolhapur",'0625024210,Computer Science and Engineering,Un-Aided Autonomous,Unknown,GNT2S,33920,90.0175917,G,S,NT2,B.Tech,2025,4
'06250,"D.Y. Patil College of Engineering and Technology, Kolhapur",'0625024210,Computer Science and Engineering,Un-Aided Autonomous,Unknown,GNT3S,44229,86.7202099,G,S,NT3,B.Tech,2025,4
'06250,"D.Y. Patil College of Engineering and Technology, Kolhapur",'0625024210,Computer Science and Engineering,Un-Aided Autonomous,Unknown,GOBCS,42497,87.3499473,G,S,OBC,B.Tech,2025,4
'06250,"D.Y. Patil College of Engineering and Technology, Kolhapur",'0625024210,Computer Science and Engineering,Un-Aided Autonomous,Unknown,LOPENS,28530,91.6995640,L,S,OPEN,B.Tech,2025,4
'06250,"D.Y. Patil College of Engineering and Technology, Kolhapur",'0625024210,Computer Science and Engineering,Un-Aided Autonomous,Unknown,LSCS,87440,72.1363369,L,S,SC,B.Tech,2025,4
'06250,"D.Y. Patil College of Engineering and Technology, Kolhapur",'0625024210,Computer Science and Engineering,Un-Aided Autonomous,Unknown,EWS,49152,85.2215842,E,S,EWS,B.Tech,2025,4
'06250,"D.Y. Patil College of Engineering and Technology, Kolhapur",'0625024210,Computer Science and Engineering,Un-Aided Autonomous,Unknown,PWDSCS,70172,78.5512207,P,S,PWD,B.Tech,2025,4
'06250,"D.Y. Patil College of Engineering and Technology, Kolhapur",'0625024210,Computer Science and Engineering,Un-Aided Autonomous,Unknown,GSTS,32498,90.4894438,G,S,ST,B.Tech,2025,4
'06250,"D.Y. Patil College of Engineering and Technology, Kolhapur",'0625024210,Computer Science and Engineering,Un-Aided Autonomous,Unknown,ORPHAN,32988,90.3035355,O,N,ORPHAN,B.Tech,2025,4
'06250,"D.Y. Patil College of Engineering and Technology, Kolhapur",'0625037210,Electronics and Telecommunication Engg,Un-Aided Autonomous,Unknown,GOPENS,46942,85.9646097,G,S,OPEN,B.Tech,2025,4
'06250,"D.Y. Patil College of Engineering and Technology, Kolhapur",'0625037210,Electronics and Telecommunication Engg,Un-Aided Autonomous,Unknown,GSCS,61011,81.5804905,G,S,SC,B.Tech,2025,4
'06250,"D.Y. Patil College of Engineering and Technology, Kolhapur",'0625037210,Electronics and Telecommunication Engg,Un-Aided Autonomous,Unknown,GOBCS,53138,84.0359888,G,S,OBC,B.Tech,2025,4
'06250,"D.Y. Patil College of Engineering and Technology, Kolhapur",'0625037210,Electronics and Telecommunication Engg,Un-Aided Autonomous,Unknown,GSEBCS,53527,83.9020979,G,S,SEBC,B.Tech,2025,4
'06250,"D.Y. Patil College of Engineering and Technology, Kolhapur",'0625037210,Electronics and Telecommunication Engg,Un-Aided Autonomous,Unknown,DEFOPENS,20666,93.9899228,D,S,OPEN,B.Tech,2025,4
'06250,"D.Y. Patil College of Engineering and Technology, Kolhapur",'0625037210,Electronics and Telecommunication Engg,Un-Aided Autonomous,Unknown,TFWS,43189,87.2335313,T,S,TFWS,B.Tech,2025,4
'06250,"D.Y. Patil College of Engineering and Technology, Kolhapur",'0625037210,Electronics and Telecommunication Engg,Un-Aided Autonomous,Unknown,EWS,82024,74.0630785,E,S,EWS,B.Tech,2025,4
'06250,"D.Y. Patil College of Engineering and Technology, Kolhapur",'0625050710,Chemical Engineering,Un-Aided Autonomous,Unknown,GOPENS,72665,77.5384615,G,S,OPEN,B.Tech,2025,4
'06250,"D.Y. Patil College of Engineering and Technology, Kolhapur",'0625050710,Chemical Engineering,Un-Aided Autonomous,Unknown,GSCS,190345,14.0716041,G,S,SC,B.Tech,2025,4
'06250,"D.Y. Patil College of Engineering and Technology, Kolhapur",'0625050710,Chemical Engineering,Un-Aided Autonomous,Unknown,GSEBCS,84549,73.4722277,G,S,SEBC,B.Tech,2025,4
'06250,"D.Y. Patil College of Engineering and Technology, Kolhapur",'0625061210,Mechanical Engineering,Un-Aided Autonomous,Unknown,GOPENS,59353,82.1124479,G,S,OPEN,B.Tech,2025,4
'06250,"D.Y. Patil College of Engineering and Technology, Kolhapur",'0625061210,Mechanical Engineering,Un-Aided Autonomous,Unknown,GOBCS,74836,76.9213781,G,S,OBC,B.Tech,2025,4
'06250,"D.Y. Patil College of Engineering and Technology, Kolhapur",'0625061210,Mechanical Engineering,Un-Aided Autonomous,Unknown,TFWS,39166,88.4967904,T,S,TFWS,B.Tech,2025,4
'06250,"D.Y. Patil College of Engineering and Technology, Kolhapur",'0625061210,Mechanical Engineering,Un-Aided Autonomous,Unknown,EWS,166565,32.5451434,E,S,EWS,B.Tech,2025,4
'06250,"D.Y. Patil College of Engineering and Technology, Kolhapur",'0625061210,Mechanical Engineering,Un-Aided Autonomous,Unknown,DEFOBCS,82070,74.0630785,D,S,OBC,B.Tech,2025,4
'06250,"D.Y. Patil College of Engineering and Technology, Kolhapur",'0625091110,Computer Science and Engineering(Artificial Intelligence and Machine Learning),Un-Aided Autonomous,Unknown,GOPENS,23679,93.1048951,G,S,OPEN,B.Tech,2025,4
'06250,"D.Y. Patil College of Engineering and Technology, Kolhapur",'0625091110,Computer Science and Engineering(Artificial Intelligence and Machine Learning),Un-Aided Autonomous,Unknown,GSCS,62000,81.1324174,G,S,SC,B.Tech,2025,4
'06250,"D.Y. Patil College of Engineering and Technology, Kolhapur",'0625091110,Computer Science and Engineering(Artificial Intelligence and Machine Learning),Un-Aided Autonomous,Unknown,GOBCS,31944,90.6332693,G,S,OBC,B.Tech,2025,4
'06250,"D.Y. Patil College of Engineering and Technology, Kolhapur",'0625091110,Computer Science and Engineering(Artificial Intelligence and Machine Learning),Un-Aided Autonomous,Unknown,LOPENS,28641,91.6544074,L,S,OPEN,B.Tech,2025,4
'06250,"D.Y. Patil College of Engineering and Technology, Kolhapur",'0625091110,Computer Science and Engineering(Artificial Intelligence and Machine Learning),Un-Aided Autonomous,Unknown,EWS,30671,91.0465074,E,S,EWS,B.Tech,2025,4
'06250,"D.Y. Patil College of Engineering and Technology, Kolhapur",'0625091210,Computer Science and Engineering(Data Science),Un-Aided Autonomous,Unknown,GOPENS,43225,87.1431548,G,S,OPEN,B.Tech,2025,4
'06250,"D.Y. Patil College of Engineering and Technology, Kolhapur",'0625091210,Computer Science and Engineering(Data Science),Un-Aided Autonomous,Unknown,GSCS,78784,75.4048881,G,S,SC,B.Tech,2025,4
'06250,"D.Y. Patil College of Engineering and Technology, Kolhapur",'0625091210,Computer Science and Engineering(Data Science),Un-Aided Autonomous,Unknown,LOBCS,46292,86.2326458,L,S,OBC,B.Tech,2025,4
'06250,"D.Y. Patil College of Engineering and Technology, Kolhapur",'0625091210,Computer Science and Engineering(Data Science),Un-Aided Autonomous,Unknown,PWDOPENS,37069,89.0680212,P,S,PWD,B.Tech,2025,4
'06250,"D.Y. Patil College of Engineering and Technology, Kolhapur",'0625091210,Computer Science and Engineering(Data Science),Un-Aided Autonomous,Unknown,GSTS,43898,86.9651776,G,S,ST,B.Tech,2025,4
'06265,"Walchand Institute of Technology, Solapur",'0626519110,Civil Engineering,Un-Aided Autonomous Religious Minority - Jain,Unknown,GOPENS,73078,77.2287062,G,S,OPEN,B.Tech,2025,4
'06265,"Walchand Institute of Technology, Solapur",'0626519110,Civil Engineering,Un-Aided Autonomous Religious Minority - Jain,Unknown,MI,177926,24.8659004,M,I,MI,B.Tech,2025,4
'06265,"Walchand Institute of Technology, Solapur",'0626519110,Civil Engineering,Un-Aided Autonomous Religious Minority - Jain,Unknown,TFWS,58125,82.3938224,T,S,TFWS,B.Tech,2025,4
'06265,"Walchand Institute of Technology, Solapur",'0626519110,Civil Engineering,Un-Aided Autonomous Religious Minority - Jain,Unknown,MI,85293,73.2612864,M,I,MI,B.Tech,2025,4
'06265,"Walchand Institute of Technology, Solapur",'0626524210,Computer Science and Engineering,Un-Aided Autonomous Religious Minority - Jain,Unknown,GOPENS,28285,91.7377622,G,S,OPEN,B.Tech,2025,4
'06265,"Walchand Institute of Technology, Solapur",'0626524210,Computer Science and Engineering,Un-Aided Autonomous Religious Minority - Jain,Unknown,LOPENS,14582,95.8120216,L,S,OPEN,B.Tech,2025,4
'06265,"Walchand Institute of Technology, Solapur",'0626524210,Computer Science and Engineering,Un-Aided Autonomous Religious Minority - Jain,Unknown,MI,31795,90.6674583,M,I,MI,B.Tech,2025,4
'06265,"Walchand Institute of Technology, Solapur",'0626524610,Information Technology,Un-Aided Autonomous Religious Minority - Jain,Unknown,GOPENS,35692,89.4914664,G,S,OPEN,B.Tech,2025,4
'06265,"Walchand Institute of Technology, Solapur",'0626524610,Information Technology,Un-Aided Autonomous Religious Minority - Jain,Unknown,LOPENS,30088,91.1459607,L,S,OPEN,B.Tech,2025,4
'06265,"Walchand Institute of Technology, Solapur",'0626537210,Electronics and Telecommunication Engg,Un-Aided Autonomous Religious Minority - Jain,Unknown,GOPENS,53860,83.8802370,G,S,OPEN,B.Tech,2025,4
'06265,"Walchand Institute of Technology, Solapur",'0626537210,Electronics and Telecommunication Engg,Un-Aided Autonomous Religious Minority - Jain,Unknown,LOPENS,49556,85.1919561,L,S,OPEN,B.Tech,2025,4
'06265,"Walchand Institute of Technology, Solapur",'0626537210,Electronics and Telecommunication Engg,Un-Aided Autonomous Religious Minority - Jain,Unknown,MI,58229,82.3736697,M,I,MI,B.Tech,2025,4
'06265,"Walchand Institute of Technology, Solapur",'0626537210,Electronics and Telecommunication Engg,Un-Aided Autonomous Religious Minority - Jain,Unknown,TFWS,46701,85.9775360,T,S,TFWS,B.Tech,2025,4
'06265,"Walchand Institute of Technology, Solapur",'0626561510,Mechanical & Automation Engineering,Un-Aided Autonomous Religious Minority - Jain,Unknown,GOPENS,36244,89.2945239,G,S,OPEN,B.Tech,2025,4
'06265,"Walchand Institute of Technology, Solapur",'0626561510,Mechanical & Automation Engineering,Un-Aided Autonomous Religious Minority - Jain,Unknown,LOPENS,56713,82.8811189,L,S,OPEN,B.Tech,2025,4
'06265,"Walchand Institute of Technology, Solapur",'0626561510,Mechanical & Automation Engineering,Un-Aided Autonomous Religious Minority - Jain,Unknown,MI,123714,57.0133407,M,I,MI,B.Tech,2025,4
'06265,"Walchand Institute of Technology, Solapur",'0626584410,Electronics and Computer Engineering,Un-Aided Autonomous Religious Minority - Jain,Unknown,LOPENS,37399,88.9609194,L,S,OPEN,B.Tech,2025,4
'06265,"Walchand Institute of Technology, Solapur",'0626584410,Electronics and Computer Engineering,Un-Aided Autonomous Religious Minority - Jain,Unknown,MI,100541,67.1459332,M,I,MI,B.Tech,2025,4
'06265,"Walchand Institute of Technology, Solapur",'0626584410,Electronics and Computer Engineering,Un-Aided Autonomous Religious Minority - Jain,Unknown,TFWS,32265,90.5159705,T,S,TFWS,B.Tech,2025,4
'06265,"Walchand Institute of Technology, Solapur",'0626592110,Artificial Intelligence and Machine Learning,Un-Aided Autonomous Religious Minority - Jain,Unknown,GOPENS,30047,91.1459607,G,S,OPEN,B.Tech,2025,4
'06265,"Walchand Institute of Technology, Solapur",'0626592110,Artificial Intelligence and Machine Learning,Un-Aided Autonomous Religious Minority - Jain,Unknown,LOPENS,29804,91.3015715,L,S,OPEN,B.Tech,2025,4
'06267,"Kolhapur Institute of Technology's College of Engineering(Autonomous), Kolhapur",'0626708210,Bio Technology,Un-Aided Autonomous,Unknown,GOPENS,3255,99.0583718,G,S,OPEN,B.Tech,2025,4
'06267,"Kolhapur Institute of Technology's College of Engineering(Autonomous), Kolhapur",'0626708210,Bio Technology,Un-Aided Autonomous,Unknown,GSTS,196112,13.2717448,G,S,ST,B.Tech,2025,4
'06267,"Kolhapur Institute of Technology's College of Engineering(Autonomous), Kolhapur",'0626708210,Bio Technology,Un-Aided Autonomous,Unknown,LNT3S,71301,79.7474064,L,S,NT3,B.Tech,2025,4
'06267,"Kolhapur Institute of Technology's College of Engineering(Autonomous), Kolhapur",'0626708210,Bio Technology,Un-Aided Autonomous,Unknown,LOBCS,25414,93.1069159,L,S,OBC,B.Tech,2025,4
'06267,"Kolhapur Institute of Technology's College of Engineering(Autonomous), Kolhapur",'0626708210,Bio Technology,Un-Aided Autonomous,Unknown,EWS,40069,88.9775698,E,S,EWS,B.Tech,2025,4
'06267,"Kolhapur Institute of Technology's College of Engineering(Autonomous), Kolhapur",'0626708210,Bio Technology,Un-Aided Autonomous,Unknown,PWDOPENS,16463,95.6084463,P,S,PWD,B.Tech,2025,4
'06267,"Kolhapur Institute of Technology's College of Engineering(Autonomous), Kolhapur",'0626708210,Bio Technology,Un-Aided Autonomous,Unknown,LSTS,19066,94.8518878,L,S,ST,B.Tech,2025,4
'06267,"Kolhapur Institute of Technology's College of Engineering(Autonomous), Kolhapur",'0626719110,Civil Engineering,Un-Aided Autonomous,Unknown,GSCS,94633,69.4561708,G,S,SC,B.Tech,2025,4
'06267,"Kolhapur Institute of Technology's College of Engineering(Autonomous), Kolhapur",'0626719110,Civil Engineering,Un-Aided Autonomous,Unknown,LOPENS,37016,89.1256809,L,S,OPEN,B.Tech,2025,4
'06267,"Kolhapur Institute of Technology's College of Engineering(Autonomous), Kolhapur",'0626719110,Civil Engineering,Un-Aided Autonomous,Unknown,EWS,154271,40.0936536,E,S,EWS,B.Tech,2025,4
'06267,"Kolhapur Institute of Technology's College of Engineering(Autonomous), Kolhapur",'0626724210,Computer Science and Engineering,Un-Aided Autonomous,Unknown,GOPENS,15251,95.6211259,G,S,OPEN,B.Tech,2025,4
'06267,"Kolhapur Institute of Technology's College of Engineering(Autonomous), Kolhapur",'0626724210,Computer Science and Engineering,Un-Aided Autonomous,Unknown,GSCS,33159,90.2494890,G,S,SC,B.Tech,2025,4
'06267,"Kolhapur Institute of Technology's College of Engineering(Autonomous), Kolhapur",'0626724210,Computer Science and Engineering,Un-Aided Autonomous,Unknown,GNT2S,21491,93.7635248,G,S,NT2,B.Tech,2025,4
'06267,"Kolhapur Institute of Technology's College of Engineering(Autonomous), Kolhapur",'0626724210,Computer Science and Engineering,Un-Aided Autonomous,Unknown,GOBCS,16186,95.3315123,G,S,OBC,B.Tech,2025,4
'06267,"Kolhapur Institute of Technology's College of Engineering(Autonomous), Kolhapur",'0626724210,Computer Science and Engineering,Un-Aided Autonomous,Unknown,DEFOPENS,25574,92.5367989,D,S,OPEN,B.Tech,2025,4
'06267,"Kolhapur Institute of Technology's College of Engineering(Autonomous), Kolhapur",'0626724210,Computer Science and Engineering,Un-Aided Autonomous,Unknown,TFWS,10311,97.0402649,T,S,TFWS,B.Tech,2025,4
'06267,"Kolhapur Institute of Technology's College of Engineering(Autonomous), Kolhapur",'0626724210,Computer Science and Engineering,Un-Aided Autonomous,Unknown,EWS,10472,96.9871419,E,S,EWS,B.Tech,2025,4
'06267,"Kolhapur Institute of Technology's College of Engineering(Autonomous), Kolhapur",'0626724210,Computer Science and Engineering,Un-Aided Autonomous,Unknown,PWDOPENS,13949,95.9989694,P,S,PWD,B.Tech,2025,4
'06267,"Kolhapur Institute of Technology's College of Engineering(Autonomous), Kolhapur",'0626724210,Computer Science and Engineering,Un-Aided Autonomous,Unknown,LSTS,16082,95.3847746,L,S,ST,B.Tech,2025,4
'06267,"Kolhapur Institute of Technology's College of Engineering(Autonomous), Kolhapur",'0626726210,Computer Science and Business Systems,Un-Aided Autonomous,Unknown,GOPENS,23910,93.0332708,G,S,OPEN,B.Tech,2025,4
'06267,"Kolhapur Institute of Technology's College of Engineering(Autonomous), Kolhapur",'0626726210,Computer Science and Business Systems,Un-Aided Autonomous,Unknown,GOBCS,31455,90.7235685,G,S,OBC,B.Tech,2025,4
'06267,"Kolhapur Institute of Technology's College of Engineering(Autonomous), Kolhapur",'0626726210,Computer Science and Business Systems,Un-Aided Autonomous,Unknown,LOBCS,29074,91.4692991,L,S,OBC,B.Tech,2025,4
'06267,"Kolhapur Institute of Technology's College of Engineering(Autonomous), Kolhapur",'0626726210,Computer Science and Business Systems,Un-Aided Autonomous,Unknown,LSEBCS,18656,94.5865408,L,S,SEBC,B.Tech,2025,4
'06267,"Kolhapur Institute of Technology's College of Engineering(Autonomous), Kolhapur",'0626726210,Computer Science and Business Systems,Un-Aided Autonomous,Unknown,PWDOPENS,23777,93.0875099,P,S,PWD,B.Tech,2025,4
'06267,"Kolhapur Institute of Technology's College of Engineering(Autonomous), Kolhapur",'0626726210,Computer Science and Business Systems,Un-Aided Autonomous,Unknown,PWDOBCS,31402,90.8403987,P,S,PWD,B.Tech,2025,4
'06267,"Kolhapur Institute of Technology's College of Engineering(Autonomous), Kolhapur",'0626726210,Computer Science and Business Systems,Un-Aided Autonomous,Unknown,GSTS,25424,92.5745163,G,S,ST,B.Tech,2025,4
'06267,"Kolhapur Institute of Technology's College of Engineering(Autonomous), Kolhapur",'0626729310,Electrical Engineering,Un-Aided Autonomous,Unknown,GOPENS,33887,90.0449693,G,S,OPEN,B.Tech,2025,4
'06267,"Kolhapur Institute of Technology's College of Engineering(Autonomous), Kolhapur",'0626729310,Electrical Engineering,Un-Aided Autonomous,Unknown,GNT3S,62639,81.0403668,G,S,NT3,B.Tech,2025,4
'06267,"Kolhapur Institute of Technology's College of Engineering(Autonomous), Kolhapur",'0626729310,Electrical Engineering,Un-Aided Autonomous,Unknown,LOPENS,25926,92.4172762,L,S,OPEN,B.Tech,2025,4
'06267,"Kolhapur Institute of Technology's College of Engineering(Autonomous), Kolhapur",'0626729310,Electrical Engineering,Un-Aided Autonomous,Unknown,LNT1S,133925,52.1817116,L,S,NT1,B.Tech,2025,4
'06267,"Kolhapur Institute of Technology's College of Engineering(Autonomous), Kolhapur",'0626729310,Electrical Engineering,Un-Aided Autonomous,Unknown,"DEFRSEBC
S",125686,56.2929777,D,S,SEBC,B.Tech,2025,4
'06267,"Kolhapur Institute of Technology's College of Engineering(Autonomous), Kolhapur",'0626737210,Electronics and Telecommunication Engg,Un-Aided Autonomous,Unknown,GOPENS,27338,92.0354593,G,S,OPEN,B.Tech,2025,4
'06267,"Kolhapur Institute of Technology's College of Engineering(Autonomous), Kolhapur",'0626737210,Electronics and Telecommunication Engg,Un-Aided Autonomous,Unknown,GSCS,28375,91.7067224,G,S,SC,B.Tech,2025,4
'06267,"Kolhapur Institute of Technology's College of Engineering(Autonomous), Kolhapur",'0626737210,Electronics and Telecommunication Engg,Un-Aided Autonomous,Unknown,GOBCS,27571,91.9353149,G,S,OBC,B.Tech,2025,4
'06267,"Kolhapur Institute of Technology's College of Engineering(Autonomous), Kolhapur",'0626737210,Electronics and Telecommunication Engg,Un-Aided Autonomous,Unknown,LOPENS,23475,93.1848615,L,S,OPEN,B.Tech,2025,4
'06267,"Kolhapur Institute of Technology's College of Engineering(Autonomous), Kolhapur",'0626737210,Electronics and Telecommunication Engg,Un-Aided Autonomous,Unknown,LSCS,91131,71.0971787,L,S,SC,B.Tech,2025,4
'06267,"Kolhapur Institute of Technology's College of Engineering(Autonomous), Kolhapur",'0626737210,Electronics and Telecommunication Engg,Un-Aided Autonomous,Unknown,LNT2S,36980,89.1256809,L,S,NT2,B.Tech,2025,4
'06267,"Kolhapur Institute of Technology's College of Engineering(Autonomous), Kolhapur",'0626737210,Electronics and Telecommunication Engg,Un-Aided Autonomous,Unknown,DEFOPENS,59473,82.1124479,D,S,OPEN,B.Tech,2025,4
'06267,"Kolhapur Institute of Technology's College of Engineering(Autonomous), Kolhapur",'0626737210,Electronics and Telecommunication Engg,Un-Aided Autonomous,Unknown,EWS,25073,92.7137598,E,S,EWS,B.Tech,2025,4
'06267,"Kolhapur Institute of Technology's College of Engineering(Autonomous), Kolhapur",'0626737210,Electronics and Telecommunication Engg,Un-Aided Autonomous,Unknown,GSTS,27918,91.8376367,G,S,ST,B.Tech,2025,4
'06267,"Kolhapur Institute of Technology's College of Engineering(Autonomous), Kolhapur",'0626761210,Mechanical Engineering,Un-Aided Autonomous,Unknown,GOPENS,32979,90.3099038,G,S,OPEN,B.Tech,2025,4
'06267,"Kolhapur Institute of Technology's College of Engineering(Autonomous), Kolhapur",'0626761210,Mechanical Engineering,Un-Aided Autonomous,Unknown,GSCS,97541,68.4702591,G,S,SC,B.Tech,2025,4
'06267,"Kolhapur Institute of Technology's College of Engineering(Autonomous), Kolhapur",'0626761210,Mechanical Engineering,Un-Aided Autonomous,Unknown,GNT1S,48754,85.4179037,G,S,NT1,B.Tech,2025,4
'06267,"Kolhapur Institute of Technology's College of Engineering(Autonomous), Kolhapur",'0626761210,Mechanical Engineering,Un-Aided Autonomous,Unknown,GOBCS,53889,83.8802370,G,S,OBC,B.Tech,2025,4
'06267,"Kolhapur Institute of Technology's College of Engineering(Autonomous), Kolhapur",'0626761210,Mechanical Engineering,Un-Aided Autonomous,Unknown,GSEBCS,38050,88.7615737,G,S,SEBC,B.Tech,2025,4
'06267,"Kolhapur Institute of Technology's College of Engineering(Autonomous), Kolhapur",'0626761210,Mechanical Engineering,Un-Aided Autonomous,Unknown,GSTS,38347,88.6801020,G,S,ST,B.Tech,2025,4
'06267,"Kolhapur Institute of Technology's College of Engineering(Autonomous), Kolhapur",'0626791110,Computer Science and Engineering(Artificial Intelligence and Machine Learning),Un-Aided Autonomous,Unknown,GOPENS,16814,95.1359923,G,S,OPEN,B.Tech,2025,4
'06267,"Kolhapur Institute of Technology's College of Engineering(Autonomous), Kolhapur",'0626791110,Computer Science and Engineering(Artificial Intelligence and Machine Learning),Un-Aided Autonomous,Unknown,LOPENS,18466,94.6981971,L,S,OPEN,B.Tech,2025,4
'06267,"Kolhapur Institute of Technology's College of Engineering(Autonomous), Kolhapur",'0626791110,Computer Science and Engineering(Artificial Intelligence and Machine Learning),Un-Aided Autonomous,Unknown,GSTS,17537,94.9191128,G,S,ST,B.Tech,2025,4
'06267,"Kolhapur Institute of Technology's College of Engineering(Autonomous), Kolhapur",'0626792210,Civil and Environmental Engineering,Un-Aided Autonomous,Unknown,GOPENS,29767,91.3082283,G,S,OPEN,B.Tech,2025,4
'06267,"Kolhapur Institute of Technology's College of Engineering(Autonomous), Kolhapur",'0626792210,Civil and Environmental Engineering,Un-Aided Autonomous,Unknown,LSEBCS,40443,87.9825175,L,S,SEBC,B.Tech,2025,4
'06268,"Tatyasaheb Kore Institute of Engineering and Technology, Warananagar",'0626819110,Civil Engineering,Un-Aided Autonomous,Unknown,GVJS,186449,17.8544822,G,S,VJ,B.Tech,2025,4
'06268,"Tatyasaheb Kore Institute of Engineering and Technology, Warananagar",'0626819110,Civil Engineering,Un-Aided Autonomous,Unknown,GOBCS,127326,55.2744499,G,S,OBC,B.Tech,2025,4
'06268,"Tatyasaheb Kore Institute of Engineering and Technology, Warananagar",'0626819110,Civil Engineering,Un-Aided Autonomous,Unknown,GSEBCS,118383,59.3210117,G,S,SEBC,B.Tech,2025,4
'06268,"Tatyasaheb Kore Institute of Engineering and Technology, Warananagar",'0626819110,Civil Engineering,Un-Aided Autonomous,Unknown,LOPENS,105166,65.5190641,L,S,OPEN,B.Tech,2025,4
'06268,"Tatyasaheb Kore Institute of Engineering and Technology, Warananagar",'0626819110,Civil Engineering,Un-Aided Autonomous,Unknown,LNT1S,130747,53.6771201,L,S,NT1,B.Tech,2025,4
'06268,"Tatyasaheb Kore Institute of Engineering and Technology, Warananagar",'0626819110,Civil Engineering,Un-Aided Autonomous,Unknown,LOBCS,120440,58.6907687,L,S,OBC,B.Tech,2025,4
'06268,"Tatyasaheb Kore Institute of Engineering and Technology, Warananagar",'0626819110,Civil Engineering,Un-Aided Autonomous,Unknown,LSEBCS,107648,64.2631037,L,S,SEBC,B.Tech,2025,4
'06268,"Tatyasaheb Kore Institute of Engineering and Technology, Warananagar",'0626819110,Civil Engineering,Un-Aided Autonomous,Unknown,DEFSCS,165501,33.0802795,D,S,SC,B.Tech,2025,4
'06268,"Tatyasaheb Kore Institute of Engineering and Technology, Warananagar",'0626819110,Civil Engineering,Un-Aided Autonomous,Unknown,PWDSEBCS,122457,57.5410529,P,S,PWD,B.Tech,2025,4
'06268,"Tatyasaheb Kore Institute of Engineering and Technology, Warananagar",'0626819110,Civil Engineering,Un-Aided Autonomous,Unknown,GSTS,91343,70.7504568,G,S,ST,B.Tech,2025,4
'06268,"Tatyasaheb Kore Institute of Engineering and Technology, Warananagar",'0626819110,Civil Engineering,Un-Aided Autonomous,Unknown,LSTS,98660,68.1164395,L,S,ST,B.Tech,2025,4
'06268,"Tatyasaheb Kore Institute of Engineering and Technology, Warananagar",'0626819110,Civil Engineering,Un-Aided Autonomous,Unknown,LNT3S,89685,71.5562808,L,S,NT3,B.Tech,2025,4
'06268,"Tatyasaheb Kore Institute of Engineering and Technology, Warananagar",'0626824210,Computer Science and Engineering,Un-Aided Autonomous,Unknown,GOPENS,50047,85.0571556,G,S,OPEN,B.Tech,2025,4
'06268,"Tatyasaheb Kore Institute of Engineering and Technology, Warananagar",'0626824210,Computer Science and Engineering,Un-Aided Autonomous,Unknown,GOBCS,64719,80.3531469,G,S,OBC,B.Tech,2025,4
'06268,"Tatyasaheb Kore Institute of Engineering and Technology, Warananagar",'0626824210,Computer Science and Engineering,Un-Aided Autonomous,Unknown,GSEBCS,54975,83.4741816,G,S,SEBC,B.Tech,2025,4
'06268,"Tatyasaheb Kore Institute of Engineering and Technology, Warananagar",'0626824210,Computer Science and Engineering,Un-Aided Autonomous,Unknown,LOPENS,38122,88.7615737,L,S,OPEN,B.Tech,2025,4
'06268,"Tatyasaheb Kore Institute of Engineering and Technology, Warananagar",'0626824210,Computer Science and Engineering,Un-Aided Autonomous,Unknown,LNT1S,102221,66.3866132,L,S,NT1,B.Tech,2025,4
'06268,"Tatyasaheb Kore Institute of Engineering and Technology, Warananagar",'0626824210,Computer Science and Engineering,Un-Aided Autonomous,Unknown,LOBCS,54490,83.5597353,L,S,OBC,B.Tech,2025,4
'06268,"Tatyasaheb Kore Institute of Engineering and Technology, Warananagar",'0626824210,Computer Science and Engineering,Un-Aided Autonomous,Unknown,LVJS,189481,15.3499592,L,S,VJ,B.Tech,2025,4
'06268,"Tatyasaheb Kore Institute of Engineering and Technology, Warananagar",'0626824210,Computer Science and Engineering,Un-Aided Autonomous,Unknown,DEFSCS,71073,78.3357644,D,S,SC,B.Tech,2025,4
'06268,"Tatyasaheb Kore Institute of Engineering and Technology, Warananagar",'0626824210,Computer Science and Engineering,Un-Aided Autonomous,Unknown,DEFOBCS,59374,82.1124479,D,S,OBC,B.Tech,2025,4
'06268,"Tatyasaheb Kore Institute of Engineering and Technology, Warananagar",'0626824210,Computer Science and Engineering,Un-Aided Autonomous,Unknown,GSTS,55638,83.2103258,G,S,ST,B.Tech,2025,4
'06268,"Tatyasaheb Kore Institute of Engineering and Technology, Warananagar",'0626825210,Cyber Security,Un-Aided Autonomous,Unknown,GSCS,147568,44.5303298,G,S,SC,B.Tech,2025,4
'06268,"Tatyasaheb Kore Institute of Engineering and Technology, Warananagar",'0626825210,Cyber Security,Un-Aided Autonomous,Unknown,GNT2S,58916,82.1358690,G,S,NT2,B.Tech,2025,4
'06268,"Tatyasaheb Kore Institute of Engineering and Technology, Warananagar",'0626825210,Cyber Security,Un-Aided Autonomous,Unknown,LOPENS,59670,81.9705913,L,S,OPEN,B.Tech,2025,4
'06268,"Tatyasaheb Kore Institute of Engineering and Technology, Warananagar",'0626825210,Cyber Security,Un-Aided Autonomous,Unknown,GVJS,65658,79.9809712,G,S,VJ,B.Tech,2025,4
'06268,"Tatyasaheb Kore Institute of Engineering and Technology, Warananagar",'0626826210,Computer Science and Business Systems,Un-Aided Autonomous,Unknown,GOPENS,78455,75.4880541,G,S,OPEN,B.Tech,2025,4
'06268,"Tatyasaheb Kore Institute of Engineering and Technology, Warananagar",'0626826210,Computer Science and Business Systems,Un-Aided Autonomous,Unknown,GSCS,128050,54.5872518,G,S,SC,B.Tech,2025,4
'06268,"Tatyasaheb Kore Institute of Engineering and Technology, Warananagar",'0626826210,Computer Science and Business Systems,Un-Aided Autonomous,Unknown,GSEBCS,78532,75.4880541,G,S,SEBC,B.Tech,2025,4
'06268,"Tatyasaheb Kore Institute of Engineering and Technology, Warananagar",'0626826210,Computer Science and Business Systems,Un-Aided Autonomous,Unknown,LSCS,150457,43.1964993,L,S,SC,B.Tech,2025,4
'06268,"Tatyasaheb Kore Institute of Engineering and Technology, Warananagar",'0626826210,Computer Science and Business Systems,Un-Aided Autonomous,Unknown,LNT1S,140097,49.2256217,L,S,NT1,B.Tech,2025,4
'06268,"Tatyasaheb Kore Institute of Engineering and Technology, Warananagar",'0626826210,Computer Science and Business Systems,Un-Aided Autonomous,Unknown,LOBCS,114846,60.9090909,L,S,OBC,B.Tech,2025,4
'06268,"Tatyasaheb Kore Institute of Engineering and Technology, Warananagar",'0626826210,Computer Science and Business Systems,Un-Aided Autonomous,Unknown,TFWS,57502,82.7776620,T,S,TFWS,B.Tech,2025,4
'06268,"Tatyasaheb Kore Institute of Engineering and Technology, Warananagar",'0626829310,Electrical Engineering,Un-Aided Autonomous,Unknown,GSCS,106784,64.3871019,G,S,SC,B.Tech,2025,4
'06268,"Tatyasaheb Kore Institute of Engineering and Technology, Warananagar",'0626829310,Electrical Engineering,Un-Aided Autonomous,Unknown,GOBCS,107253,64.3453843,G,S,OBC,B.Tech,2025,4
'06268,"Tatyasaheb Kore Institute of Engineering and Technology, Warananagar",'0626829310,Electrical Engineering,Un-Aided Autonomous,Unknown,LOPENS,79189,75.2405919,L,S,OPEN,B.Tech,2025,4
'06268,"Tatyasaheb Kore Institute of Engineering and Technology, Warananagar",'0626837210,Electronics and Telecommunication Engg,Un-Aided Autonomous,Unknown,GOPENS,66027,79.8919296,G,S,OPEN,B.Tech,2025,4
'06268,"Tatyasaheb Kore Institute of Engineering and Technology, Warananagar",'0626837210,Electronics and Telecommunication Engg,Un-Aided Autonomous,Unknown,GSCS,94240,69.4936445,G,S,SC,B.Tech,2025,4
'06268,"Tatyasaheb Kore Institute of Engineering and Technology, Warananagar",'0626837210,Electronics and Telecommunication Engg,Un-Aided Autonomous,Unknown,GOBCS,69221,78.6167398,G,S,OBC,B.Tech,2025,4
'06268,"Tatyasaheb Kore Institute of Engineering and Technology, Warananagar",'0626837210,Electronics and Telecommunication Engg,Un-Aided Autonomous,Unknown,GSEBCS,68868,78.8357161,G,S,SEBC,B.Tech,2025,4
'06268,"Tatyasaheb Kore Institute of Engineering and Technology, Warananagar",'0626837210,Electronics and Telecommunication Engg,Un-Aided Autonomous,Unknown,LOPENS,58982,82.1358690,L,S,OPEN,B.Tech,2025,4
'06268,"Tatyasaheb Kore Institute of Engineering and Technology, Warananagar",'0626837210,Electronics and Telecommunication Engg,Un-Aided Autonomous,Unknown,LSCS,128743,54.5739657,L,S,SC,B.Tech,2025,4
'06268,"Tatyasaheb Kore Institute of Engineering and Technology, Warananagar",'0626837210,Electronics and Telecommunication Engg,Un-Aided Autonomous,Unknown,LOBCS,68891,78.6729363,L,S,OBC,B.Tech,2025,4
'06268,"Tatyasaheb Kore Institute of Engineering and Technology, Warananagar",'0626850710,Chemical Engineering,Un-Aided Autonomous,Unknown,GOPENS,50608,84.8736599,G,S,OPEN,B.Tech,2025,4
'06268,"Tatyasaheb Kore Institute of Engineering and Technology, Warananagar",'0626850710,Chemical Engineering,Un-Aided Autonomous,Unknown,LSCS,156406,39.5742169,L,S,SC,B.Tech,2025,4
'06268,"Tatyasaheb Kore Institute of Engineering and Technology, Warananagar",'0626861210,Mechanical Engineering,Un-Aided Autonomous,Unknown,GOPENS,89641,71.5562808,G,S,OPEN,B.Tech,2025,4
'06268,"Tatyasaheb Kore Institute of Engineering and Technology, Warananagar",'0626861210,Mechanical Engineering,Un-Aided Autonomous,Unknown,GSEBCS,96532,68.9620341,G,S,SEBC,B.Tech,2025,4
'06268,"Tatyasaheb Kore Institute of Engineering and Technology, Warananagar",'0626861210,Mechanical Engineering,Un-Aided Autonomous,Unknown,LOBCS,90587,71.1730870,L,S,OBC,B.Tech,2025,4
'06268,"Tatyasaheb Kore Institute of Engineering and Technology, Warananagar",'0626861210,Mechanical Engineering,Un-Aided Autonomous,Unknown,EWS,202079,2.3757781,E,S,EWS,B.Tech,2025,4
'06268,"Tatyasaheb Kore Institute of Engineering and Technology, Warananagar",'0626861210,Mechanical Engineering,Un-Aided Autonomous,Unknown,DEFOBCS,105025,65.6307130,D,S,OBC,B.Tech,2025,4
'06268,"Tatyasaheb Kore Institute of Engineering and Technology, Warananagar",'0626861210,Mechanical Engineering,Un-Aided Autonomous,Unknown,GSTS,92681,70.5005064,G,S,ST,B.Tech,2025,4
'06269,"Shetkari Shikshan Mandal's Pad. Vasantraodada Patil Institute of Technology, Budhgaon, Sangli",'0626919110,Civil Engineering,Un-Aided Autonomous Home University : Autonomous Institute,Autonomous Institute,GOPENS,148958,43.6588740,G,S,OPEN,B.Tech,2025,4
'06269,"Shetkari Shikshan Mandal's Pad. Vasantraodada Patil Institute of Technology, Budhgaon, Sangli",'0626919110,Civil Engineering,Un-Aided Autonomous Home University : Autonomous Institute,Autonomous Institute,GOBCS,181945,21.6174291,G,S,OBC,B.Tech,2025,4
'06269,"Shetkari Shikshan Mandal's Pad. Vasantraodada Patil Institute of Technology, Budhgaon, Sangli",'0626919110,Civil Engineering,Un-Aided Autonomous Home University : Autonomous Institute,Autonomous Institute,GSEBCS,159110,37.6293706,G,S,SEBC,B.Tech,2025,4
'06269,"Shetkari Shikshan Mandal's Pad. Vasantraodada Patil Institute of Technology, Budhgaon, Sangli",'0626919110,Civil Engineering,Un-Aided Autonomous Home University : Autonomous Institute,Autonomous Institute,LOPENS,151394,42.9247346,L,S,OPEN,B.Tech,2025,4
'06269,"Shetkari Shikshan Mandal's Pad. Vasantraodada Patil Institute of Technology, Budhgaon, Sangli",'0626919110,Civil Engineering,Un-Aided Autonomous Home University : Autonomous Institute,Autonomous Institute,GNT1S,168819,31.9280223,G,S,NT1,B.Tech,2025,4
'06269,"Shetkari Shikshan Mandal's Pad. Vasantraodada Patil Institute of Technology, Budhgaon, Sangli",'0626919110,Civil Engineering,Un-Aided Autonomous Home University : Autonomous Institute,Autonomous Institute,GOBCS,162368,35.9295868,G,S,OBC,B.Tech,2025,4
'06269,"Shetkari Shikshan Mandal's Pad. Vasantraodada Patil Institute of Technology, Budhgaon, Sangli",'0626924210,Computer Science and Engineering,Un-Aided Autonomous Home University : Autonomous Institute,Autonomous Institute,GOPENS,80165,75.1716925,G,S,OPEN,B.Tech,2025,4
'06269,"Shetkari Shikshan Mandal's Pad. Vasantraodada Patil Institute of Technology, Budhgaon, Sangli",'0626924210,Computer Science and Engineering,Un-Aided Autonomous Home University : Autonomous Institute,Autonomous Institute,GSCS,171292,29.2375397,G,S,SC,B.Tech,2025,4
'06269,"Shetkari Shikshan Mandal's Pad. Vasantraodada Patil Institute of Technology, Budhgaon, Sangli",'0626924210,Computer Science and Engineering,Un-Aided Autonomous Home University : Autonomous Institute,Autonomous Institute,GOBCS,136361,50.7016833,G,S,OBC,B.Tech,2025,4
'06269,"Shetkari Shikshan Mandal's Pad. Vasantraodada Patil Institute of Technology, Budhgaon, Sangli",'0626924210,Computer Science and Engineering,Un-Aided Autonomous Home University : Autonomous Institute,Autonomous Institute,GSEBCS,85698,73.1347962,G,S,SEBC,B.Tech,2025,4
'06269,"Shetkari Shikshan Mandal's Pad. Vasantraodada Patil Institute of Technology, Budhgaon, Sangli",'0626924210,Computer Science and Engineering,Un-Aided Autonomous Home University : Autonomous Institute,Autonomous Institute,TFWS,98286,68.2382408,T,S,TFWS,B.Tech,2025,4
'06269,"Shetkari Shikshan Mandal's Pad. Vasantraodada Patil Institute of Technology, Budhgaon, Sangli",'0626937210,Electronics and Telecommunication Engg,Un-Aided Autonomous Home University : Autonomous Institute,Autonomous Institute,GOPENS,91594,70.7504568,G,S,OPEN,B.Tech,2025,4
'06269,"Shetkari Shikshan Mandal's Pad. Vasantraodada Patil Institute of Technology, Budhgaon, Sangli",'0626937210,Electronics and Telecommunication Engg,Un-Aided Autonomous Home University : Autonomous Institute,Autonomous Institute,GOBCS,156059,39.6653303,G,S,OBC,B.Tech,2025,4
'06269,"Shetkari Shikshan Mandal's Pad. Vasantraodada Patil Institute of Technology, Budhgaon, Sangli",'0626937210,Electronics and Telecommunication Engg,Un-Aided Autonomous Home University : Autonomous Institute,Autonomous Institute,LOPENS,108202,63.8244514,L,S,OPEN,B.Tech,2025,4
'06269,"Shetkari Shikshan Mandal's Pad. Vasantraodada Patil Institute of Technology, Budhgaon, Sangli",'0626937210,Electronics and Telecommunication Engg,Un-Aided Autonomous Home University : Autonomous Institute,Autonomous Institute,LSEBCS,116997,60.3213757,L,S,SEBC,B.Tech,2025,4
'06269,"Shetkari Shikshan Mandal's Pad. Vasantraodada Patil Institute of Technology, Budhgaon, Sangli",'0626937210,Electronics and Telecommunication Engg,Un-Aided Autonomous Home University : Autonomous Institute,Autonomous Institute,GSTS,91869,70.6189283,G,S,ST,B.Tech,2025,4
'06269,"Shetkari Shikshan Mandal's Pad. Vasantraodada Patil Institute of Technology, Budhgaon, Sangli",'0626937210,Electronics and Telecommunication Engg,Un-Aided Autonomous Home University : Autonomous Institute,Autonomous Institute,GVJS,117873,59.9607019,G,S,VJ,B.Tech,2025,4
'06269,"Shetkari Shikshan Mandal's Pad. Vasantraodada Patil Institute of Technology, Budhgaon, Sangli",'0626946410,Instrumentation and Control Engineering,Un-Aided Autonomous Home University : Autonomous Institute,Autonomous Institute,GSCS,151384,42.9247346,G,S,SC,B.Tech,2025,4
'06269,"Shetkari Shikshan Mandal's Pad. Vasantraodada Patil Institute of Technology, Budhgaon, Sangli",'0626946410,Instrumentation and Control Engineering,Un-Aided Autonomous Home University : Autonomous Institute,Autonomous Institute,GSTS,197165,7.8969624,G,S,ST,B.Tech,2025,4
'06269,"Shetkari Shikshan Mandal's Pad. Vasantraodada Patil Institute of Technology, Budhgaon, Sangli",'0626946410,Instrumentation and Control Engineering,Un-Aided Autonomous Home University : Autonomous Institute,Autonomous Institute,LOBCS,199781,5.1070551,L,S,OBC,B.Tech,2025,4
'06269,"Shetkari Shikshan Mandal's Pad. Vasantraodada Patil Institute of Technology, Budhgaon, Sangli",'0626950710,Chemical Engineering,Un-Aided Autonomous Home University : Autonomous Institute,Autonomous Institute,LOPENS,169018,31.9280223,L,S,OPEN,B.Tech,2025,4
'06269,"Shetkari Shikshan Mandal's Pad. Vasantraodada Patil Institute of Technology, Budhgaon, Sangli",'0626950710,Chemical Engineering,Un-Aided Autonomous Home University : Autonomous Institute,Autonomous Institute,LSEBCS,178481,24.7167509,L,S,SEBC,B.Tech,2025,4
'06269,"Shetkari Shikshan Mandal's Pad. Vasantraodada Patil Institute of Technology, Budhgaon, Sangli",'0626961210,Mechanical Engineering,Un-Aided Autonomous Home University : Autonomous Institute,Autonomous Institute,GOPENS,113226,61.7969670,G,S,OPEN,B.Tech,2025,4
'06269,"Shetkari Shikshan Mandal's Pad. Vasantraodada Patil Institute of Technology, Budhgaon, Sangli",'0626961210,Mechanical Engineering,Un-Aided Autonomous Home University : Autonomous Institute,Autonomous Institute,GOBCS,155738,39.7546871,G,S,OBC,B.Tech,2025,4
'06269,"Shetkari Shikshan Mandal's Pad. Vasantraodada Patil Institute of Technology, Budhgaon, Sangli",'0626961210,Mechanical Engineering,Un-Aided Autonomous Home University : Autonomous Institute,Autonomous Institute,DEFOBCS,140082,49.2256217,D,S,OBC,B.Tech,2025,4
'06269,"Shetkari Shikshan Mandal's Pad. Vasantraodada Patil Institute of Technology, Budhgaon, Sangli",'0626961210,Mechanical Engineering,Un-Aided Autonomous Home University : Autonomous Institute,Autonomous Institute,PWDOPENS,117282,60.2517483,P,S,PWD,B.Tech,2025,4
'06269,"Shetkari Shikshan Mandal's Pad. Vasantraodada Patil Institute of Technology, Budhgaon, Sangli",'0626961210,Mechanical Engineering,Un-Aided Autonomous Home University : Autonomous Institute,Autonomous Institute,PWDOBCS,125781,56.2929777,P,S,PWD,B.Tech,2025,4
'06269,"Shetkari Shikshan Mandal's Pad. Vasantraodada Patil Institute of Technology, Budhgaon, Sangli",'0626990010,Electronics and Computer Science,Un-Aided Autonomous Home University : Autonomous Institute,Autonomous Institute,GOPENS,121052,58.2180677,G,S,OPEN,B.Tech,2025,4
'06269,"Shetkari Shikshan Mandal's Pad. Vasantraodada Patil Institute of Technology, Budhgaon, Sangli",'0626990010,Electronics and Computer Science,Un-Aided Autonomous Home University : Autonomous Institute,Autonomous Institute,GOBCS,186325,18.1456181,G,S,OBC,B.Tech,2025,4
'06269,"Shetkari Shikshan Mandal's Pad. Vasantraodada Patil Institute of Technology, Budhgaon, Sangli",'0626990010,Electronics and Computer Science,Un-Aided Autonomous Home University : Autonomous Institute,Autonomous Institute,DEFOBCS,164492,34.8967510,D,S,OBC,B.Tech,2025,4
'06269,"Shetkari Shikshan Mandal's Pad. Vasantraodada Patil Institute of Technology, Budhgaon, Sangli",'0626990010,Electronics and Computer Science,Un-Aided Autonomous Home University : Autonomous Institute,Autonomous Institute,PWDOPENS,95394,69.2179237,P,S,PWD,B.Tech,2025,4
'06269,"Shetkari Shikshan Mandal's Pad. Vasantraodada Patil Institute of Technology, Budhgaon, Sangli",'0626990010,Electronics and Computer Science,Un-Aided Autonomous Home University : Autonomous Institute,Autonomous Institute,GSCS,168599,32.0008834,G,S,SC,B.Tech,2025,4
'06269,"Shetkari Shikshan Mandal's Pad. Vasantraodada Patil Institute of Technology, Budhgaon, Sangli",'0626990010,Electronics and Computer Science,Un-Aided Autonomous Home University : Autonomous Institute,Autonomous Institute,GSTS,167430,32.1650475,G,S,ST,B.Tech,2025,4
'06269,"Shetkari Shikshan Mandal's Pad. Vasantraodada Patil Institute of Technology, Budhgaon, Sangli",'0626990010,Electronics and Computer Science,Un-Aided Autonomous Home University : Autonomous Institute,Autonomous Institute,GVJS,162547,35.7798895,G,S,VJ,B.Tech,2025,4
'06269,"Shetkari Shikshan Mandal's Pad. Vasantraodada Patil Institute of Technology, Budhgaon, Sangli",'0626990010,Electronics and Computer Science,Un-Aided Autonomous Home University : Autonomous Institute,Autonomous Institute,LVJS,138453,49.6043895,L,S,VJ,B.Tech,2025,4
'06269,"Shetkari Shikshan Mandal's Pad. Vasantraodada Patil Institute of Technology, Budhgaon, Sangli",'0626992510,Computer Science and Engineering (Artificial Intelligence and Data Science),Un-Aided Autonomous Home University : Autonomous Institute,Autonomous Institute,GOPENS,73919,77.1296846,G,S,OPEN,B.Tech,2025,4
'06269,"Shetkari Shikshan Mandal's Pad. Vasantraodada Patil Institute of Technology, Budhgaon, Sangli",'0626992510,Computer Science and Engineering (Artificial Intelligence and Data Science),Un-Aided Autonomous Home University : Autonomous Institute,Autonomous Institute,LOPENS,79554,75.2107280,L,S,OPEN,B.Tech,2025,4
'06269,"Shetkari Shikshan Mandal's Pad. Vasantraodada Patil Institute of Technology, Budhgaon, Sangli",'0626992510,Computer Science and Engineering (Artificial Intelligence and Data Science),Un-Aided Autonomous Home University : Autonomous Institute,Autonomous Institute,LNT2S,88288,71.8197195,L,S,NT2,B.Tech,2025,4
'06269,"Shetkari Shikshan Mandal's Pad. Vasantraodada Patil Institute of Technology, Budhgaon, Sangli",'0626992510,Computer Science and Engineering (Artificial Intelligence and Data Science),Un-Aided Autonomous Home University : Autonomous Institute,Autonomous Institute,EWS,135355,50.9683037,E,S,EWS,B.Tech,2025,4
'06269,"Shetkari Shikshan Mandal's Pad. Vasantraodada Patil Institute of Technology, Budhgaon, Sangli",'0626992610,Electrical and Computer Engineering,Un-Aided Autonomous Home University : Autonomous Institute,Autonomous Institute,GOBCS,144172,46.7613499,G,S,OBC,B.Tech,2025,4
'06269,"Shetkari Shikshan Mandal's Pad. Vasantraodada Patil Institute of Technology, Budhgaon, Sangli",'0626992610,Electrical and Computer Engineering,Un-Aided Autonomous Home University : Autonomous Institute,Autonomous Institute,LOPENS,139524,49.3416227,L,S,OPEN,B.Tech,2025,4
'06269,"Shetkari Shikshan Mandal's Pad. Vasantraodada Patil Institute of Technology, Budhgaon, Sangli",'0626992610,Electrical and Computer Engineering,Un-Aided Autonomous Home University : Autonomous Institute,Autonomous Institute,LSTS,148542,43.7443400,L,S,ST,B.Tech,2025,4
'06270,"Rayat Shikshan Sanstha's Karmaveer Bhaurao Patil College of Engineering, Satara",'0627019110,Civil Engineering,Un-Aided Home University : Shivaji University,Shivaji University,GOPENH,58230,82.3736697,G,H,OPEN,B.Tech,2025,4
'06270,"Rayat Shikshan Sanstha's Karmaveer Bhaurao Patil College of Engineering, Satara",'0627019110,Civil Engineering,Un-Aided Home University : Shivaji University,Shivaji University,GNT3H,106331,64.7148712,G,H,NT3,B.Tech,2025,4
'06270,"Rayat Shikshan Sanstha's Karmaveer Bhaurao Patil College of Engineering, Satara",'0627024210,Computer Science and Engineering,Un-Aided Home University : Shivaji University,Shivaji University,GSCH,106337,64.7131860,G,H,SC,B.Tech,2025,4
'06270,"Rayat Shikshan Sanstha's Karmaveer Bhaurao Patil College of Engineering, Satara",'0627024210,Computer Science and Engineering,Un-Aided Home University : Shivaji University,Shivaji University,GNT2H,60849,81.6328671,G,H,NT2,B.Tech,2025,4
'06270,"Rayat Shikshan Sanstha's Karmaveer Bhaurao Patil College of Engineering, Satara",'0627024210,Computer Science and Engineering,Un-Aided Home University : Shivaji University,Shivaji University,LOBCH,87488,72.1363369,L,H,OBC,B.Tech,2025,4
'06270,"Rayat Shikshan Sanstha's Karmaveer Bhaurao Patil College of Engineering, Satara",'0627024210,Computer Science and Engineering,Un-Aided Home University : Shivaji University,Shivaji University,LNT1H,150033,43.4652257,L,H,NT1,B.Tech,2025,4
'06270,"Rayat Shikshan Sanstha's Karmaveer Bhaurao Patil College of Engineering, Satara",'0627037210,Electronics and Telecommunication Engg,Un-Aided Home University : Shivaji University,Shivaji University,GOBCH,75321,76.8955509,G,H,OBC,B.Tech,2025,4
'06270,"Rayat Shikshan Sanstha's Karmaveer Bhaurao Patil College of Engineering, Satara",'0627037210,Electronics and Telecommunication Engg,Un-Aided Home University : Shivaji University,Shivaji University,LOPENH,58572,82.3322294,L,H,OPEN,B.Tech,2025,4
'06270,"Rayat Shikshan Sanstha's Karmaveer Bhaurao Patil College of Engineering, Satara",'0627037210,Electronics and Telecommunication Engg,Un-Aided Home University : Shivaji University,Shivaji University,GNT1H,84326,73.5570613,G,H,NT1,B.Tech,2025,4
'06270,"Rayat Shikshan Sanstha's Karmaveer Bhaurao Patil College of Engineering, Satara",'0627061210,Mechanical Engineering,Un-Aided Home University : Shivaji University,Shivaji University,LVJO,149512,43.5338318,L,O,VJ,B.Tech,2025,4
'06270,"Rayat Shikshan Sanstha's Karmaveer Bhaurao Patil College of Engineering, Satara",'0627099510,Artificial Intelligence and Data Science,Un-Aided Home University : Shivaji University,Shivaji University,ORPHAN,114562,61.1295449,O,N,ORPHAN,B.Tech,2025,4
'06271,Pune Institute of Computer Technology,'0627124510,Computer Engineering,Un-Aided Autonomous,Unknown,GOPENS,1151,99.6053281,G,S,OPEN,B.Tech,2025,4
'06271,Pune Institute of Computer Technology,'0627124510,Computer Engineering,Un-Aided Autonomous,Unknown,GVJS,5572,98.3713584,G,S,VJ,B.Tech,2025,4
'06271,Pune Institute of Computer Technology,'0627124510,Computer Engineering,Un-Aided Autonomous,Unknown,GOBCS,1509,99.4997644,G,S,OBC,B.Tech,2025,4
'06271,Pune Institute of Computer Technology,'0627124510,Computer Engineering,Un-Aided Autonomous,Unknown,GSEBCS,1594,99.4805648,G,S,SEBC,B.Tech,2025,4
'06271,Pune Institute of Computer Technology,'0627124510,Computer Engineering,Un-Aided Autonomous,Unknown,LOPENS,1690,99.4545455,L,S,OPEN,B.Tech,2025,4
'06271,Pune Institute of Computer Technology,'0627124510,Computer Engineering,Un-Aided Autonomous,Unknown,LOBCS,1781,99.4202089,L,S,OBC,B.Tech,2025,4
'06271,Pune Institute of Computer Technology,'0627124510,Computer Engineering,Un-Aided Autonomous,Unknown,TFWS,1075,99.6258282,T,S,TFWS,B.Tech,2025,4
'06271,Pune Institute of Computer Technology,'0627124510,Computer Engineering,Un-Aided Autonomous,Unknown,EWS,2316,99.2763707,E,S,EWS,B.Tech,2025,4
'06271,Pune Institute of Computer Technology,'0627124610,Information Technology,Un-Aided Autonomous,Unknown,GOPENS,1686,99.4545455,G,S,OPEN,B.Tech,2025,4
'06271,Pune Institute of Computer Technology,'0627124610,Information Technology,Un-Aided Autonomous,Unknown,GSCS,10322,97.0402649,G,S,SC,B.Tech,2025,4
'06271,Pune Institute of Computer Technology,'0627124610,Information Technology,Un-Aided Autonomous,Unknown,GVJS,6502,98.1193591,G,S,VJ,B.Tech,2025,4
'06271,Pune Institute of Computer Technology,'0627124610,Information Technology,Un-Aided Autonomous,Unknown,GOBCS,1775,99.4220875,G,S,OBC,B.Tech,2025,4
'06271,Pune Institute of Computer Technology,'0627124610,Information Technology,Un-Aided Autonomous,Unknown,GSEBCS,1996,99.3638424,G,S,SEBC,B.Tech,2025,4
'06271,Pune Institute of Computer Technology,'0627124610,Information Technology,Un-Aided Autonomous,Unknown,LOPENS,2211,99.3058003,L,S,OPEN,B.Tech,2025,4
'06271,Pune Institute of Computer Technology,'0627124610,Information Technology,Un-Aided Autonomous,Unknown,LSTS,85422,73.1347962,L,S,ST,B.Tech,2025,4
'06271,Pune Institute of Computer Technology,'0627124610,Information Technology,Un-Aided Autonomous,Unknown,LOBCS,2289,99.2859631,L,S,OBC,B.Tech,2025,4
'06271,Pune Institute of Computer Technology,'0627124610,Information Technology,Un-Aided Autonomous,Unknown,LSEBCS,3331,98.9994771,L,S,SEBC,B.Tech,2025,4
'06271,Pune Institute of Computer Technology,'0627124610,Information Technology,Un-Aided Autonomous,Unknown,DEFOPENS,4119,98.7820288,D,S,OPEN,B.Tech,2025,4
'06271,Pune Institute of Computer Technology,'0627124610,Information Technology,Un-Aided Autonomous,Unknown,DEFSCS,32951,90.3099038,D,S,SC,B.Tech,2025,4
'06271,Pune Institute of Computer Technology,'0627124610,Information Technology,Un-Aided Autonomous,Unknown,TFWS,1507,99.4997644,T,S,TFWS,B.Tech,2025,4
'06271,Pune Institute of Computer Technology,'0627124610,Information Technology,Un-Aided Autonomous,Unknown,EWS,3696,98.8958551,E,S,EWS,B.Tech,2025,4
'06271,Pune Institute of Computer Technology,'0627126310,Artificial Intelligence (AI) and Data Science,Un-Aided Autonomous,Unknown,GOPENS,1430,99.5293708,G,S,OPEN,B.Tech,2025,4
'06271,Pune Institute of Computer Technology,'0627126310,Artificial Intelligence (AI) and Data Science,Un-Aided Autonomous,Unknown,GSTS,35238,89.6700597,G,S,ST,B.Tech,2025,4
'06271,Pune Institute of Computer Technology,'0627126310,Artificial Intelligence (AI) and Data Science,Un-Aided Autonomous,Unknown,GNT2S,4662,98.6334143,G,S,NT2,B.Tech,2025,4
'06271,Pune Institute of Computer Technology,'0627126310,Artificial Intelligence (AI) and Data Science,Un-Aided Autonomous,Unknown,GSEBCS,2191,99.3080094,G,S,SEBC,B.Tech,2025,4
'06271,Pune Institute of Computer Technology,'0627126310,Artificial Intelligence (AI) and Data Science,Un-Aided Autonomous,Unknown,LOPENS,1846,99.4073910,L,S,OPEN,B.Tech,2025,4
'06271,Pune Institute of Computer Technology,'0627126310,Artificial Intelligence (AI) and Data Science,Un-Aided Autonomous,Unknown,PWDOPENS,30784,90.9705380,P,S,PWD,B.Tech,2025,4
'06271,Pune Institute of Computer Technology,'0627126310,Artificial Intelligence (AI) and Data Science,Un-Aided Autonomous,Unknown,EWS,3985,98.8245027,E,S,EWS,B.Tech,2025,4
'06271,Pune Institute of Computer Technology,'0627137210,Electronics and Telecommunication Engg,Un-Aided Autonomous,Unknown,GOPENS,2849,99.1307647,G,S,OPEN,B.Tech,2025,4
'06271,Pune Institute of Computer Technology,'0627137210,Electronics and Telecommunication Engg,Un-Aided Autonomous,Unknown,GSCS,14607,95.8120216,G,S,SC,B.Tech,2025,4
'06271,Pune Institute of Computer Technology,'0627137210,Electronics and Telecommunication Engg,Un-Aided Autonomous,Unknown,GSTS,45082,86.6718198,G,S,ST,B.Tech,2025,4
'06271,Pune Institute of Computer Technology,'0627137210,Electronics and Telecommunication Engg,Un-Aided Autonomous,Unknown,GNT2S,6779,98.0606808,G,S,NT2,B.Tech,2025,4
'06271,Pune Institute of Computer Technology,'0627137210,Electronics and Telecommunication Engg,Un-Aided Autonomous,Unknown,GOBCS,3143,99.0457271,G,S,OBC,B.Tech,2025,4
'06271,Pune Institute of Computer Technology,'0627137210,Electronics and Telecommunication Engg,Un-Aided Autonomous,Unknown,GSEBCS,5361,98.4177884,G,S,SEBC,B.Tech,2025,4
'06271,Pune Institute of Computer Technology,'0627137210,Electronics and Telecommunication Engg,Un-Aided Autonomous,Unknown,LOPENS,4188,98.7705634,L,S,OPEN,B.Tech,2025,4
'06271,Pune Institute of Computer Technology,'0627137210,Electronics and Telecommunication Engg,Un-Aided Autonomous,Unknown,LSCS,22633,93.4570631,L,S,SC,B.Tech,2025,4
'06271,Pune Institute of Computer Technology,'0627137210,Electronics and Telecommunication Engg,Un-Aided Autonomous,Unknown,LOBCS,5288,98.4684902,L,S,OBC,B.Tech,2025,4
'06271,Pune Institute of Computer Technology,'0627137210,Electronics and Telecommunication Engg,Un-Aided Autonomous,Unknown,PWDOPENS,96500,68.9620341,P,S,PWD,B.Tech,2025,4
'06271,Pune Institute of Computer Technology,'0627137210,Electronics and Telecommunication Engg,Un-Aided Autonomous,Unknown,TFWS,3034,99.0791558,T,S,TFWS,B.Tech,2025,4
'06271,Pune Institute of Computer Technology,'0627137210,Electronics and Telecommunication Engg,Un-Aided Autonomous,Unknown,EWS,6132,98.2326849,E,S,EWS,B.Tech,2025,4
'06271,Pune Institute of Computer Technology,'0627184410,Electronics and Computer Engineering,Un-Aided Autonomous,Unknown,GOPENS,1799,99.4195062,G,S,OPEN,B.Tech,2025,4
'06271,Pune Institute of Computer Technology,'0627184410,Electronics and Computer Engineering,Un-Aided Autonomous,Unknown,GSCS,10536,96.9753065,G,S,SC,B.Tech,2025,4
'06271,Pune Institute of Computer Technology,'0627184410,Electronics and Computer Engineering,Un-Aided Autonomous,Unknown,GOBCS,1909,99.3934112,G,S,OBC,B.Tech,2025,4
'06271,Pune Institute of Computer Technology,'0627184410,Electronics and Computer Engineering,Un-Aided Autonomous,Unknown,GSEBCS,3296,99.0010642,G,S,SEBC,B.Tech,2025,4
'06271,Pune Institute of Computer Technology,'0627184410,Electronics and Computer Engineering,Un-Aided Autonomous,Unknown,LOPENS,2768,99.1547623,L,S,OPEN,B.Tech,2025,4
'06271,Pune Institute of Computer Technology,'0627184410,Electronics and Computer Engineering,Un-Aided Autonomous,Unknown,PWDOPENS,136182,50.7016833,P,S,PWD,B.Tech,2025,4
'06271,Pune Institute of Computer Technology,'0627184410,Electronics and Computer Engineering,Un-Aided Autonomous,Unknown,TFWS,2388,99.2498437,T,S,TFWS,B.Tech,2025,4
'06271,Pune Institute of Computer Technology,'0627184410,Electronics and Computer Engineering,Un-Aided Autonomous,Unknown,EWS,4020,98.7913005,E,S,EWS,B.Tech,2025,4
'06272,"Dr. D. Y. Patil Pratishthan's D.Y.Patil College of Engineering Akurdi, Pune",'0627219110,Civil Engineering,Un-Aided Autonomous,Unknown,GOPENS,26573,92.2439918,G,S,OPEN,B.Tech,2025,4
'06272,"Dr. D. Y. Patil Pratishthan's D.Y.Patil College of Engineering Akurdi, Pune",'0627219110,Civil Engineering,Un-Aided Autonomous,Unknown,GSCS,59759,81.9705913,G,S,SC,B.Tech,2025,4
'06272,"Dr. D. Y. Patil Pratishthan's D.Y.Patil College of Engineering Akurdi, Pune",'0627219110,Civil Engineering,Un-Aided Autonomous,Unknown,GVJS,33473,90.1551333,G,S,VJ,B.Tech,2025,4
'06272,"Dr. D. Y. Patil Pratishthan's D.Y.Patil College of Engineering Akurdi, Pune",'0627219110,Civil Engineering,Un-Aided Autonomous,Unknown,GNT1S,47069,85.9124978,G,S,NT1,B.Tech,2025,4
'06272,"Dr. D. Y. Patil Pratishthan's D.Y.Patil College of Engineering Akurdi, Pune",'0627219110,Civil Engineering,Un-Aided Autonomous,Unknown,GNT2S,36376,89.2739334,G,S,NT2,B.Tech,2025,4
'06272,"Dr. D. Y. Patil Pratishthan's D.Y.Patil College of Engineering Akurdi, Pune",'0627219110,Civil Engineering,Un-Aided Autonomous,Unknown,GOBCS,39308,88.3826292,G,S,OBC,B.Tech,2025,4
'06272,"Dr. D. Y. Patil Pratishthan's D.Y.Patil College of Engineering Akurdi, Pune",'0627219110,Civil Engineering,Un-Aided Autonomous,Unknown,GSEBCS,32188,90.5881920,G,S,SEBC,B.Tech,2025,4
'06272,"Dr. D. Y. Patil Pratishthan's D.Y.Patil College of Engineering Akurdi, Pune",'0627219110,Civil Engineering,Un-Aided Autonomous,Unknown,LOPENS,33781,90.0917161,L,S,OPEN,B.Tech,2025,4
'06272,"Dr. D. Y. Patil Pratishthan's D.Y.Patil College of Engineering Akurdi, Pune",'0627219110,Civil Engineering,Un-Aided Autonomous,Unknown,LNT2S,35171,89.6700597,L,S,NT2,B.Tech,2025,4
'06272,"Dr. D. Y. Patil Pratishthan's D.Y.Patil College of Engineering Akurdi, Pune",'0627219110,Civil Engineering,Un-Aided Autonomous,Unknown,LSEBCS,50827,84.8660601,L,S,SEBC,B.Tech,2025,4
'06272,"Dr. D. Y. Patil Pratishthan's D.Y.Patil College of Engineering Akurdi, Pune",'0627219110,Civil Engineering,Un-Aided Autonomous,Unknown,EWS,91937,70.6189283,E,S,EWS,B.Tech,2025,4
'06272,"Dr. D. Y. Patil Pratishthan's D.Y.Patil College of Engineering Akurdi, Pune",'0627221910,Robotics and Automation,Un-Aided Autonomous,Unknown,GOPENS,17109,95.0636221,G,S,OPEN,B.Tech,2025,4
'06272,"Dr. D. Y. Patil Pratishthan's D.Y.Patil College of Engineering Akurdi, Pune",'0627221910,Robotics and Automation,Un-Aided Autonomous,Unknown,GOBCS,21758,93.6851271,G,S,OBC,B.Tech,2025,4
'06272,"Dr. D. Y. Patil Pratishthan's D.Y.Patil College of Engineering Akurdi, Pune",'0627221910,Robotics and Automation,Un-Aided Autonomous,Unknown,LOPENS,17077,95.0717753,L,S,OPEN,B.Tech,2025,4
'06272,"Dr. D. Y. Patil Pratishthan's D.Y.Patil College of Engineering Akurdi, Pune",'0627221910,Robotics and Automation,Un-Aided Autonomous,Unknown,LSCS,53919,83.7934335,L,S,SC,B.Tech,2025,4
'06272,"Dr. D. Y. Patil Pratishthan's D.Y.Patil College of Engineering Akurdi, Pune",'0627221910,Robotics and Automation,Un-Aided Autonomous,Unknown,LNT1S,28563,91.6927138,L,S,NT1,B.Tech,2025,4
'06272,"Dr. D. Y. Patil Pratishthan's D.Y.Patil College of Engineering Akurdi, Pune",'0627221910,Robotics and Automation,Un-Aided Autonomous,Unknown,TFWS,17712,94.8490546,T,S,TFWS,B.Tech,2025,4
'06272,"Dr. D. Y. Patil Pratishthan's D.Y.Patil College of Engineering Akurdi, Pune",'0627221910,Robotics and Automation,Un-Aided Autonomous,Unknown,PWDOPENS,17649,94.9067632,P,S,PWD,B.Tech,2025,4
'06272,"Dr. D. Y. Patil Pratishthan's D.Y.Patil College of Engineering Akurdi, Pune",'0627224510,Computer Engineering,Un-Aided Autonomous,Unknown,GOPENS,7906,97.7290277,G,S,OPEN,B.Tech,2025,4
'06272,"Dr. D. Y. Patil Pratishthan's D.Y.Patil College of Engineering Akurdi, Pune",'0627224510,Computer Engineering,Un-Aided Autonomous,Unknown,GSCS,24716,92.7867133,G,S,SC,B.Tech,2025,4
'06272,"Dr. D. Y. Patil Pratishthan's D.Y.Patil College of Engineering Akurdi, Pune",'0627224510,Computer Engineering,Un-Aided Autonomous,Unknown,GSTS,68414,79.0279720,G,S,ST,B.Tech,2025,4
'06272,"Dr. D. Y. Patil Pratishthan's D.Y.Patil College of Engineering Akurdi, Pune",'0627224510,Computer Engineering,Un-Aided Autonomous,Unknown,GNT2S,10516,96.9753065,G,S,NT2,B.Tech,2025,4
'06272,"Dr. D. Y. Patil Pratishthan's D.Y.Patil College of Engineering Akurdi, Pune",'0627224510,Computer Engineering,Un-Aided Autonomous,Unknown,GOBCS,8457,97.5647615,G,S,OBC,B.Tech,2025,4
'06272,"Dr. D. Y. Patil Pratishthan's D.Y.Patil College of Engineering Akurdi, Pune",'0627224510,Computer Engineering,Un-Aided Autonomous,Unknown,TFWS,7634,97.8062478,T,S,TFWS,B.Tech,2025,4
'06272,"Dr. D. Y. Patil Pratishthan's D.Y.Patil College of Engineering Akurdi, Pune",'0627224510,Computer Engineering,Un-Aided Autonomous,Unknown,PWDSEBCS,8858,97.4622675,P,S,PWD,B.Tech,2025,4
'06272,"Dr. D. Y. Patil Pratishthan's D.Y.Patil College of Engineering Akurdi, Pune",'0627224610,Information Technology,Un-Aided Autonomous,Unknown,GOPENS,9173,97.3737374,G,S,OPEN,B.Tech,2025,4
'06272,"Dr. D. Y. Patil Pratishthan's D.Y.Patil College of Engineering Akurdi, Pune",'0627224610,Information Technology,Un-Aided Autonomous,Unknown,GNT2S,12213,96.5118421,G,S,NT2,B.Tech,2025,4
'06272,"Dr. D. Y. Patil Pratishthan's D.Y.Patil College of Engineering Akurdi, Pune",'0627224610,Information Technology,Un-Aided Autonomous,Unknown,GOBCS,9637,97.2320377,G,S,OBC,B.Tech,2025,4
'06272,"Dr. D. Y. Patil Pratishthan's D.Y.Patil College of Engineering Akurdi, Pune",'0627224610,Information Technology,Un-Aided Autonomous,Unknown,GSEBCS,10273,97.0577076,G,S,SEBC,B.Tech,2025,4
'06272,"Dr. D. Y. Patil Pratishthan's D.Y.Patil College of Engineering Akurdi, Pune",'0627224610,Information Technology,Un-Aided Autonomous,Unknown,LOPENS,10294,97.0434844,L,S,OPEN,B.Tech,2025,4
'06272,"Dr. D. Y. Patil Pratishthan's D.Y.Patil College of Engineering Akurdi, Pune",'0627224610,Information Technology,Un-Aided Autonomous,Unknown,LOBCS,10548,96.9720280,L,S,OBC,B.Tech,2025,4
'06272,"Dr. D. Y. Patil Pratishthan's D.Y.Patil College of Engineering Akurdi, Pune",'0627224610,Information Technology,Un-Aided Autonomous,Unknown,LSEBCS,11213,96.7913801,L,S,SEBC,B.Tech,2025,4
'06272,"Dr. D. Y. Patil Pratishthan's D.Y.Patil College of Engineering Akurdi, Pune",'0627224610,Information Technology,Un-Aided Autonomous,Unknown,TFWS,8536,97.5490028,T,S,TFWS,B.Tech,2025,4
'06272,"Dr. D. Y. Patil Pratishthan's D.Y.Patil College of Engineering Akurdi, Pune",'0627224610,Information Technology,Un-Aided Autonomous,Unknown,EWS,17654,94.9067632,E,S,EWS,B.Tech,2025,4
'06272,"Dr. D. Y. Patil Pratishthan's D.Y.Patil College of Engineering Akurdi, Pune",'0627224610,Information Technology,Un-Aided Autonomous,Unknown,PWDSEBCS,10224,97.0921673,P,S,PWD,B.Tech,2025,4
'06272,"Dr. D. Y. Patil Pratishthan's D.Y.Patil College of Engineering Akurdi, Pune",'0627237210,Electronics and Telecommunication Engg,Un-Aided Autonomous,Unknown,GOPENS,13346,96.1719670,G,S,OPEN,B.Tech,2025,4
'06272,"Dr. D. Y. Patil Pratishthan's D.Y.Patil College of Engineering Akurdi, Pune",'0627237210,Electronics and Telecommunication Engg,Un-Aided Autonomous,Unknown,GNT1S,26019,92.3881037,G,S,NT1,B.Tech,2025,4
'06272,"Dr. D. Y. Patil Pratishthan's D.Y.Patil College of Engineering Akurdi, Pune",'0627237210,Electronics and Telecommunication Engg,Un-Aided Autonomous,Unknown,GOBCS,14732,95.7809758,G,S,OBC,B.Tech,2025,4
'06272,"Dr. D. Y. Patil Pratishthan's D.Y.Patil College of Engineering Akurdi, Pune",'0627237210,Electronics and Telecommunication Engg,Un-Aided Autonomous,Unknown,GSEBCS,14469,95.8324651,G,S,SEBC,B.Tech,2025,4
'06272,"Dr. D. Y. Patil Pratishthan's D.Y.Patil College of Engineering Akurdi, Pune",'0627237210,Electronics and Telecommunication Engg,Un-Aided Autonomous,Unknown,LOPENS,12493,96.4091902,L,S,OPEN,B.Tech,2025,4
'06272,"Dr. D. Y. Patil Pratishthan's D.Y.Patil College of Engineering Akurdi, Pune",'0627237210,Electronics and Telecommunication Engg,Un-Aided Autonomous,Unknown,LOBCS,12920,96.3186775,L,S,OBC,B.Tech,2025,4
'06272,"Dr. D. Y. Patil Pratishthan's D.Y.Patil College of Engineering Akurdi, Pune",'0627237210,Electronics and Telecommunication Engg,Un-Aided Autonomous,Unknown,TFWS,11489,96.6904701,T,S,TFWS,B.Tech,2025,4
'06272,"Dr. D. Y. Patil Pratishthan's D.Y.Patil College of Engineering Akurdi, Pune",'0627237210,Electronics and Telecommunication Engg,Un-Aided Autonomous,Unknown,PWDOPENS,13764,96.0454545,P,S,PWD,B.Tech,2025,4
'06272,"Dr. D. Y. Patil Pratishthan's D.Y.Patil College of Engineering Akurdi, Pune",'0627237210,Electronics and Telecommunication Engg,Un-Aided Autonomous,Unknown,ORPHAN,13807,96.0257750,O,N,ORPHAN,B.Tech,2025,4
'06272,"Dr. D. Y. Patil Pratishthan's D.Y.Patil College of Engineering Akurdi, Pune",'0627246610,Instrumentation Engineering,Un-Aided Autonomous,Unknown,GOPENS,25811,92.4230769,G,S,OPEN,B.Tech,2025,4
'06272,"Dr. D. Y. Patil Pratishthan's D.Y.Patil College of Engineering Akurdi, Pune",'0627246610,Instrumentation Engineering,Un-Aided Autonomous,Unknown,GSCS,55489,83.3397246,G,S,SC,B.Tech,2025,4
'06272,"Dr. D. Y. Patil Pratishthan's D.Y.Patil College of Engineering Akurdi, Pune",'0627246610,Instrumentation Engineering,Un-Aided Autonomous,Unknown,GOBCS,28755,91.5650868,G,S,OBC,B.Tech,2025,4
'06272,"Dr. D. Y. Patil Pratishthan's D.Y.Patil College of Engineering Akurdi, Pune",'0627246610,Instrumentation Engineering,Un-Aided Autonomous,Unknown,GSEBCS,35082,89.6827150,G,S,SEBC,B.Tech,2025,4
'06272,"Dr. D. Y. Patil Pratishthan's D.Y.Patil College of Engineering Akurdi, Pune",'0627246610,Instrumentation Engineering,Un-Aided Autonomous,Unknown,EWS,71798,78.1688442,E,S,EWS,B.Tech,2025,4
'06272,"Dr. D. Y. Patil Pratishthan's D.Y.Patil College of Engineering Akurdi, Pune",'0627246610,Instrumentation Engineering,Un-Aided Autonomous,Unknown,GSTS,27500,91.9726220,G,S,ST,B.Tech,2025,4
'06272,"Dr. D. Y. Patil Pratishthan's D.Y.Patil College of Engineering Akurdi, Pune",'0627261210,Mechanical Engineering,Un-Aided Autonomous,Unknown,GOPENS,21247,93.8574939,G,S,OPEN,B.Tech,2025,4
'06272,"Dr. D. Y. Patil Pratishthan's D.Y.Patil College of Engineering Akurdi, Pune",'0627261210,Mechanical Engineering,Un-Aided Autonomous,Unknown,GNT3S,32052,90.6221224,G,S,NT3,B.Tech,2025,4
'06272,"Dr. D. Y. Patil Pratishthan's D.Y.Patil College of Engineering Akurdi, Pune",'0627261210,Mechanical Engineering,Un-Aided Autonomous,Unknown,GOBCS,23805,93.0875099,G,S,OBC,B.Tech,2025,4
'06272,"Dr. D. Y. Patil Pratishthan's D.Y.Patil College of Engineering Akurdi, Pune",'0627261210,Mechanical Engineering,Un-Aided Autonomous,Unknown,GSEBCS,28976,91.5026371,G,S,SEBC,B.Tech,2025,4
'06272,"Dr. D. Y. Patil Pratishthan's D.Y.Patil College of Engineering Akurdi, Pune",'0627261210,Mechanical Engineering,Un-Aided Autonomous,Unknown,LOPENS,25704,92.5218400,L,S,OPEN,B.Tech,2025,4
'06272,"Dr. D. Y. Patil Pratishthan's D.Y.Patil College of Engineering Akurdi, Pune",'0627261210,Mechanical Engineering,Un-Aided Autonomous,Unknown,LOBCS,26008,92.4011947,L,S,OBC,B.Tech,2025,4
'06272,"Dr. D. Y. Patil Pratishthan's D.Y.Patil College of Engineering Akurdi, Pune",'0627261210,Mechanical Engineering,Un-Aided Autonomous,Unknown,LSEBCS,26451,92.2575417,L,S,SEBC,B.Tech,2025,4
'06272,"Dr. D. Y. Patil Pratishthan's D.Y.Patil College of Engineering Akurdi, Pune",'0627261210,Mechanical Engineering,Un-Aided Autonomous,Unknown,DEFOPENS,39570,88.2544975,D,S,OPEN,B.Tech,2025,4
'06272,"Dr. D. Y. Patil Pratishthan's D.Y.Patil College of Engineering Akurdi, Pune",'0627261210,Mechanical Engineering,Un-Aided Autonomous,Unknown,TFWS,18242,94.7424061,T,S,TFWS,B.Tech,2025,4
'06272,"Dr. D. Y. Patil Pratishthan's D.Y.Patil College of Engineering Akurdi, Pune",'0627261210,Mechanical Engineering,Un-Aided Autonomous,Unknown,EWS,50236,84.9728618,E,S,EWS,B.Tech,2025,4
'06272,"Dr. D. Y. Patil Pratishthan's D.Y.Patil College of Engineering Akurdi, Pune",'0627261210,Mechanical Engineering,Un-Aided Autonomous,Unknown,PWDOPENS,21839,93.6842468,P,S,PWD,B.Tech,2025,4
'06272,"Dr. D. Y. Patil Pratishthan's D.Y.Patil College of Engineering Akurdi, Pune",'0627261210,Mechanical Engineering,Un-Aided Autonomous,Unknown,PWDSCS,42954,87.3029561,P,S,PWD,B.Tech,2025,4
'06272,"Dr. D. Y. Patil Pratishthan's D.Y.Patil College of Engineering Akurdi, Pune",'0627299510,Artificial Intelligence and Data Science,Un-Aided Autonomous,Unknown,GOPENS,9753,97.2163775,G,S,OPEN,B.Tech,2025,4
'06272,"Dr. D. Y. Patil Pratishthan's D.Y.Patil College of Engineering Akurdi, Pune",'0627299510,Artificial Intelligence and Data Science,Un-Aided Autonomous,Unknown,GSCS,26159,92.3780367,G,S,SC,B.Tech,2025,4
'06272,"Dr. D. Y. Patil Pratishthan's D.Y.Patil College of Engineering Akurdi, Pune",'0627299510,Artificial Intelligence and Data Science,Un-Aided Autonomous,Unknown,GOBCS,10174,97.0940053,G,S,OBC,B.Tech,2025,4
'06272,"Dr. D. Y. Patil Pratishthan's D.Y.Patil College of Engineering Akurdi, Pune",'0627299510,Artificial Intelligence and Data Science,Un-Aided Autonomous,Unknown,GSEBCS,10305,97.0402649,G,S,SEBC,B.Tech,2025,4
'06272,"Dr. D. Y. Patil Pratishthan's D.Y.Patil College of Engineering Akurdi, Pune",'0627299510,Artificial Intelligence and Data Science,Un-Aided Autonomous,Unknown,LOPENS,10646,96.9557645,L,S,OPEN,B.Tech,2025,4
'06272,"Dr. D. Y. Patil Pratishthan's D.Y.Patil College of Engineering Akurdi, Pune",'0627299510,Artificial Intelligence and Data Science,Un-Aided Autonomous,Unknown,LNT1S,20202,94.1618476,L,S,NT1,B.Tech,2025,4
'06272,"Dr. D. Y. Patil Pratishthan's D.Y.Patil College of Engineering Akurdi, Pune",'0627299510,Artificial Intelligence and Data Science,Un-Aided Autonomous,Unknown,DEFSEBCS,23600,93.1561968,D,S,SEBC,B.Tech,2025,4
'06272,"Dr. D. Y. Patil Pratishthan's D.Y.Patil College of Engineering Akurdi, Pune",'0627299510,Artificial Intelligence and Data Science,Un-Aided Autonomous,Unknown,TFWS,9010,97.4069026,T,S,TFWS,B.Tech,2025,4
'06272,"Dr. D. Y. Patil Pratishthan's D.Y.Patil College of Engineering Akurdi, Pune",'0627299510,Artificial Intelligence and Data Science,Un-Aided Autonomous,Unknown,DEFRNT3S,30743,91.0114841,D,S,EFRNT3,B.Tech,2025,4
'06272,"Dr. D. Y. Patil Pratishthan's D.Y.Patil College of Engineering Akurdi, Pune",'0627299510,Artificial Intelligence and Data Science,Un-Aided Autonomous,Unknown,EWS,15881,95.4197144,E,S,EWS,B.Tech,2025,4
'06273,"Bansilal Ramnath Agarawal Charitable Trust's Vishwakarma Institute of Technology, Bibwewadi, Pune",'0627319110,Civil Engineering,Un-Aided Autonomous,Unknown,GOPENS,19367,94.4196840,G,S,OPEN,B.Tech,2025,4
'06273,"Bansilal Ramnath Agarawal Charitable Trust's Vishwakarma Institute of Technology, Bibwewadi, Pune",'0627319110,Civil Engineering,Un-Aided Autonomous,Unknown,GSCS,51602,84.5176078,G,S,SC,B.Tech,2025,4
'06273,"Bansilal Ramnath Agarawal Charitable Trust's Vishwakarma Institute of Technology, Bibwewadi, Pune",'0627319110,Civil Engineering,Un-Aided Autonomous,Unknown,GOBCS,23136,93.2751767,G,S,OBC,B.Tech,2025,4
'06273,"Bansilal Ramnath Agarawal Charitable Trust's Vishwakarma Institute of Technology, Bibwewadi, Pune",'0627319110,Civil Engineering,Un-Aided Autonomous,Unknown,GSEBCS,22164,93.5688239,G,S,SEBC,B.Tech,2025,4
'06273,"Bansilal Ramnath Agarawal Charitable Trust's Vishwakarma Institute of Technology, Bibwewadi, Pune",'0627319110,Civil Engineering,Un-Aided Autonomous,Unknown,LOPENS,20046,94.1814562,L,S,OPEN,B.Tech,2025,4
'06273,"Bansilal Ramnath Agarawal Charitable Trust's Vishwakarma Institute of Technology, Bibwewadi, Pune",'0627319110,Civil Engineering,Un-Aided Autonomous,Unknown,LOBCS,22475,93.4773416,L,S,OBC,B.Tech,2025,4
'06273,"Bansilal Ramnath Agarawal Charitable Trust's Vishwakarma Institute of Technology, Bibwewadi, Pune",'0627319110,Civil Engineering,Un-Aided Autonomous,Unknown,PWDOPENS,83552,73.6328536,P,S,PWD,B.Tech,2025,4
'06273,"Bansilal Ramnath Agarawal Charitable Trust's Vishwakarma Institute of Technology, Bibwewadi, Pune",'0627319110,Civil Engineering,Un-Aided Autonomous,Unknown,TFWS,20749,93.9883008,T,S,TFWS,B.Tech,2025,4
'06273,"Bansilal Ramnath Agarawal Charitable Trust's Vishwakarma Institute of Technology, Bibwewadi, Pune",'0627319110,Civil Engineering,Un-Aided Autonomous,Unknown,EWS,54399,83.7239356,E,S,EWS,B.Tech,2025,4
'06273,"Bansilal Ramnath Agarawal Charitable Trust's Vishwakarma Institute of Technology, Bibwewadi, Pune",'0627324510,Computer Engineering,Un-Aided Autonomous,Unknown,GOPENS,4095,98.7820350,G,S,OPEN,B.Tech,2025,4
'06273,"Bansilal Ramnath Agarawal Charitable Trust's Vishwakarma Institute of Technology, Bibwewadi, Pune",'0627324510,Computer Engineering,Un-Aided Autonomous,Unknown,GSCS,18127,94.7771148,G,S,SC,B.Tech,2025,4
'06273,"Bansilal Ramnath Agarawal Charitable Trust's Vishwakarma Institute of Technology, Bibwewadi, Pune",'0627324510,Computer Engineering,Un-Aided Autonomous,Unknown,GVJS,10521,96.9753065,G,S,VJ,B.Tech,2025,4
'06273,"Bansilal Ramnath Agarawal Charitable Trust's Vishwakarma Institute of Technology, Bibwewadi, Pune",'0627324510,Computer Engineering,Un-Aided Autonomous,Unknown,GNT2S,6113,98.2326849,G,S,NT2,B.Tech,2025,4
'06273,"Bansilal Ramnath Agarawal Charitable Trust's Vishwakarma Institute of Technology, Bibwewadi, Pune",'0627324510,Computer Engineering,Un-Aided Autonomous,Unknown,GNT3S,8678,97.5139860,G,S,NT3,B.Tech,2025,4
'06273,"Bansilal Ramnath Agarawal Charitable Trust's Vishwakarma Institute of Technology, Bibwewadi, Pune",'0627324510,Computer Engineering,Un-Aided Autonomous,Unknown,GOBCS,4992,98.5497647,G,S,OBC,B.Tech,2025,4
'06273,"Bansilal Ramnath Agarawal Charitable Trust's Vishwakarma Institute of Technology, Bibwewadi, Pune",'0627324510,Computer Engineering,Un-Aided Autonomous,Unknown,GSEBCS,6106,98.2326849,G,S,SEBC,B.Tech,2025,4
'06273,"Bansilal Ramnath Agarawal Charitable Trust's Vishwakarma Institute of Technology, Bibwewadi, Pune",'0627324510,Computer Engineering,Un-Aided Autonomous,Unknown,LOPENS,5491,98.4064020,L,S,OPEN,B.Tech,2025,4
'06273,"Bansilal Ramnath Agarawal Charitable Trust's Vishwakarma Institute of Technology, Bibwewadi, Pune",'0627324510,Computer Engineering,Un-Aided Autonomous,Unknown,LSCS,23297,93.2557369,L,S,SC,B.Tech,2025,4
'06273,"Bansilal Ramnath Agarawal Charitable Trust's Vishwakarma Institute of Technology, Bibwewadi, Pune",'0627324510,Computer Engineering,Un-Aided Autonomous,Unknown,LNT3S,7425,97.8644152,L,S,NT3,B.Tech,2025,4
'06273,"Bansilal Ramnath Agarawal Charitable Trust's Vishwakarma Institute of Technology, Bibwewadi, Pune",'0627324510,Computer Engineering,Un-Aided Autonomous,Unknown,LOBCS,6199,98.1992337,L,S,OBC,B.Tech,2025,4
'06273,"Bansilal Ramnath Agarawal Charitable Trust's Vishwakarma Institute of Technology, Bibwewadi, Pune",'0627324510,Computer Engineering,Un-Aided Autonomous,Unknown,LSEBCS,7233,97.9220779,L,S,SEBC,B.Tech,2025,4
'06273,"Bansilal Ramnath Agarawal Charitable Trust's Vishwakarma Institute of Technology, Bibwewadi, Pune",'0627324510,Computer Engineering,Un-Aided Autonomous,Unknown,DEFOPENS,10535,96.9753065,D,S,OPEN,B.Tech,2025,4
'06273,"Bansilal Ramnath Agarawal Charitable Trust's Vishwakarma Institute of Technology, Bibwewadi, Pune",'0627324510,Computer Engineering,Un-Aided Autonomous,Unknown,DEFOBCS,16124,95.3359302,D,S,OBC,B.Tech,2025,4
'06273,"Bansilal Ramnath Agarawal Charitable Trust's Vishwakarma Institute of Technology, Bibwewadi, Pune",'0627324510,Computer Engineering,Un-Aided Autonomous,Unknown,TFWS,3293,99.0010642,T,S,TFWS,B.Tech,2025,4
'06273,"Bansilal Ramnath Agarawal Charitable Trust's Vishwakarma Institute of Technology, Bibwewadi, Pune",'0627324510,Computer Engineering,Un-Aided Autonomous,Unknown,EWS,8052,97.7061847,E,S,EWS,B.Tech,2025,4
'06273,"Bansilal Ramnath Agarawal Charitable Trust's Vishwakarma Institute of Technology, Bibwewadi, Pune",'0627324610,Information Technology,Un-Aided Autonomous,Unknown,GOPENS,5563,98.3713584,G,S,OPEN,B.Tech,2025,4
'06273,"Bansilal Ramnath Agarawal Charitable Trust's Vishwakarma Institute of Technology, Bibwewadi, Pune",'0627324610,Information Technology,Un-Aided Autonomous,Unknown,GNT2S,10402,97.0164647,G,S,NT2,B.Tech,2025,4
'06273,"Bansilal Ramnath Agarawal Charitable Trust's Vishwakarma Institute of Technology, Bibwewadi, Pune",'0627324610,Information Technology,Un-Aided Autonomous,Unknown,GOBCS,6218,98.1984268,G,S,OBC,B.Tech,2025,4
'06273,"Bansilal Ramnath Agarawal Charitable Trust's Vishwakarma Institute of Technology, Bibwewadi, Pune",'0627324610,Information Technology,Un-Aided Autonomous,Unknown,GSEBCS,7203,97.9240683,G,S,SEBC,B.Tech,2025,4
'06273,"Bansilal Ramnath Agarawal Charitable Trust's Vishwakarma Institute of Technology, Bibwewadi, Pune",'0627324610,Information Technology,Un-Aided Autonomous,Unknown,LOPENS,6509,98.1116181,L,S,OPEN,B.Tech,2025,4
'06273,"Bansilal Ramnath Agarawal Charitable Trust's Vishwakarma Institute of Technology, Bibwewadi, Pune",'0627324610,Information Technology,Un-Aided Autonomous,Unknown,LNT3S,9738,97.2163775,L,S,NT3,B.Tech,2025,4
'06273,"Bansilal Ramnath Agarawal Charitable Trust's Vishwakarma Institute of Technology, Bibwewadi, Pune",'0627324610,Information Technology,Un-Aided Autonomous,Unknown,LOBCS,6814,98.0372119,L,S,OBC,B.Tech,2025,4
'06273,"Bansilal Ramnath Agarawal Charitable Trust's Vishwakarma Institute of Technology, Bibwewadi, Pune",'0627324610,Information Technology,Un-Aided Autonomous,Unknown,LSEBCS,8253,97.6267338,L,S,SEBC,B.Tech,2025,4
'06273,"Bansilal Ramnath Agarawal Charitable Trust's Vishwakarma Institute of Technology, Bibwewadi, Pune",'0627324610,Information Technology,Un-Aided Autonomous,Unknown,PWDOPENS,129083,54.4314351,P,S,PWD,B.Tech,2025,4
'06273,"Bansilal Ramnath Agarawal Charitable Trust's Vishwakarma Institute of Technology, Bibwewadi, Pune",'0627324610,Information Technology,Un-Aided Autonomous,Unknown,DEFOPENS,13980,95.9989694,D,S,OPEN,B.Tech,2025,4
'06273,"Bansilal Ramnath Agarawal Charitable Trust's Vishwakarma Institute of Technology, Bibwewadi, Pune",'0627324610,Information Technology,Un-Aided Autonomous,Unknown,DEFOBCS,17313,94.9982450,D,S,OBC,B.Tech,2025,4
'06273,"Bansilal Ramnath Agarawal Charitable Trust's Vishwakarma Institute of Technology, Bibwewadi, Pune",'0627324610,Information Technology,Un-Aided Autonomous,Unknown,TFWS,4676,98.6224170,T,S,TFWS,B.Tech,2025,4
'06273,"Bansilal Ramnath Agarawal Charitable Trust's Vishwakarma Institute of Technology, Bibwewadi, Pune",'0627324610,Information Technology,Un-Aided Autonomous,Unknown,"DEFRSEBC
S",20126,94.1659305,D,S,SEBC,B.Tech,2025,4
'06273,"Bansilal Ramnath Agarawal Charitable Trust's Vishwakarma Institute of Technology, Bibwewadi, Pune",'0627324610,Information Technology,Un-Aided Autonomous,Unknown,EWS,10019,97.1220006,E,S,EWS,B.Tech,2025,4
'06273,"Bansilal Ramnath Agarawal Charitable Trust's Vishwakarma Institute of Technology, Bibwewadi, Pune",'0627324610,Information Technology,Un-Aided Autonomous,Unknown,ORPHAN,5637,98.3654081,O,N,ORPHAN,B.Tech,2025,4
'06273,"Bansilal Ramnath Agarawal Charitable Trust's Vishwakarma Institute of Technology, Bibwewadi, Pune",'0627337210,Electronics and Telecommunication Engg,Un-Aided Autonomous,Unknown,GOPENS,8380,97.6001178,G,S,OPEN,B.Tech,2025,4
'06273,"Bansilal Ramnath Agarawal Charitable Trust's Vishwakarma Institute of Technology, Bibwewadi, Pune",'0627337210,Electronics and Telecommunication Engg,Un-Aided Autonomous,Unknown,GSCS,25439,92.5745163,G,S,SC,B.Tech,2025,4
'06273,"Bansilal Ramnath Agarawal Charitable Trust's Vishwakarma Institute of Technology, Bibwewadi, Pune",'0627337210,Electronics and Telecommunication Engg,Un-Aided Autonomous,Unknown,GSTS,85982,72.8948543,G,S,ST,B.Tech,2025,4
'06273,"Bansilal Ramnath Agarawal Charitable Trust's Vishwakarma Institute of Technology, Bibwewadi, Pune",'0627337210,Electronics and Telecommunication Engg,Un-Aided Autonomous,Unknown,GNT3S,10933,96.8499656,G,S,NT3,B.Tech,2025,4
'06273,"Bansilal Ramnath Agarawal Charitable Trust's Vishwakarma Institute of Technology, Bibwewadi, Pune",'0627337210,Electronics and Telecommunication Engg,Un-Aided Autonomous,Unknown,GOBCS,9671,97.2306072,G,S,OBC,B.Tech,2025,4
'06273,"Bansilal Ramnath Agarawal Charitable Trust's Vishwakarma Institute of Technology, Bibwewadi, Pune",'0627337210,Electronics and Telecommunication Engg,Un-Aided Autonomous,Unknown,GSEBCS,10193,97.0928336,G,S,SEBC,B.Tech,2025,4
'06273,"Bansilal Ramnath Agarawal Charitable Trust's Vishwakarma Institute of Technology, Bibwewadi, Pune",'0627337210,Electronics and Telecommunication Engg,Un-Aided Autonomous,Unknown,LOPENS,9197,97.3737374,L,S,OPEN,B.Tech,2025,4
'06273,"Bansilal Ramnath Agarawal Charitable Trust's Vishwakarma Institute of Technology, Bibwewadi, Pune",'0627337210,Electronics and Telecommunication Engg,Un-Aided Autonomous,Unknown,LSTS,131114,53.6060165,L,S,ST,B.Tech,2025,4
'06273,"Bansilal Ramnath Agarawal Charitable Trust's Vishwakarma Institute of Technology, Bibwewadi, Pune",'0627337210,Electronics and Telecommunication Engg,Un-Aided Autonomous,Unknown,LOBCS,10139,97.0950888,L,S,OBC,B.Tech,2025,4
'06273,"Bansilal Ramnath Agarawal Charitable Trust's Vishwakarma Institute of Technology, Bibwewadi, Pune",'0627337210,Electronics and Telecommunication Engg,Un-Aided Autonomous,Unknown,DEFOPENS,18900,94.5372821,D,S,OPEN,B.Tech,2025,4
'06273,"Bansilal Ramnath Agarawal Charitable Trust's Vishwakarma Institute of Technology, Bibwewadi, Pune",'0627337210,Electronics and Telecommunication Engg,Un-Aided Autonomous,Unknown,TFWS,8860,97.4622675,T,S,TFWS,B.Tech,2025,4
'06273,"Bansilal Ramnath Agarawal Charitable Trust's Vishwakarma Institute of Technology, Bibwewadi, Pune",'0627337210,Electronics and Telecommunication Engg,Un-Aided Autonomous,Unknown,EWS,16143,95.3359302,E,S,EWS,B.Tech,2025,4
'06273,"Bansilal Ramnath Agarawal Charitable Trust's Vishwakarma Institute of Technology, Bibwewadi, Pune",'0627337210,Electronics and Telecommunication Engg,Un-Aided Autonomous,Unknown,LSTS,99898,67.8210479,L,S,ST,B.Tech,2025,4
'06273,"Bansilal Ramnath Agarawal Charitable Trust's Vishwakarma Institute of Technology, Bibwewadi, Pune",'0627337210,Electronics and Telecommunication Engg,Un-Aided Autonomous,Unknown,PWDOBCS,9645,97.2306072,P,S,PWD,B.Tech,2025,4
'06273,"Bansilal Ramnath Agarawal Charitable Trust's Vishwakarma Institute of Technology, Bibwewadi, Pune",'0627337210,Electronics and Telecommunication Engg,Un-Aided Autonomous,Unknown,ORPHAN,8470,97.5647615,O,N,ORPHAN,B.Tech,2025,4
'06273,"Bansilal Ramnath Agarawal Charitable Trust's Vishwakarma Institute of Technology, Bibwewadi, Pune",'0627346410,Instrumentation and Control Engineering,Un-Aided Autonomous,Unknown,GOPENS,15742,95.4505300,G,S,OPEN,B.Tech,2025,4
'06273,"Bansilal Ramnath Agarawal Charitable Trust's Vishwakarma Institute of Technology, Bibwewadi, Pune",'0627346410,Instrumentation and Control Engineering,Un-Aided Autonomous,Unknown,GSCS,46580,85.9982332,G,S,SC,B.Tech,2025,4
'06273,"Bansilal Ramnath Agarawal Charitable Trust's Vishwakarma Institute of Technology, Bibwewadi, Pune",'0627346410,Instrumentation and Control Engineering,Un-Aided Autonomous,Unknown,GNT1S,22209,93.5366917,G,S,NT1,B.Tech,2025,4
'06273,"Bansilal Ramnath Agarawal Charitable Trust's Vishwakarma Institute of Technology, Bibwewadi, Pune",'0627346410,Instrumentation and Control Engineering,Un-Aided Autonomous,Unknown,GOBCS,19852,94.2598398,G,S,OBC,B.Tech,2025,4
'06273,"Bansilal Ramnath Agarawal Charitable Trust's Vishwakarma Institute of Technology, Bibwewadi, Pune",'0627346410,Instrumentation and Control Engineering,Un-Aided Autonomous,Unknown,GSEBCS,20564,94.0166833,G,S,SEBC,B.Tech,2025,4
'06273,"Bansilal Ramnath Agarawal Charitable Trust's Vishwakarma Institute of Technology, Bibwewadi, Pune",'0627346410,Instrumentation and Control Engineering,Un-Aided Autonomous,Unknown,LOPENS,13349,96.1719670,L,S,OPEN,B.Tech,2025,4
'06273,"Bansilal Ramnath Agarawal Charitable Trust's Vishwakarma Institute of Technology, Bibwewadi, Pune",'0627346410,Instrumentation and Control Engineering,Un-Aided Autonomous,Unknown,LSCS,49483,85.1919561,L,S,SC,B.Tech,2025,4
'06273,"Bansilal Ramnath Agarawal Charitable Trust's Vishwakarma Institute of Technology, Bibwewadi, Pune",'0627346410,Instrumentation and Control Engineering,Un-Aided Autonomous,Unknown,LOBCS,15077,95.6472486,L,S,OBC,B.Tech,2025,4
'06273,"Bansilal Ramnath Agarawal Charitable Trust's Vishwakarma Institute of Technology, Bibwewadi, Pune",'0627346410,Instrumentation and Control Engineering,Un-Aided Autonomous,Unknown,TFWS,10700,96.9377687,T,S,TFWS,B.Tech,2025,4
'06273,"Bansilal Ramnath Agarawal Charitable Trust's Vishwakarma Institute of Technology, Bibwewadi, Pune",'0627346410,Instrumentation and Control Engineering,Un-Aided Autonomous,Unknown,EWS,35508,89.5355262,E,S,EWS,B.Tech,2025,4
'06273,"Bansilal Ramnath Agarawal Charitable Trust's Vishwakarma Institute of Technology, Bibwewadi, Pune",'0627346410,Instrumentation and Control Engineering,Un-Aided Autonomous,Unknown,PWDOPENS,16132,95.3359302,P,S,PWD,B.Tech,2025,4
'06273,"Bansilal Ramnath Agarawal Charitable Trust's Vishwakarma Institute of Technology, Bibwewadi, Pune",'0627346410,Instrumentation and Control Engineering,Un-Aided Autonomous,Unknown,PWDOBCS,17924,94.8161060,P,S,PWD,B.Tech,2025,4
'06273,"Bansilal Ramnath Agarawal Charitable Trust's Vishwakarma Institute of Technology, Bibwewadi, Pune",'0627361210,Mechanical Engineering,Un-Aided Autonomous,Unknown,GOPENS,11994,96.5695839,G,S,OPEN,B.Tech,2025,4
'06273,"Bansilal Ramnath Agarawal Charitable Trust's Vishwakarma Institute of Technology, Bibwewadi, Pune",'0627361210,Mechanical Engineering,Un-Aided Autonomous,Unknown,GSCS,27357,92.0354593,G,S,SC,B.Tech,2025,4
'06273,"Bansilal Ramnath Agarawal Charitable Trust's Vishwakarma Institute of Technology, Bibwewadi, Pune",'0627361210,Mechanical Engineering,Un-Aided Autonomous,Unknown,GSTS,94264,69.4936445,G,S,ST,B.Tech,2025,4
'06273,"Bansilal Ramnath Agarawal Charitable Trust's Vishwakarma Institute of Technology, Bibwewadi, Pune",'0627361210,Mechanical Engineering,Un-Aided Autonomous,Unknown,GNT3S,19173,94.4741287,G,S,NT3,B.Tech,2025,4
'06273,"Bansilal Ramnath Agarawal Charitable Trust's Vishwakarma Institute of Technology, Bibwewadi, Pune",'0627361210,Mechanical Engineering,Un-Aided Autonomous,Unknown,GOBCS,16047,95.3983854,G,S,OBC,B.Tech,2025,4
'06273,"Bansilal Ramnath Agarawal Charitable Trust's Vishwakarma Institute of Technology, Bibwewadi, Pune",'0627361210,Mechanical Engineering,Un-Aided Autonomous,Unknown,GSEBCS,19789,94.2598398,G,S,SEBC,B.Tech,2025,4
'06273,"Bansilal Ramnath Agarawal Charitable Trust's Vishwakarma Institute of Technology, Bibwewadi, Pune",'0627361210,Mechanical Engineering,Un-Aided Autonomous,Unknown,LOPENS,16721,95.1853147,L,S,OPEN,B.Tech,2025,4
'06273,"Bansilal Ramnath Agarawal Charitable Trust's Vishwakarma Institute of Technology, Bibwewadi, Pune",'0627361210,Mechanical Engineering,Un-Aided Autonomous,Unknown,LSCS,46786,85.9775360,L,S,SC,B.Tech,2025,4
'06273,"Bansilal Ramnath Agarawal Charitable Trust's Vishwakarma Institute of Technology, Bibwewadi, Pune",'0627361210,Mechanical Engineering,Un-Aided Autonomous,Unknown,LOBCS,19326,94.4196840,L,S,OBC,B.Tech,2025,4
'06273,"Bansilal Ramnath Agarawal Charitable Trust's Vishwakarma Institute of Technology, Bibwewadi, Pune",'0627361210,Mechanical Engineering,Un-Aided Autonomous,Unknown,LSEBCS,22796,93.3751306,L,S,SEBC,B.Tech,2025,4
'06273,"Bansilal Ramnath Agarawal Charitable Trust's Vishwakarma Institute of Technology, Bibwewadi, Pune",'0627361210,Mechanical Engineering,Un-Aided Autonomous,Unknown,DEFOPENS,26567,92.2439918,D,S,OPEN,B.Tech,2025,4
'06273,"Bansilal Ramnath Agarawal Charitable Trust's Vishwakarma Institute of Technology, Bibwewadi, Pune",'0627361210,Mechanical Engineering,Un-Aided Autonomous,Unknown,TFWS,12905,96.3316055,T,S,TFWS,B.Tech,2025,4
'06273,"Bansilal Ramnath Agarawal Charitable Trust's Vishwakarma Institute of Technology, Bibwewadi, Pune",'0627361210,Mechanical Engineering,Un-Aided Autonomous,Unknown,"DEFRSEBC
S",41135,87.9159305,D,S,SEBC,B.Tech,2025,4
'06273,"Bansilal Ramnath Agarawal Charitable Trust's Vishwakarma Institute of Technology, Bibwewadi, Pune",'0627361210,Mechanical Engineering,Un-Aided Autonomous,Unknown,EWS,35146,89.6700597,E,S,EWS,B.Tech,2025,4
'06273,"Bansilal Ramnath Agarawal Charitable Trust's Vishwakarma Institute of Technology, Bibwewadi, Pune",'0627361210,Mechanical Engineering,Un-Aided Autonomous,Unknown,PWDOPENS,12254,96.4892052,P,S,PWD,B.Tech,2025,4
'06273,"Bansilal Ramnath Agarawal Charitable Trust's Vishwakarma Institute of Technology, Bibwewadi, Pune",'0627391110,Computer Science and Engineering(Artificial Intelligence and Machine Learning),Un-Aided Autonomous,Unknown,GOPENS,5644,98.3654081,G,S,OPEN,B.Tech,2025,4
'06273,"Bansilal Ramnath Agarawal Charitable Trust's Vishwakarma Institute of Technology, Bibwewadi, Pune",'0627391110,Computer Science and Engineering(Artificial Intelligence and Machine Learning),Un-Aided Autonomous,Unknown,GSTS,60734,81.6328671,G,S,ST,B.Tech,2025,4
'06273,"Bansilal Ramnath Agarawal Charitable Trust's Vishwakarma Institute of Technology, Bibwewadi, Pune",'0627391110,Computer Science and Engineering(Artificial Intelligence and Machine Learning),Un-Aided Autonomous,Unknown,GNT3S,8788,97.4883820,G,S,NT3,B.Tech,2025,4
'06273,"Bansilal Ramnath Agarawal Charitable Trust's Vishwakarma Institute of Technology, Bibwewadi, Pune",'0627391110,Computer Science and Engineering(Artificial Intelligence and Machine Learning),Un-Aided Autonomous,Unknown,GOBCS,6291,98.1869508,G,S,OBC,B.Tech,2025,4
'06273,"Bansilal Ramnath Agarawal Charitable Trust's Vishwakarma Institute of Technology, Bibwewadi, Pune",'0627391110,Computer Science and Engineering(Artificial Intelligence and Machine Learning),Un-Aided Autonomous,Unknown,GSEBCS,7360,97.8834131,G,S,SEBC,B.Tech,2025,4
'06273,"Bansilal Ramnath Agarawal Charitable Trust's Vishwakarma Institute of Technology, Bibwewadi, Pune",'0627391110,Computer Science and Engineering(Artificial Intelligence and Machine Learning),Un-Aided Autonomous,Unknown,LOPENS,7025,97.9790210,L,S,OPEN,B.Tech,2025,4
'06273,"Bansilal Ramnath Agarawal Charitable Trust's Vishwakarma Institute of Technology, Bibwewadi, Pune",'0627391110,Computer Science and Engineering(Artificial Intelligence and Machine Learning),Un-Aided Autonomous,Unknown,LSCS,26920,92.1231015,L,S,SC,B.Tech,2025,4
'06273,"Bansilal Ramnath Agarawal Charitable Trust's Vishwakarma Institute of Technology, Bibwewadi, Pune",'0627391110,Computer Science and Engineering(Artificial Intelligence and Machine Learning),Un-Aided Autonomous,Unknown,DEFOPENS,11017,96.8361464,D,S,OPEN,B.Tech,2025,4
'06273,"Bansilal Ramnath Agarawal Charitable Trust's Vishwakarma Institute of Technology, Bibwewadi, Pune",'0627391110,Computer Science and Engineering(Artificial Intelligence and Machine Learning),Un-Aided Autonomous,Unknown,TFWS,5015,98.5365513,T,S,TFWS,B.Tech,2025,4
'06273,"Bansilal Ramnath Agarawal Charitable Trust's Vishwakarma Institute of Technology, Bibwewadi, Pune",'0627391110,Computer Science and Engineering(Artificial Intelligence and Machine Learning),Un-Aided Autonomous,Unknown,EWS,9677,97.2269547,E,S,EWS,B.Tech,2025,4
'06273,"Bansilal Ramnath Agarawal Charitable Trust's Vishwakarma Institute of Technology, Bibwewadi, Pune",'0627391110,Computer Science and Engineering(Artificial Intelligence and Machine Learning),Un-Aided Autonomous,Unknown,PWDSCS,18574,94.6277162,P,S,PWD,B.Tech,2025,4
'06273,"Bansilal Ramnath Agarawal Charitable Trust's Vishwakarma Institute of Technology, Bibwewadi, Pune",'0627391210,Computer Science and Engineering(Data Science),Un-Aided Autonomous,Unknown,GOPENS,7216,97.9240683,G,S,OPEN,B.Tech,2025,4
'06273,"Bansilal Ramnath Agarawal Charitable Trust's Vishwakarma Institute of Technology, Bibwewadi, Pune",'0627391210,Computer Science and Engineering(Data Science),Un-Aided Autonomous,Unknown,GSCS,23043,93.2766093,G,S,SC,B.Tech,2025,4
'06273,"Bansilal Ramnath Agarawal Charitable Trust's Vishwakarma Institute of Technology, Bibwewadi, Pune",'0627391210,Computer Science and Engineering(Data Science),Un-Aided Autonomous,Unknown,GNT2S,10814,96.9112777,G,S,NT2,B.Tech,2025,4
'06273,"Bansilal Ramnath Agarawal Charitable Trust's Vishwakarma Institute of Technology, Bibwewadi, Pune",'0627391210,Computer Science and Engineering(Data Science),Un-Aided Autonomous,Unknown,GOBCS,7547,97.8454962,G,S,OBC,B.Tech,2025,4
'06273,"Bansilal Ramnath Agarawal Charitable Trust's Vishwakarma Institute of Technology, Bibwewadi, Pune",'0627391210,Computer Science and Engineering(Data Science),Un-Aided Autonomous,Unknown,GSEBCS,8611,97.5247707,G,S,SEBC,B.Tech,2025,4
'06273,"Bansilal Ramnath Agarawal Charitable Trust's Vishwakarma Institute of Technology, Bibwewadi, Pune",'0627391210,Computer Science and Engineering(Data Science),Un-Aided Autonomous,Unknown,LOPENS,7694,97.7821243,L,S,OPEN,B.Tech,2025,4
'06273,"Bansilal Ramnath Agarawal Charitable Trust's Vishwakarma Institute of Technology, Bibwewadi, Pune",'0627391210,Computer Science and Engineering(Data Science),Un-Aided Autonomous,Unknown,LSTS,110952,62.9184580,L,S,ST,B.Tech,2025,4
'06273,"Bansilal Ramnath Agarawal Charitable Trust's Vishwakarma Institute of Technology, Bibwewadi, Pune",'0627391210,Computer Science and Engineering(Data Science),Un-Aided Autonomous,Unknown,LSEBCS,10531,96.9753065,L,S,SEBC,B.Tech,2025,4
'06273,"Bansilal Ramnath Agarawal Charitable Trust's Vishwakarma Institute of Technology, Bibwewadi, Pune",'0627391210,Computer Science and Engineering(Data Science),Un-Aided Autonomous,Unknown,TFWS,7336,97.8951049,T,S,TFWS,B.Tech,2025,4
'06273,"Bansilal Ramnath Agarawal Charitable Trust's Vishwakarma Institute of Technology, Bibwewadi, Pune",'0627391210,Computer Science and Engineering(Data Science),Un-Aided Autonomous,Unknown,EWS,13440,96.1656046,E,S,EWS,B.Tech,2025,4
'06273,"Bansilal Ramnath Agarawal Charitable Trust's Vishwakarma Institute of Technology, Bibwewadi, Pune",'0627391210,Computer Science and Engineering(Data Science),Un-Aided Autonomous,Unknown,PWDSCS,23380,93.2031170,P,S,PWD,B.Tech,2025,4
'06273,"Bansilal Ramnath Agarawal Charitable Trust's Vishwakarma Institute of Technology, Bibwewadi, Pune",'0627391310,Computer Science and Engineering (Artificial Intelligence),Un-Aided Autonomous,Unknown,GOPENS,6592,98.0895939,G,S,OPEN,B.Tech,2025,4
'06273,"Bansilal Ramnath Agarawal Charitable Trust's Vishwakarma Institute of Technology, Bibwewadi, Pune",'0627391310,Computer Science and Engineering (Artificial Intelligence),Un-Aided Autonomous,Unknown,GSCS,21162,93.8708608,G,S,SC,B.Tech,2025,4
'06273,"Bansilal Ramnath Agarawal Charitable Trust's Vishwakarma Institute of Technology, Bibwewadi, Pune",'0627391310,Computer Science and Engineering (Artificial Intelligence),Un-Aided Autonomous,Unknown,GNT3S,10657,96.9438791,G,S,NT3,B.Tech,2025,4
'06273,"Bansilal Ramnath Agarawal Charitable Trust's Vishwakarma Institute of Technology, Bibwewadi, Pune",'0627391310,Computer Science and Engineering (Artificial Intelligence),Un-Aided Autonomous,Unknown,GOBCS,6865,98.0215953,G,S,OBC,B.Tech,2025,4
'06273,"Bansilal Ramnath Agarawal Charitable Trust's Vishwakarma Institute of Technology, Bibwewadi, Pune",'0627391310,Computer Science and Engineering (Artificial Intelligence),Un-Aided Autonomous,Unknown,GSEBCS,7881,97.7297125,G,S,SEBC,B.Tech,2025,4
'06273,"Bansilal Ramnath Agarawal Charitable Trust's Vishwakarma Institute of Technology, Bibwewadi, Pune",'0627391310,Computer Science and Engineering (Artificial Intelligence),Un-Aided Autonomous,Unknown,LOPENS,6961,97.9851928,L,S,OPEN,B.Tech,2025,4
'06273,"Bansilal Ramnath Agarawal Charitable Trust's Vishwakarma Institute of Technology, Bibwewadi, Pune",'0627391310,Computer Science and Engineering (Artificial Intelligence),Un-Aided Autonomous,Unknown,LNT1S,15660,95.5031609,L,S,NT1,B.Tech,2025,4
'06273,"Bansilal Ramnath Agarawal Charitable Trust's Vishwakarma Institute of Technology, Bibwewadi, Pune",'0627391310,Computer Science and Engineering (Artificial Intelligence),Un-Aided Autonomous,Unknown,DEFOPENS,11575,96.6783217,D,S,OPEN,B.Tech,2025,4
'06273,"Bansilal Ramnath Agarawal Charitable Trust's Vishwakarma Institute of Technology, Bibwewadi, Pune",'0627391310,Computer Science and Engineering (Artificial Intelligence),Un-Aided Autonomous,Unknown,DEFSCS,46452,86.2041018,D,S,SC,B.Tech,2025,4
'06273,"Bansilal Ramnath Agarawal Charitable Trust's Vishwakarma Institute of Technology, Bibwewadi, Pune",'0627391310,Computer Science and Engineering (Artificial Intelligence),Un-Aided Autonomous,Unknown,EWS,11783,96.6486073,E,S,EWS,B.Tech,2025,4
'06273,"Bansilal Ramnath Agarawal Charitable Trust's Vishwakarma Institute of Technology, Bibwewadi, Pune",'0627391310,Computer Science and Engineering (Artificial Intelligence),Un-Aided Autonomous,Unknown,ORPHAN,6617,98.0894834,O,N,ORPHAN,B.Tech,2025,4
'06273,"Bansilal Ramnath Agarawal Charitable Trust's Vishwakarma Institute of Technology, Bibwewadi, Pune",'0627392010,Computer Science and Engineering (Internet of Things and Cyber Security Including Block Chain,Un-Aided Autonomous,Unknown,GOPENS,7867,97.7473483,G,S,OPEN,B.Tech,2025,4
'06273,"Bansilal Ramnath Agarawal Charitable Trust's Vishwakarma Institute of Technology, Bibwewadi, Pune",'0627392010,Computer Science and Engineering (Internet of Things and Cyber Security Including Block Chain,Un-Aided Autonomous,Unknown,GSCS,24868,92.7307558,G,S,SC,B.Tech,2025,4
'06273,"Bansilal Ramnath Agarawal Charitable Trust's Vishwakarma Institute of Technology, Bibwewadi, Pune",'0627392010,Computer Science and Engineering (Internet of Things and Cyber Security Including Block Chain,Un-Aided Autonomous,Unknown,GNT2S,11159,96.8073860,G,S,NT2,B.Tech,2025,4
'06273,"Bansilal Ramnath Agarawal Charitable Trust's Vishwakarma Institute of Technology, Bibwewadi, Pune",'0627392010,Computer Science and Engineering (Internet of Things and Cyber Security Including Block Chain,Un-Aided Autonomous,Unknown,GOBCS,8269,97.6267338,G,S,OBC,B.Tech,2025,4
'06273,"Bansilal Ramnath Agarawal Charitable Trust's Vishwakarma Institute of Technology, Bibwewadi, Pune",'0627392010,Computer Science and Engineering (Internet of Things and Cyber Security Including Block Chain,Un-Aided Autonomous,Unknown,GSEBCS,9134,97.3755755,G,S,SEBC,B.Tech,2025,4
'06273,"Bansilal Ramnath Agarawal Charitable Trust's Vishwakarma Institute of Technology, Bibwewadi, Pune",'0627392010,Computer Science and Engineering (Internet of Things and Cyber Security Including Block Chain,Un-Aided Autonomous,Unknown,LOPENS,8807,97.4843223,L,S,OPEN,B.Tech,2025,4
'06273,"Bansilal Ramnath Agarawal Charitable Trust's Vishwakarma Institute of Technology, Bibwewadi, Pune",'0627392010,Computer Science and Engineering (Internet of Things and Cyber Security Including Block Chain,Un-Aided Autonomous,Unknown,LNT3S,16749,95.1853147,L,S,NT3,B.Tech,2025,4
'06273,"Bansilal Ramnath Agarawal Charitable Trust's Vishwakarma Institute of Technology, Bibwewadi, Pune",'0627392010,Computer Science and Engineering (Internet of Things and Cyber Security Including Block Chain,Un-Aided Autonomous,Unknown,LOBCS,9212,97.3645465,L,S,OBC,B.Tech,2025,4
'06273,"Bansilal Ramnath Agarawal Charitable Trust's Vishwakarma Institute of Technology, Bibwewadi, Pune",'0627392010,Computer Science and Engineering (Internet of Things and Cyber Security Including Block Chain,Un-Aided Autonomous,Unknown,LSEBCS,10749,96.9208060,L,S,SEBC,B.Tech,2025,4
'06273,"Bansilal Ramnath Agarawal Charitable Trust's Vishwakarma Institute of Technology, Bibwewadi, Pune",'0627392010,Computer Science and Engineering (Internet of Things and Cyber Security Including Block Chain,Un-Aided Autonomous,Unknown,DEFOPENS,17140,95.0636221,D,S,OPEN,B.Tech,2025,4
'06273,"Bansilal Ramnath Agarawal Charitable Trust's Vishwakarma Institute of Technology, Bibwewadi, Pune",'0627392010,Computer Science and Engineering (Internet of Things and Cyber Security Including Block Chain,Un-Aided Autonomous,Unknown,DEFSEBCS,21798,93.6851271,D,S,SEBC,B.Tech,2025,4
'06273,"Bansilal Ramnath Agarawal Charitable Trust's Vishwakarma Institute of Technology, Bibwewadi, Pune",'0627392010,Computer Science and Engineering (Internet of Things and Cyber Security Including Block Chain,Un-Aided Autonomous,Unknown,EWS,14236,95.9185080,E,S,EWS,B.Tech,2025,4
'06273,"Bansilal Ramnath Agarawal Charitable Trust's Vishwakarma Institute of Technology, Bibwewadi, Pune",'0627392010,Computer Science and Engineering (Internet of Things and Cyber Security Including Block Chain,Un-Aided Autonomous,Unknown,PWDOPENS,7749,97.7658750,P,S,PWD,B.Tech,2025,4
'06273,"Bansilal Ramnath Agarawal Charitable Trust's Vishwakarma Institute of Technology, Bibwewadi, Pune",'0627392010,Computer Science and Engineering (Internet of Things and Cyber Security Including Block Chain,Un-Aided Autonomous,Unknown,PWDSEBCS,9168,97.3737374,P,S,PWD,B.Tech,2025,4
'06273,"Bansilal Ramnath Agarawal Charitable Trust's Vishwakarma Institute of Technology, Bibwewadi, Pune",'0627392010,Computer Science and Engineering (Internet of Things and Cyber Security Including Block Chain,Un-Aided Autonomous,Unknown,ORPHAN,7923,97.7282912,O,N,ORPHAN,B.Tech,2025,4
'06273,"Bansilal Ramnath Agarawal Charitable Trust's Vishwakarma Institute of Technology, Bibwewadi, Pune",'0627392710,Computer Engineering (Software Engineering),Un-Aided Autonomous,Unknown,GOPENS,7436,97.8644152,G,S,OPEN,B.Tech,2025,4
'06273,"Bansilal Ramnath Agarawal Charitable Trust's Vishwakarma Institute of Technology, Bibwewadi, Pune",'0627392710,Computer Engineering (Software Engineering),Un-Aided Autonomous,Unknown,GSCS,24044,92.9807126,G,S,SC,B.Tech,2025,4
'06273,"Bansilal Ramnath Agarawal Charitable Trust's Vishwakarma Institute of Technology, Bibwewadi, Pune",'0627392710,Computer Engineering (Software Engineering),Un-Aided Autonomous,Unknown,GVJS,12461,96.4193661,G,S,VJ,B.Tech,2025,4
'06273,"Bansilal Ramnath Agarawal Charitable Trust's Vishwakarma Institute of Technology, Bibwewadi, Pune",'0627392710,Computer Engineering (Software Engineering),Un-Aided Autonomous,Unknown,GNT2S,10896,96.8547544,G,S,NT2,B.Tech,2025,4
'06273,"Bansilal Ramnath Agarawal Charitable Trust's Vishwakarma Institute of Technology, Bibwewadi, Pune",'0627392710,Computer Engineering (Software Engineering),Un-Aided Autonomous,Unknown,GNT3S,10855,96.8888574,G,S,NT3,B.Tech,2025,4
'06273,"Bansilal Ramnath Agarawal Charitable Trust's Vishwakarma Institute of Technology, Bibwewadi, Pune",'0627392710,Computer Engineering (Software Engineering),Un-Aided Autonomous,Unknown,GOBCS,7980,97.7150819,G,S,OBC,B.Tech,2025,4
'06273,"Bansilal Ramnath Agarawal Charitable Trust's Vishwakarma Institute of Technology, Bibwewadi, Pune",'0627392710,Computer Engineering (Software Engineering),Un-Aided Autonomous,Unknown,GSEBCS,8617,97.5247707,G,S,SEBC,B.Tech,2025,4
'06273,"Bansilal Ramnath Agarawal Charitable Trust's Vishwakarma Institute of Technology, Bibwewadi, Pune",'0627392710,Computer Engineering (Software Engineering),Un-Aided Autonomous,Unknown,LOPENS,8302,97.6131976,L,S,OPEN,B.Tech,2025,4
'06273,"Bansilal Ramnath Agarawal Charitable Trust's Vishwakarma Institute of Technology, Bibwewadi, Pune",'0627392710,Computer Engineering (Software Engineering),Un-Aided Autonomous,Unknown,LOBCS,8706,97.5051096,L,S,OBC,B.Tech,2025,4
'06273,"Bansilal Ramnath Agarawal Charitable Trust's Vishwakarma Institute of Technology, Bibwewadi, Pune",'0627392710,Computer Engineering (Software Engineering),Un-Aided Autonomous,Unknown,TFWS,5731,98.3419725,T,S,TFWS,B.Tech,2025,4
'06273,"Bansilal Ramnath Agarawal Charitable Trust's Vishwakarma Institute of Technology, Bibwewadi, Pune",'0627392710,Computer Engineering (Software Engineering),Un-Aided Autonomous,Unknown,DEFROBCS,13737,96.0454545,D,S,OBC,B.Tech,2025,4
'06273,"Bansilal Ramnath Agarawal Charitable Trust's Vishwakarma Institute of Technology, Bibwewadi, Pune",'0627392710,Computer Engineering (Software Engineering),Un-Aided Autonomous,Unknown,EWS,13622,96.0898561,E,S,EWS,B.Tech,2025,4
'06273,"Bansilal Ramnath Agarawal Charitable Trust's Vishwakarma Institute of Technology, Bibwewadi, Pune",'0627392710,Computer Engineering (Software Engineering),Un-Aided Autonomous,Unknown,ORPHAN,7441,97.8644152,O,N,ORPHAN,B.Tech,2025,4
'06273,"Bansilal Ramnath Agarawal Charitable Trust's Vishwakarma Institute of Technology, Bibwewadi, Pune",'0627399510,Artificial Intelligence and Data Science,Un-Aided Autonomous,Unknown,GOPENS,6923,98.0091509,G,S,OPEN,B.Tech,2025,4
'06273,"Bansilal Ramnath Agarawal Charitable Trust's Vishwakarma Institute of Technology, Bibwewadi, Pune",'0627399510,Artificial Intelligence and Data Science,Un-Aided Autonomous,Unknown,GSCS,21385,93.8434722,G,S,SC,B.Tech,2025,4
'06273,"Bansilal Ramnath Agarawal Charitable Trust's Vishwakarma Institute of Technology, Bibwewadi, Pune",'0627399510,Artificial Intelligence and Data Science,Un-Aided Autonomous,Unknown,GOBCS,7193,97.9350201,G,S,OBC,B.Tech,2025,4
'06273,"Bansilal Ramnath Agarawal Charitable Trust's Vishwakarma Institute of Technology, Bibwewadi, Pune",'0627399510,Artificial Intelligence and Data Science,Un-Aided Autonomous,Unknown,GSEBCS,8409,97.5931731,G,S,SEBC,B.Tech,2025,4
'06273,"Bansilal Ramnath Agarawal Charitable Trust's Vishwakarma Institute of Technology, Bibwewadi, Pune",'0627399510,Artificial Intelligence and Data Science,Un-Aided Autonomous,Unknown,LOPENS,8275,97.6267338,L,S,OPEN,B.Tech,2025,4
'06273,"Bansilal Ramnath Agarawal Charitable Trust's Vishwakarma Institute of Technology, Bibwewadi, Pune",'0627399510,Artificial Intelligence and Data Science,Un-Aided Autonomous,Unknown,LNT1S,16363,95.2963277,L,S,NT1,B.Tech,2025,4
'06273,"Bansilal Ramnath Agarawal Charitable Trust's Vishwakarma Institute of Technology, Bibwewadi, Pune",'0627399510,Artificial Intelligence and Data Science,Un-Aided Autonomous,Unknown,PWDOPENS,133987,52.1817116,P,S,PWD,B.Tech,2025,4
'06273,"Bansilal Ramnath Agarawal Charitable Trust's Vishwakarma Institute of Technology, Bibwewadi, Pune",'0627399510,Artificial Intelligence and Data Science,Un-Aided Autonomous,Unknown,DEFOPENS,16232,95.3167947,D,S,OPEN,B.Tech,2025,4
'06273,"Bansilal Ramnath Agarawal Charitable Trust's Vishwakarma Institute of Technology, Bibwewadi, Pune",'0627399510,Artificial Intelligence and Data Science,Un-Aided Autonomous,Unknown,TFWS,5728,98.3419725,T,S,TFWS,B.Tech,2025,4
'06273,"Bansilal Ramnath Agarawal Charitable Trust's Vishwakarma Institute of Technology, Bibwewadi, Pune",'0627399510,Artificial Intelligence and Data Science,Un-Aided Autonomous,Unknown,DEFROBCS,17374,94.9773598,D,S,OBC,B.Tech,2025,4
'06273,"Bansilal Ramnath Agarawal Charitable Trust's Vishwakarma Institute of Technology, Bibwewadi, Pune",'0627399510,Artificial Intelligence and Data Science,Un-Aided Autonomous,Unknown,EWS,12303,96.4811543,E,S,EWS,B.Tech,2025,4
'06274,"PVG's College of Engineering, Technology & Management",'0627424510,Computer Engineering,Un-Aided Autonomous,Unknown,GOPENS,8887,97.4543824,G,S,OPEN,B.Tech,2025,4
'06274,"PVG's College of Engineering, Technology & Management",'0627424510,Computer Engineering,Un-Aided Autonomous,Unknown,GSCS,27201,92.0411007,G,S,SC,B.Tech,2025,4
'06274,"PVG's College of Engineering, Technology & Management",'0627424510,Computer Engineering,Un-Aided Autonomous,Unknown,GSTS,83794,73.6159498,G,S,ST,B.Tech,2025,4
'06274,"PVG's College of Engineering, Technology & Management",'0627424510,Computer Engineering,Un-Aided Autonomous,Unknown,GOBCS,9556,97.2582166,G,S,OBC,B.Tech,2025,4
'06274,"PVG's College of Engineering, Technology & Management",'0627424510,Computer Engineering,Un-Aided Autonomous,Unknown,GSEBCS,9811,97.1954276,G,S,SEBC,B.Tech,2025,4
'06274,"PVG's College of Engineering, Technology & Management",'0627424510,Computer Engineering,Un-Aided Autonomous,Unknown,LOPENS,9013,97.4069026,L,S,OPEN,B.Tech,2025,4
'06274,"PVG's College of Engineering, Technology & Management",'0627424510,Computer Engineering,Un-Aided Autonomous,Unknown,LSTS,92948,70.2628092,L,S,ST,B.Tech,2025,4
'06274,"PVG's College of Engineering, Technology & Management",'0627424510,Computer Engineering,Un-Aided Autonomous,Unknown,LVJS,37041,89.1256809,L,S,VJ,B.Tech,2025,4
'06274,"PVG's College of Engineering, Technology & Management",'0627424510,Computer Engineering,Un-Aided Autonomous,Unknown,LNT3S,15054,95.6472486,L,S,NT3,B.Tech,2025,4
'06274,"PVG's College of Engineering, Technology & Management",'0627424510,Computer Engineering,Un-Aided Autonomous,Unknown,PWDOPENS,187142,17.2365618,P,S,PWD,B.Tech,2025,4
'06274,"PVG's College of Engineering, Technology & Management",'0627424510,Computer Engineering,Un-Aided Autonomous,Unknown,TFWS,8132,97.6601593,T,S,TFWS,B.Tech,2025,4
'06274,"PVG's College of Engineering, Technology & Management",'0627424510,Computer Engineering,Un-Aided Autonomous,Unknown,ORPHAN,8939,97.4161284,O,N,ORPHAN,B.Tech,2025,4
'06274,"PVG's College of Engineering, Technology & Management",'0627424610,Information Technology,Un-Aided Autonomous,Unknown,GOPENS,10442,97.0021073,G,S,OPEN,B.Tech,2025,4
'06274,"PVG's College of Engineering, Technology & Management",'0627424610,Information Technology,Un-Aided Autonomous,Unknown,GSCS,29092,91.4692991,G,S,SC,B.Tech,2025,4
'06274,"PVG's College of Engineering, Technology & Management",'0627424610,Information Technology,Un-Aided Autonomous,Unknown,GSTS,106795,64.3871019,G,S,ST,B.Tech,2025,4
'06274,"PVG's College of Engineering, Technology & Management",'0627424610,Information Technology,Un-Aided Autonomous,Unknown,GOBCS,10849,96.8888574,G,S,OBC,B.Tech,2025,4
'06274,"PVG's College of Engineering, Technology & Management",'0627424610,Information Technology,Un-Aided Autonomous,Unknown,GSEBCS,12636,96.3675736,G,S,SEBC,B.Tech,2025,4
'06274,"PVG's College of Engineering, Technology & Management",'0627424610,Information Technology,Un-Aided Autonomous,Unknown,LOPENS,10099,97.1042471,L,S,OPEN,B.Tech,2025,4
'06274,"PVG's College of Engineering, Technology & Management",'0627424610,Information Technology,Un-Aided Autonomous,Unknown,LVJS,55357,83.3397246,L,S,VJ,B.Tech,2025,4
'06274,"PVG's College of Engineering, Technology & Management",'0627424610,Information Technology,Un-Aided Autonomous,Unknown,LOBCS,12087,96.5290013,L,S,OBC,B.Tech,2025,4
'06274,"PVG's College of Engineering, Technology & Management",'0627424610,Information Technology,Un-Aided Autonomous,Unknown,LSEBCS,11646,96.6725559,L,S,SEBC,B.Tech,2025,4
'06274,"PVG's College of Engineering, Technology & Management",'0627424610,Information Technology,Un-Aided Autonomous,Unknown,EWS,19469,94.3738279,E,S,EWS,B.Tech,2025,4
'06274,"PVG's College of Engineering, Technology & Management",'0627424610,Information Technology,Un-Aided Autonomous,Unknown,PWDOBCS,10869,96.8595953,P,S,PWD,B.Tech,2025,4
'06274,"PVG's College of Engineering, Technology & Management",'0627424610,Information Technology,Un-Aided Autonomous,Unknown,PWDSEBCS,12572,96.3986014,P,S,PWD,B.Tech,2025,4
'06274,"PVG's College of Engineering, Technology & Management",'0627424610,Information Technology,Un-Aided Autonomous,Unknown,ORPHAN,10679,96.9438791,O,N,ORPHAN,B.Tech,2025,4
'06274,"PVG's College of Engineering, Technology & Management",'0627429310,Electrical Engineering,Un-Aided Autonomous,Unknown,GOPENS,21496,93.7635248,G,S,OPEN,B.Tech,2025,4
'06274,"PVG's College of Engineering, Technology & Management",'0627429310,Electrical Engineering,Un-Aided Autonomous,Unknown,GSCS,52388,84.3018999,G,S,SC,B.Tech,2025,4
'06274,"PVG's College of Engineering, Technology & Management",'0627429310,Electrical Engineering,Un-Aided Autonomous,Unknown,GNT1S,54782,83.4924535,G,S,NT1,B.Tech,2025,4
'06274,"PVG's College of Engineering, Technology & Management",'0627429310,Electrical Engineering,Un-Aided Autonomous,Unknown,GSEBCS,24841,92.7805181,G,S,SEBC,B.Tech,2025,4
'06274,"PVG's College of Engineering, Technology & Management",'0627429310,Electrical Engineering,Un-Aided Autonomous,Unknown,LOPENS,20740,93.9883008,L,S,OPEN,B.Tech,2025,4
'06274,"PVG's College of Engineering, Technology & Management",'0627429310,Electrical Engineering,Un-Aided Autonomous,Unknown,LSCS,83389,73.6345056,L,S,SC,B.Tech,2025,4
'06274,"PVG's College of Engineering, Technology & Management",'0627429310,Electrical Engineering,Un-Aided Autonomous,Unknown,EWS,82830,73.7482517,E,S,EWS,B.Tech,2025,4
'06274,"PVG's College of Engineering, Technology & Management",'0627429310,Electrical Engineering,Un-Aided Autonomous,Unknown,PWDOBCS,25931,92.4172762,P,S,PWD,B.Tech,2025,4
'06274,"PVG's College of Engineering, Technology & Management",'0627429310,Electrical Engineering,Un-Aided Autonomous,Unknown,GSTS,24909,92.7307558,G,S,ST,B.Tech,2025,4
'06274,"PVG's College of Engineering, Technology & Management",'0627437210,Electronics and Telecommunication Engg,Un-Aided Autonomous,Unknown,GOPENS,13471,96.1512986,G,S,OPEN,B.Tech,2025,4
'06274,"PVG's College of Engineering, Technology & Management",'0627437210,Electronics and Telecommunication Engg,Un-Aided Autonomous,Unknown,GSCS,41227,87.7787039,G,S,SC,B.Tech,2025,4
'06274,"PVG's College of Engineering, Technology & Management",'0627437210,Electronics and Telecommunication Engg,Un-Aided Autonomous,Unknown,GSTS,175534,25.9683560,G,S,ST,B.Tech,2025,4
'06274,"PVG's College of Engineering, Technology & Management",'0627437210,Electronics and Telecommunication Engg,Un-Aided Autonomous,Unknown,GNT3S,23970,92.9975430,G,S,NT3,B.Tech,2025,4
'06274,"PVG's College of Engineering, Technology & Management",'0627437210,Electronics and Telecommunication Engg,Un-Aided Autonomous,Unknown,GOBCS,14726,95.7809758,G,S,OBC,B.Tech,2025,4
'06274,"PVG's College of Engineering, Technology & Management",'0627437210,Electronics and Telecommunication Engg,Un-Aided Autonomous,Unknown,GSEBCS,14862,95.7272828,G,S,SEBC,B.Tech,2025,4
'06274,"PVG's College of Engineering, Technology & Management",'0627437210,Electronics and Telecommunication Engg,Un-Aided Autonomous,Unknown,LOPENS,12283,96.4829765,L,S,OPEN,B.Tech,2025,4
'06274,"PVG's College of Engineering, Technology & Management",'0627437210,Electronics and Telecommunication Engg,Un-Aided Autonomous,Unknown,LOBCS,13253,96.1861934,L,S,OBC,B.Tech,2025,4
'06274,"PVG's College of Engineering, Technology & Management",'0627437210,Electronics and Telecommunication Engg,Un-Aided Autonomous,Unknown,LSEBCS,12954,96.3081750,L,S,SEBC,B.Tech,2025,4
'06274,"PVG's College of Engineering, Technology & Management",'0627437210,Electronics and Telecommunication Engg,Un-Aided Autonomous,Unknown,TFWS,10875,96.8595953,T,S,TFWS,B.Tech,2025,4
'06274,"PVG's College of Engineering, Technology & Management",'0627437210,Electronics and Telecommunication Engg,Un-Aided Autonomous,Unknown,EWS,29553,91.3131313,E,S,EWS,B.Tech,2025,4
'06274,"PVG's College of Engineering, Technology & Management",'0627437210,Electronics and Telecommunication Engg,Un-Aided Autonomous,Unknown,LSTS,176243,25.5643537,L,S,ST,B.Tech,2025,4
'06274,"PVG's College of Engineering, Technology & Management",'0627437210,Electronics and Telecommunication Engg,Un-Aided Autonomous,Unknown,PWDSCS,38910,88.5372351,P,S,PWD,B.Tech,2025,4
'06274,"PVG's College of Engineering, Technology & Management",'0627437210,Electronics and Telecommunication Engg,Un-Aided Autonomous,Unknown,ORPHAN,13768,96.0454545,O,N,ORPHAN,B.Tech,2025,4
'06274,"PVG's College of Engineering, Technology & Management",'0627461210,Mechanical Engineering,Un-Aided Autonomous,Unknown,GOPENS,23164,93.2751767,G,S,OPEN,B.Tech,2025,4
'06274,"PVG's College of Engineering, Technology & Management",'0627461210,Mechanical Engineering,Un-Aided Autonomous,Unknown,GSCS,60241,81.7705077,G,S,SC,B.Tech,2025,4
'06274,"PVG's College of Engineering, Technology & Management",'0627461210,Mechanical Engineering,Un-Aided Autonomous,Unknown,GNT3S,25913,92.4172762,G,S,NT3,B.Tech,2025,4
'06274,"PVG's College of Engineering, Technology & Management",'0627461210,Mechanical Engineering,Un-Aided Autonomous,Unknown,GOBCS,28655,91.6544074,G,S,OBC,B.Tech,2025,4
'06274,"PVG's College of Engineering, Technology & Management",'0627461210,Mechanical Engineering,Un-Aided Autonomous,Unknown,GSEBCS,24077,92.9807126,G,S,SEBC,B.Tech,2025,4
'06274,"PVG's College of Engineering, Technology & Management",'0627461210,Mechanical Engineering,Un-Aided Autonomous,Unknown,LOPENS,23839,93.0581679,L,S,OPEN,B.Tech,2025,4
'06274,"PVG's College of Engineering, Technology & Management",'0627461210,Mechanical Engineering,Un-Aided Autonomous,Unknown,DEFOPENS,51865,84.4950314,D,S,OPEN,B.Tech,2025,4
'06274,"PVG's College of Engineering, Technology & Management",'0627461210,Mechanical Engineering,Un-Aided Autonomous,Unknown,TFWS,23969,92.9975430,T,S,TFWS,B.Tech,2025,4
'06274,"PVG's College of Engineering, Technology & Management",'0627461210,Mechanical Engineering,Un-Aided Autonomous,Unknown,PWDOPENS,17590,94.9084767,P,S,PWD,B.Tech,2025,4
'06274,"PVG's College of Engineering, Technology & Management",'0627461210,Mechanical Engineering,Un-Aided Autonomous,Unknown,PWDSCS,53665,83.9020979,P,S,PWD,B.Tech,2025,4
'06274,"PVG's College of Engineering, Technology & Management",'0627484110,Printing and Packing Technology,Un-Aided Autonomous,Unknown,GOPENS,110766,65.8992965,G,S,OPEN,B.Tech,2025,4
'06274,"PVG's College of Engineering, Technology & Management",'0627484110,Printing and Packing Technology,Un-Aided Autonomous,Unknown,GSCS,152931,46.0996432,G,S,SC,B.Tech,2025,4
'06274,"PVG's College of Engineering, Technology & Management",'0627484110,Printing and Packing Technology,Un-Aided Autonomous,Unknown,GNT2S,126971,59.0974179,G,S,NT2,B.Tech,2025,4
'06274,"PVG's College of Engineering, Technology & Management",'0627484110,Printing and Packing Technology,Un-Aided Autonomous,Unknown,GOBCS,131371,57.1946241,G,S,OBC,B.Tech,2025,4
'06274,"PVG's College of Engineering, Technology & Management",'0627484110,Printing and Packing Technology,Un-Aided Autonomous,Unknown,GSEBCS,140614,52.8151445,G,S,SEBC,B.Tech,2025,4
'06274,"PVG's College of Engineering, Technology & Management",'0627484110,Printing and Packing Technology,Un-Aided Autonomous,Unknown,LOPENS,67397,81.0133535,L,S,OPEN,B.Tech,2025,4
'06274,"PVG's College of Engineering, Technology & Management",'0627484110,Printing and Packing Technology,Un-Aided Autonomous,Unknown,LSCS,152287,46.6242967,L,S,SC,B.Tech,2025,4
'06274,"PVG's College of Engineering, Technology & Management",'0627484110,Printing and Packing Technology,Un-Aided Autonomous,Unknown,LOBCS,67703,80.9504151,L,S,OBC,B.Tech,2025,4
'06274,"PVG's College of Engineering, Technology & Management",'0627484110,Printing and Packing Technology,Un-Aided Autonomous,Unknown,LSEBCS,116116,63.5767823,L,S,SEBC,B.Tech,2025,4
'06274,"PVG's College of Engineering, Technology & Management",'0627484110,Printing and Packing Technology,Un-Aided Autonomous,Unknown,TFWS,113327,0.0000000,T,S,TFWS,B.Tech,2025,4
'06274,"PVG's College of Engineering, Technology & Management",'0627484110,Printing and Packing Technology,Un-Aided Autonomous,Unknown,DEFOPENS,131356,57.1946241,D,S,OPEN,B.Tech,2025,4
'06274,"PVG's College of Engineering, Technology & Management",'0627484110,Printing and Packing Technology,Un-Aided Autonomous,Unknown,PWDOPENS,105360,68.1357922,P,S,PWD,B.Tech,2025,4
'06274,"PVG's College of Engineering, Technology & Management",'0627484110,Printing and Packing Technology,Un-Aided Autonomous,Unknown,PWDOBCS,130047,57.6089924,P,S,PWD,B.Tech,2025,4
'06274,"PVG's College of Engineering, Technology & Management",'0627484110,Printing and Packing Technology,Un-Aided Autonomous,Unknown,GSTS,126733,59.1762367,G,S,ST,B.Tech,2025,4
'06274,"PVG's College of Engineering, Technology & Management",'0627484110,Printing and Packing Technology,Un-Aided Autonomous,Unknown,GVJS,128978,58.2180677,G,S,VJ,B.Tech,2025,4
'06274,"PVG's College of Engineering, Technology & Management",'0627499510,Artificial Intelligence and Data Science,Un-Aided Autonomous,Unknown,GOPENS,10332,97.0375202,G,S,OPEN,B.Tech,2025,4
'06274,"PVG's College of Engineering, Technology & Management",'0627499510,Artificial Intelligence and Data Science,Un-Aided Autonomous,Unknown,GSTS,101152,66.9498069,G,S,ST,B.Tech,2025,4
'06274,"PVG's College of Engineering, Technology & Management",'0627499510,Artificial Intelligence and Data Science,Un-Aided Autonomous,Unknown,GOBCS,11098,96.8216783,G,S,OBC,B.Tech,2025,4
'06274,"PVG's College of Engineering, Technology & Management",'0627499510,Artificial Intelligence and Data Science,Un-Aided Autonomous,Unknown,GSEBCS,11692,96.6549667,G,S,SEBC,B.Tech,2025,4
'06274,"PVG's College of Engineering, Technology & Management",'0627499510,Artificial Intelligence and Data Science,Un-Aided Autonomous,Unknown,LOPENS,10735,96.9302120,L,S,OPEN,B.Tech,2025,4
'06274,"PVG's College of Engineering, Technology & Management",'0627499510,Artificial Intelligence and Data Science,Un-Aided Autonomous,Unknown,DEFOPENS,23424,93.1848615,D,S,OPEN,B.Tech,2025,4
'06274,"PVG's College of Engineering, Technology & Management",'0627499510,Artificial Intelligence and Data Science,Un-Aided Autonomous,Unknown,EWS,16302,95.3022947,E,S,EWS,B.Tech,2025,4
'06274,"PVG's College of Engineering, Technology & Management",'0627499510,Artificial Intelligence and Data Science,Un-Aided Autonomous,Unknown,ORPHAN,10650,96.9557645,O,N,ORPHAN,B.Tech,2025,4
'06275,"Shivnagar Vidya Prasarak Mandal's College of Engineering, Malegaon-Baramati",'0627519110,Civil Engineering,Un-Aided,Unknown,GOPENH,104136,65.8462319,G,H,OPEN,B.Tech,2025,4
'06275,"Shivnagar Vidya Prasarak Mandal's College of Engineering, Malegaon-Baramati",'0627519110,Civil Engineering,Un-Aided,Unknown,LOPENH,89515,71.5562808,L,H,OPEN,B.Tech,2025,4
'06275,"Shivnagar Vidya Prasarak Mandal's College of Engineering, Malegaon-Baramati",'0627519110,Civil Engineering,Un-Aided,Unknown,LOBCH,130516,53.7591782,L,H,OBC,B.Tech,2025,4
'06275,"Shivnagar Vidya Prasarak Mandal's College of Engineering, Malegaon-Baramati",'0627524510,Computer Engineering,Un-Aided,Unknown,DEFOPENS,91362,70.7504568,D,S,OPEN,B.Tech,2025,4
'06275,"Shivnagar Vidya Prasarak Mandal's College of Engineering, Malegaon-Baramati",'0627524610,Information Technology,Un-Aided,Unknown,GOPENH,59341,82.1319232,G,H,OPEN,B.Tech,2025,4
'06275,"Shivnagar Vidya Prasarak Mandal's College of Engineering, Malegaon-Baramati",'0627524610,Information Technology,Un-Aided,Unknown,GSCH,135636,50.9683037,G,H,SC,B.Tech,2025,4
'06275,"Shivnagar Vidya Prasarak Mandal's College of Engineering, Malegaon-Baramati",'0627524610,Information Technology,Un-Aided,Unknown,GOBCH,75389,76.8955509,G,H,OBC,B.Tech,2025,4
'06275,"Shivnagar Vidya Prasarak Mandal's College of Engineering, Malegaon-Baramati",'0627529310,Electrical Engineering,Un-Aided,Unknown,GSCO,56439,82.9717485,G,O,SC,B.Tech,2025,4
'06275,"Shivnagar Vidya Prasarak Mandal's College of Engineering, Malegaon-Baramati",'0627529310,Electrical Engineering,Un-Aided,Unknown,GOBCO,73099,77.2287062,G,O,OBC,B.Tech,2025,4
'06275,"Shivnagar Vidya Prasarak Mandal's College of Engineering, Malegaon-Baramati",'0627529310,Electrical Engineering,Un-Aided,Unknown,LOPENO,50671,84.8736599,L,O,OPEN,B.Tech,2025,4
'06275,"Shivnagar Vidya Prasarak Mandal's College of Engineering, Malegaon-Baramati",'0627537210,Electronics and Telecommunication Engg,Un-Aided,Unknown,GOPENH,79537,75.2107280,G,H,OPEN,B.Tech,2025,4
'06275,"Shivnagar Vidya Prasarak Mandal's College of Engineering, Malegaon-Baramati",'0627537210,Electronics and Telecommunication Engg,Un-Aided,Unknown,LOPENH,73668,77.1618860,L,H,OPEN,B.Tech,2025,4
'06275,"Shivnagar Vidya Prasarak Mandal's College of Engineering, Malegaon-Baramati",'0627537210,Electronics and Telecommunication Engg,Un-Aided,Unknown,LSCH,143835,47.0502678,L,H,SC,B.Tech,2025,4
'06275,"Shivnagar Vidya Prasarak Mandal's College of Engineering, Malegaon-Baramati",'0627537210,Electronics and Telecommunication Engg,Un-Aided,Unknown,LNT2H,78810,75.4048881,L,H,NT2,B.Tech,2025,4
'06275,"Shivnagar Vidya Prasarak Mandal's College of Engineering, Malegaon-Baramati",'0627537210,Electronics and Telecommunication Engg,Un-Aided,Unknown,GSTH,81505,74.6802716,G,H,ST,B.Tech,2025,4
'06275,"Shivnagar Vidya Prasarak Mandal's College of Engineering, Malegaon-Baramati",'0627537210,Electronics and Telecommunication Engg,Un-Aided,Unknown,LSTH,78891,75.3562654,L,H,ST,B.Tech,2025,4
'06275,"Shivnagar Vidya Prasarak Mandal's College of Engineering, Malegaon-Baramati",'0627561210,Mechanical Engineering,Un-Aided,Unknown,GSEBCO,55675,83.2103258,G,O,SEBC,B.Tech,2025,4
'06275,"Shivnagar Vidya Prasarak Mandal's College of Engineering, Malegaon-Baramati",'0627562410,Mechatronics Engineering,Un-Aided,Unknown,GOPENH,82584,73.8000589,G,H,OPEN,B.Tech,2025,4
'06275,"Shivnagar Vidya Prasarak Mandal's College of Engineering, Malegaon-Baramati",'0627562410,Mechatronics Engineering,Un-Aided,Unknown,LOPENH,81861,74.0630785,L,H,OPEN,B.Tech,2025,4
'06275,"Shivnagar Vidya Prasarak Mandal's College of Engineering, Malegaon-Baramati",'0627592110,Artificial Intelligence and Machine Learning,Un-Aided,Unknown,TFWS,60807,81.6328671,T,S,TFWS,B.Tech,2025,4
'06276,"MKSSS's Cummins College of Engineering for Women, Karvenagar,Pune",'0627624550F,Computer Engineering,Un-Aided Autonomous,Unknown,LOPENS,1702,99.4512746,L,S,OPEN,B.Tech,2025,4
'06276,"MKSSS's Cummins College of Engineering for Women, Karvenagar,Pune",'0627624550F,Computer Engineering,Un-Aided Autonomous,Unknown,LSEBCS,3500,98.9469989,L,S,SEBC,B.Tech,2025,4
'06276,"MKSSS's Cummins College of Engineering for Women, Karvenagar,Pune",'0627624650F,Information Technology,Un-Aided Autonomous,Unknown,LOPENS,3786,98.8723659,L,S,OPEN,B.Tech,2025,4
'06276,"MKSSS's Cummins College of Engineering for Women, Karvenagar,Pune",'0627624650F,Information Technology,Un-Aided Autonomous,Unknown,LSCS,21378,93.8434722,L,S,SC,B.Tech,2025,4
'06276,"MKSSS's Cummins College of Engineering for Women, Karvenagar,Pune",'0627624650F,Information Technology,Un-Aided Autonomous,Unknown,LOBCS,3798,98.8723659,L,S,OBC,B.Tech,2025,4
'06276,"MKSSS's Cummins College of Engineering for Women, Karvenagar,Pune",'0627637250F,Electronics and Telecommunication Engg,Un-Aided Autonomous,Unknown,LOPENS,4542,98.6608392,L,S,OPEN,B.Tech,2025,4
'06276,"MKSSS's Cummins College of Engineering for Women, Karvenagar,Pune",'0627637250F,Electronics and Telecommunication Engg,Un-Aided Autonomous,Unknown,LSTS,120790,58.4401523,L,S,ST,B.Tech,2025,4
'06276,"MKSSS's Cummins College of Engineering for Women, Karvenagar,Pune",'0627637250F,Electronics and Telecommunication Engg,Un-Aided Autonomous,Unknown,LOBCS,6664,98.0856128,L,S,OBC,B.Tech,2025,4
'06276,"MKSSS's Cummins College of Engineering for Women, Karvenagar,Pune",'0627646450F,Instrumentation and Control Engineering,Un-Aided Autonomous,Unknown,LOPENS,5617,98.3671329,L,S,OPEN,B.Tech,2025,4
'06276,"MKSSS's Cummins College of Engineering for Women, Karvenagar,Pune",'0627646450F,Instrumentation and Control Engineering,Un-Aided Autonomous,Unknown,LOBCS,8136,97.6601593,L,S,OBC,B.Tech,2025,4
'06276,"MKSSS's Cummins College of Engineering for Women, Karvenagar,Pune",'0627661250F,Mechanical Engineering,Un-Aided Autonomous,Unknown,TFWS,13233,96.2208795,T,S,TFWS,B.Tech,2025,4
'06277,"Dr. J. J. Magdum Charitable Trust's Dr. J.J. Magdum College of Engineering, Jaysingpur",'0627719110,Civil Engineering,Un-Aided Autonomous,Unknown,GOPENS,146590,45.3566434,G,S,OPEN,B.Tech,2025,4
'06277,"Dr. J. J. Magdum Charitable Trust's Dr. J.J. Magdum College of Engineering, Jaysingpur",'0627719110,Civil Engineering,Un-Aided Autonomous,Unknown,GSCS,188882,15.8201150,G,S,SC,B.Tech,2025,4
'06277,"Dr. J. J. Magdum Charitable Trust's Dr. J.J. Magdum College of Engineering, Jaysingpur",'0627719110,Civil Engineering,Un-Aided Autonomous,Unknown,GNT2S,147422,44.5303298,G,S,NT2,B.Tech,2025,4
'06277,"Dr. J. J. Magdum Charitable Trust's Dr. J.J. Magdum College of Engineering, Jaysingpur",'0627719110,Civil Engineering,Un-Aided Autonomous,Unknown,GOBCS,187578,16.6909773,G,S,OBC,B.Tech,2025,4
'06277,"Dr. J. J. Magdum Charitable Trust's Dr. J.J. Magdum College of Engineering, Jaysingpur",'0627719110,Civil Engineering,Un-Aided Autonomous,Unknown,GSEBCS,152337,42.2674623,G,S,SEBC,B.Tech,2025,4
'06277,"Dr. J. J. Magdum Charitable Trust's Dr. J.J. Magdum College of Engineering, Jaysingpur",'0627719110,Civil Engineering,Un-Aided Autonomous,Unknown,LOPENS,146711,45.3566434,L,S,OPEN,B.Tech,2025,4
'06277,"Dr. J. J. Magdum Charitable Trust's Dr. J.J. Magdum College of Engineering, Jaysingpur",'0627719110,Civil Engineering,Un-Aided Autonomous,Unknown,DEFOPENS,160695,36.1811489,D,S,OPEN,B.Tech,2025,4
'06277,"Dr. J. J. Magdum Charitable Trust's Dr. J.J. Magdum College of Engineering, Jaysingpur",'0627719110,Civil Engineering,Un-Aided Autonomous,Unknown,GSCS,160799,36.1811489,G,S,SC,B.Tech,2025,4
'06277,"Dr. J. J. Magdum Charitable Trust's Dr. J.J. Magdum College of Engineering, Jaysingpur",'0627719110,Civil Engineering,Un-Aided Autonomous,Unknown,LSCS,159320,37.6293706,L,S,SC,B.Tech,2025,4
'06277,"Dr. J. J. Magdum Charitable Trust's Dr. J.J. Magdum College of Engineering, Jaysingpur",'0627724210,Computer Science and Engineering,Un-Aided Autonomous,Unknown,GOPENS,59430,82.1124479,G,S,OPEN,B.Tech,2025,4
'06277,"Dr. J. J. Magdum Charitable Trust's Dr. J.J. Magdum College of Engineering, Jaysingpur",'0627724210,Computer Science and Engineering,Un-Aided Autonomous,Unknown,GSCS,140645,48.5587427,G,S,SC,B.Tech,2025,4
'06277,"Dr. J. J. Magdum Charitable Trust's Dr. J.J. Magdum College of Engineering, Jaysingpur",'0627724210,Computer Science and Engineering,Un-Aided Autonomous,Unknown,GNT3S,174538,26.7336064,G,S,NT3,B.Tech,2025,4
'06277,"Dr. J. J. Magdum Charitable Trust's Dr. J.J. Magdum College of Engineering, Jaysingpur",'0627724210,Computer Science and Engineering,Un-Aided Autonomous,Unknown,GOBCS,85699,73.1347962,G,S,OBC,B.Tech,2025,4
'06277,"Dr. J. J. Magdum Charitable Trust's Dr. J.J. Magdum College of Engineering, Jaysingpur",'0627724210,Computer Science and Engineering,Un-Aided Autonomous,Unknown,GSEBCS,92562,70.5005064,G,S,SEBC,B.Tech,2025,4
'06277,"Dr. J. J. Magdum Charitable Trust's Dr. J.J. Magdum College of Engineering, Jaysingpur",'0627724210,Computer Science and Engineering,Un-Aided Autonomous,Unknown,LOBCS,130887,53.6771201,L,S,OBC,B.Tech,2025,4
'06277,"Dr. J. J. Magdum Charitable Trust's Dr. J.J. Magdum College of Engineering, Jaysingpur",'0627724210,Computer Science and Engineering,Un-Aided Autonomous,Unknown,EWS,135641,50.9683037,E,S,EWS,B.Tech,2025,4
'06277,"Dr. J. J. Magdum Charitable Trust's Dr. J.J. Magdum College of Engineering, Jaysingpur",'0627724210,Computer Science and Engineering,Un-Aided Autonomous,Unknown,PWDSCS,164749,33.6209084,P,S,PWD,B.Tech,2025,4
'06277,"Dr. J. J. Magdum Charitable Trust's Dr. J.J. Magdum College of Engineering, Jaysingpur",'0627724210,Computer Science and Engineering,Un-Aided Autonomous,Unknown,GSTS,93081,70.2628092,G,S,ST,B.Tech,2025,4
'06277,"Dr. J. J. Magdum Charitable Trust's Dr. J.J. Magdum College of Engineering, Jaysingpur",'0627724210,Computer Science and Engineering,Un-Aided Autonomous,Unknown,LSTS,78793,75.4048881,L,S,ST,B.Tech,2025,4
'06277,"Dr. J. J. Magdum Charitable Trust's Dr. J.J. Magdum College of Engineering, Jaysingpur",'0627724610,Information Technology,Un-Aided Autonomous,Unknown,GOPENS,133524,52.3622324,G,S,OPEN,B.Tech,2025,4
'06277,"Dr. J. J. Magdum Charitable Trust's Dr. J.J. Magdum College of Engineering, Jaysingpur",'0627724610,Information Technology,Un-Aided Autonomous,Unknown,GOBCS,158894,38.2479385,G,S,OBC,B.Tech,2025,4
'06277,"Dr. J. J. Magdum Charitable Trust's Dr. J.J. Magdum College of Engineering, Jaysingpur",'0627724610,Information Technology,Un-Aided Autonomous,Unknown,GSEBCS,147821,44.2599775,G,S,SEBC,B.Tech,2025,4
'06277,"Dr. J. J. Magdum Charitable Trust's Dr. J.J. Magdum College of Engineering, Jaysingpur",'0627724610,Information Technology,Un-Aided Autonomous,Unknown,LOPENS,130286,53.7591782,L,S,OPEN,B.Tech,2025,4
'06277,"Dr. J. J. Magdum Charitable Trust's Dr. J.J. Magdum College of Engineering, Jaysingpur",'0627724610,Information Technology,Un-Aided Autonomous,Unknown,LOBCS,163935,35.1590106,L,S,OBC,B.Tech,2025,4
'06277,"Dr. J. J. Magdum Charitable Trust's Dr. J.J. Magdum College of Engineering, Jaysingpur",'0627724610,Information Technology,Un-Aided Autonomous,Unknown,LSEBCS,145120,46.3957696,L,S,SEBC,B.Tech,2025,4
'06277,"Dr. J. J. Magdum Charitable Trust's Dr. J.J. Magdum College of Engineering, Jaysingpur",'0627724610,Information Technology,Un-Aided Autonomous,Unknown,EWS,160657,36.1811489,E,S,EWS,B.Tech,2025,4
'06277,"Dr. J. J. Magdum Charitable Trust's Dr. J.J. Magdum College of Engineering, Jaysingpur",'0627724610,Information Technology,Un-Aided Autonomous,Unknown,DEFOPENS,141745,47.8015007,D,S,OPEN,B.Tech,2025,4
'06277,"Dr. J. J. Magdum Charitable Trust's Dr. J.J. Magdum College of Engineering, Jaysingpur",'0627724610,Information Technology,Un-Aided Autonomous,Unknown,PWDOPENS,130447,53.7591782,P,S,PWD,B.Tech,2025,4
'06277,"Dr. J. J. Magdum Charitable Trust's Dr. J.J. Magdum College of Engineering, Jaysingpur",'0627724610,Information Technology,Un-Aided Autonomous,Unknown,PWDSCS,174815,26.6274079,P,S,PWD,B.Tech,2025,4
'06277,"Dr. J. J. Magdum Charitable Trust's Dr. J.J. Magdum College of Engineering, Jaysingpur",'0627724610,Information Technology,Un-Aided Autonomous,Unknown,LSTS,139158,49.4020979,L,S,ST,B.Tech,2025,4
'06277,"Dr. J. J. Magdum Charitable Trust's Dr. J.J. Magdum College of Engineering, Jaysingpur",'0627724610,Information Technology,Un-Aided Autonomous,Unknown,ORPHAN,135863,50.8281802,O,N,ORPHAN,B.Tech,2025,4
'06277,"Dr. J. J. Magdum Charitable Trust's Dr. J.J. Magdum College of Engineering, Jaysingpur",'0627726310,Artificial Intelligence (AI) and Data Science,Un-Aided Autonomous,Unknown,GOPENS,92372,70.5072010,G,S,OPEN,B.Tech,2025,4
'06277,"Dr. J. J. Magdum Charitable Trust's Dr. J.J. Magdum College of Engineering, Jaysingpur",'0627726310,Artificial Intelligence (AI) and Data Science,Un-Aided Autonomous,Unknown,GOBCS,113319,61.7969670,G,S,OBC,B.Tech,2025,4
'06277,"Dr. J. J. Magdum Charitable Trust's Dr. J.J. Magdum College of Engineering, Jaysingpur",'0627726310,Artificial Intelligence (AI) and Data Science,Un-Aided Autonomous,Unknown,GSEBCS,93288,70.2033567,G,S,SEBC,B.Tech,2025,4
'06277,"Dr. J. J. Magdum Charitable Trust's Dr. J.J. Magdum College of Engineering, Jaysingpur",'0627726310,Artificial Intelligence (AI) and Data Science,Un-Aided Autonomous,Unknown,LSEBCS,62324,81.1295102,L,S,SEBC,B.Tech,2025,4
'06277,"Dr. J. J. Magdum Charitable Trust's Dr. J.J. Magdum College of Engineering, Jaysingpur",'0627737210,Electronics and Telecommunication Engg,Un-Aided Autonomous,Unknown,GOPENS,130524,53.7591782,G,S,OPEN,B.Tech,2025,4
'06277,"Dr. J. J. Magdum Charitable Trust's Dr. J.J. Magdum College of Engineering, Jaysingpur",'0627737210,Electronics and Telecommunication Engg,Un-Aided Autonomous,Unknown,GOBCS,162308,35.9295868,G,S,OBC,B.Tech,2025,4
'06277,"Dr. J. J. Magdum Charitable Trust's Dr. J.J. Magdum College of Engineering, Jaysingpur",'0627737210,Electronics and Telecommunication Engg,Un-Aided Autonomous,Unknown,GSEBCS,138003,49.7291102,G,S,SEBC,B.Tech,2025,4
'06277,"Dr. J. J. Magdum Charitable Trust's Dr. J.J. Magdum College of Engineering, Jaysingpur",'0627737210,Electronics and Telecommunication Engg,Un-Aided Autonomous,Unknown,LOPENS,121199,58.2180677,L,S,OPEN,B.Tech,2025,4
'06277,"Dr. J. J. Magdum Charitable Trust's Dr. J.J. Magdum College of Engineering, Jaysingpur",'0627737210,Electronics and Telecommunication Engg,Un-Aided Autonomous,Unknown,LOBCS,166553,32.5451434,L,S,OBC,B.Tech,2025,4
'06277,"Dr. J. J. Magdum Charitable Trust's Dr. J.J. Magdum College of Engineering, Jaysingpur",'0627737210,Electronics and Telecommunication Engg,Un-Aided Autonomous,Unknown,LSEBCS,121212,58.2180677,L,S,SEBC,B.Tech,2025,4
'06277,"Dr. J. J. Magdum Charitable Trust's Dr. J.J. Magdum College of Engineering, Jaysingpur",'0627737210,Electronics and Telecommunication Engg,Un-Aided Autonomous,Unknown,TFWS,126859,55.4922986,T,S,TFWS,B.Tech,2025,4
'06277,"Dr. J. J. Magdum Charitable Trust's Dr. J.J. Magdum College of Engineering, Jaysingpur",'0627737210,Electronics and Telecommunication Engg,Un-Aided Autonomous,Unknown,EWS,157892,39.2302050,E,S,EWS,B.Tech,2025,4
'06277,"Dr. J. J. Magdum Charitable Trust's Dr. J.J. Magdum College of Engineering, Jaysingpur",'0627737210,Electronics and Telecommunication Engg,Un-Aided Autonomous,Unknown,LNT2S,160308,36.2260120,L,S,NT2,B.Tech,2025,4
'06277,"Dr. J. J. Magdum Charitable Trust's Dr. J.J. Magdum College of Engineering, Jaysingpur",'0627737210,Electronics and Telecommunication Engg,Un-Aided Autonomous,Unknown,DEFOPENS,134129,51.7009371,D,S,OPEN,B.Tech,2025,4
'06277,"Dr. J. J. Magdum Charitable Trust's Dr. J.J. Magdum College of Engineering, Jaysingpur",'0627737210,Electronics and Telecommunication Engg,Un-Aided Autonomous,Unknown,PWDOPENS,91368,70.7504568,P,S,PWD,B.Tech,2025,4
'06277,"Dr. J. J. Magdum Charitable Trust's Dr. J.J. Magdum College of Engineering, Jaysingpur",'0627737210,Electronics and Telecommunication Engg,Un-Aided Autonomous,Unknown,GSCS,134361,51.7009371,G,S,SC,B.Tech,2025,4
'06277,"Dr. J. J. Magdum Charitable Trust's Dr. J.J. Magdum College of Engineering, Jaysingpur",'0627737210,Electronics and Telecommunication Engg,Un-Aided Autonomous,Unknown,GSTS,134648,51.5716400,G,S,ST,B.Tech,2025,4
'06277,"Dr. J. J. Magdum Charitable Trust's Dr. J.J. Magdum College of Engineering, Jaysingpur",'0627737210,Electronics and Telecommunication Engg,Un-Aided Autonomous,Unknown,GNT3S,135172,51.1762787,G,S,NT3,B.Tech,2025,4
'06277,"Dr. J. J. Magdum Charitable Trust's Dr. J.J. Magdum College of Engineering, Jaysingpur",'0627761210,Mechanical Engineering,Un-Aided Autonomous,Unknown,GOPENS,138393,49.7291102,G,S,OPEN,B.Tech,2025,4
'06277,"Dr. J. J. Magdum Charitable Trust's Dr. J.J. Magdum College of Engineering, Jaysingpur",'0627761210,Mechanical Engineering,Un-Aided Autonomous,Unknown,GSCS,190461,14.0716041,G,S,SC,B.Tech,2025,4
'06277,"Dr. J. J. Magdum Charitable Trust's Dr. J.J. Magdum College of Engineering, Jaysingpur",'0627761210,Mechanical Engineering,Un-Aided Autonomous,Unknown,GNT2S,167752,32.1281783,G,S,NT2,B.Tech,2025,4
'06277,"Dr. J. J. Magdum Charitable Trust's Dr. J.J. Magdum College of Engineering, Jaysingpur",'0627761210,Mechanical Engineering,Un-Aided Autonomous,Unknown,GOBCS,140552,48.5587427,G,S,OBC,B.Tech,2025,4
'06277,"Dr. J. J. Magdum Charitable Trust's Dr. J.J. Magdum College of Engineering, Jaysingpur",'0627761210,Mechanical Engineering,Un-Aided Autonomous,Unknown,GSEBCS,146077,45.8266058,G,S,SEBC,B.Tech,2025,4
'06277,"Dr. J. J. Magdum Charitable Trust's Dr. J.J. Magdum College of Engineering, Jaysingpur",'0627761210,Mechanical Engineering,Un-Aided Autonomous,Unknown,LOPENS,146978,45.2322221,L,S,OPEN,B.Tech,2025,4
'06277,"Dr. J. J. Magdum Charitable Trust's Dr. J.J. Magdum College of Engineering, Jaysingpur",'0627761210,Mechanical Engineering,Un-Aided Autonomous,Unknown,PWDOBCS,151917,42.6339209,P,S,PWD,B.Tech,2025,4
'06277,"Dr. J. J. Magdum Charitable Trust's Dr. J.J. Magdum College of Engineering, Jaysingpur",'0627761210,Mechanical Engineering,Un-Aided Autonomous,Unknown,GSCS,155531,39.7546871,G,S,SC,B.Tech,2025,4
'06277,"Dr. J. J. Magdum Charitable Trust's Dr. J.J. Magdum College of Engineering, Jaysingpur",'0627761210,Mechanical Engineering,Un-Aided Autonomous,Unknown,GSTS,156891,39.3601986,G,S,ST,B.Tech,2025,4
'06277,"Dr. J. J. Magdum Charitable Trust's Dr. J.J. Magdum College of Engineering, Jaysingpur",'0627761210,Mechanical Engineering,Un-Aided Autonomous,Unknown,GVJS,162712,35.7798895,G,S,VJ,B.Tech,2025,4
'06277,"Dr. J. J. Magdum Charitable Trust's Dr. J.J. Magdum College of Engineering, Jaysingpur",'0627761210,Mechanical Engineering,Un-Aided Autonomous,Unknown,LSTS,162344,35.9295868,L,S,ST,B.Tech,2025,4
'06278,"All India Shri Shivaji Memorial Society's College of Engineering, Pune",'0627819110,Civil Engineering,Un-Aided Autonomous,Unknown,GOPENS,44014,86.9322507,G,S,OPEN,B.Tech,2025,4
'06278,"All India Shri Shivaji Memorial Society's College of Engineering, Pune",'0627819110,Civil Engineering,Un-Aided Autonomous,Unknown,GSCS,59940,81.9404030,G,S,SC,B.Tech,2025,4
'06278,"All India Shri Shivaji Memorial Society's College of Engineering, Pune",'0627819110,Civil Engineering,Un-Aided Autonomous,Unknown,GOBCS,45244,86.6223776,G,S,OBC,B.Tech,2025,4
'06278,"All India Shri Shivaji Memorial Society's College of Engineering, Pune",'0627819110,Civil Engineering,Un-Aided Autonomous,Unknown,GSEBCS,50660,84.8736599,G,S,SEBC,B.Tech,2025,4
'06278,"All India Shri Shivaji Memorial Society's College of Engineering, Pune",'0627819110,Civil Engineering,Un-Aided Autonomous,Unknown,LOPENS,29431,91.3593874,L,S,OPEN,B.Tech,2025,4
'06278,"All India Shri Shivaji Memorial Society's College of Engineering, Pune",'0627819110,Civil Engineering,Un-Aided Autonomous,Unknown,LSEBCS,72616,77.5384615,L,S,SEBC,B.Tech,2025,4
'06278,"All India Shri Shivaji Memorial Society's College of Engineering, Pune",'0627819110,Civil Engineering,Un-Aided Autonomous,Unknown,DEFOBCS,92262,70.5072010,D,S,OBC,B.Tech,2025,4
'06278,"All India Shri Shivaji Memorial Society's College of Engineering, Pune",'0627819110,Civil Engineering,Un-Aided Autonomous,Unknown,TFWS,34740,89.8231024,T,S,TFWS,B.Tech,2025,4
'06278,"All India Shri Shivaji Memorial Society's College of Engineering, Pune",'0627819110,Civil Engineering,Un-Aided Autonomous,Unknown,EWS,119991,58.8525307,E,S,EWS,B.Tech,2025,4
'06278,"All India Shri Shivaji Memorial Society's College of Engineering, Pune",'0627821910,Robotics and Automation,Un-Aided Autonomous,Unknown,GOPENS,21500,93.7635248,G,S,OPEN,B.Tech,2025,4
'06278,"All India Shri Shivaji Memorial Society's College of Engineering, Pune",'0627821910,Robotics and Automation,Un-Aided Autonomous,Unknown,GSCS,38605,88.6282029,G,S,SC,B.Tech,2025,4
'06278,"All India Shri Shivaji Memorial Society's College of Engineering, Pune",'0627821910,Robotics and Automation,Un-Aided Autonomous,Unknown,GVJS,39050,88.5033286,G,S,VJ,B.Tech,2025,4
'06278,"All India Shri Shivaji Memorial Society's College of Engineering, Pune",'0627821910,Robotics and Automation,Un-Aided Autonomous,Unknown,GOBCS,27499,91.9726220,G,S,OBC,B.Tech,2025,4
'06278,"All India Shri Shivaji Memorial Society's College of Engineering, Pune",'0627821910,Robotics and Automation,Un-Aided Autonomous,Unknown,GSEBCS,25224,92.6563556,G,S,SEBC,B.Tech,2025,4
'06278,"All India Shri Shivaji Memorial Society's College of Engineering, Pune",'0627821910,Robotics and Automation,Un-Aided Autonomous,Unknown,LOPENS,20163,94.1659305,L,S,OPEN,B.Tech,2025,4
'06278,"All India Shri Shivaji Memorial Society's College of Engineering, Pune",'0627821910,Robotics and Automation,Un-Aided Autonomous,Unknown,LNT3S,43185,87.2335313,L,S,NT3,B.Tech,2025,4
'06278,"All India Shri Shivaji Memorial Society's College of Engineering, Pune",'0627821910,Robotics and Automation,Un-Aided Autonomous,Unknown,LOBCS,25953,92.4011947,L,S,OBC,B.Tech,2025,4
'06278,"All India Shri Shivaji Memorial Society's College of Engineering, Pune",'0627821910,Robotics and Automation,Un-Aided Autonomous,Unknown,LSEBCS,25428,92.5745163,L,S,SEBC,B.Tech,2025,4
'06278,"All India Shri Shivaji Memorial Society's College of Engineering, Pune",'0627821910,Robotics and Automation,Un-Aided Autonomous,Unknown,EWS,39527,88.3176594,E,S,EWS,B.Tech,2025,4
'06278,"All India Shri Shivaji Memorial Society's College of Engineering, Pune",'0627824510,Computer Engineering,Un-Aided Autonomous,Unknown,GOPENS,10931,96.8499656,G,S,OPEN,B.Tech,2025,4
'06278,"All India Shri Shivaji Memorial Society's College of Engineering, Pune",'0627824510,Computer Engineering,Un-Aided Autonomous,Unknown,GOBCS,11929,96.5830721,G,S,OBC,B.Tech,2025,4
'06278,"All India Shri Shivaji Memorial Society's College of Engineering, Pune",'0627824510,Computer Engineering,Un-Aided Autonomous,Unknown,GSEBCS,11365,96.7527319,G,S,SEBC,B.Tech,2025,4
'06278,"All India Shri Shivaji Memorial Society's College of Engineering, Pune",'0627824510,Computer Engineering,Un-Aided Autonomous,Unknown,LSEBCS,11301,96.7783105,L,S,SEBC,B.Tech,2025,4
'06278,"All India Shri Shivaji Memorial Society's College of Engineering, Pune",'0627824510,Computer Engineering,Un-Aided Autonomous,Unknown,TFWS,10362,97.0236617,T,S,TFWS,B.Tech,2025,4
'06278,"All India Shri Shivaji Memorial Society's College of Engineering, Pune",'0627824510,Computer Engineering,Un-Aided Autonomous,Unknown,PWDOBCS,11654,96.6641485,P,S,PWD,B.Tech,2025,4
'06278,"All India Shri Shivaji Memorial Society's College of Engineering, Pune",'0627824510,Computer Engineering,Un-Aided Autonomous,Unknown,ORPHAN,11647,96.6725559,O,N,ORPHAN,B.Tech,2025,4
'06278,"All India Shri Shivaji Memorial Society's College of Engineering, Pune",'0627829310,Electrical Engineering,Un-Aided Autonomous,Unknown,GOPENS,21943,93.6410363,G,S,OPEN,B.Tech,2025,4
'06278,"All India Shri Shivaji Memorial Society's College of Engineering, Pune",'0627829310,Electrical Engineering,Un-Aided Autonomous,Unknown,GSCS,62357,81.1295102,G,S,SC,B.Tech,2025,4
'06278,"All India Shri Shivaji Memorial Society's College of Engineering, Pune",'0627829310,Electrical Engineering,Un-Aided Autonomous,Unknown,GOBCS,26817,92.1378092,G,S,OBC,B.Tech,2025,4
'06278,"All India Shri Shivaji Memorial Society's College of Engineering, Pune",'0627829310,Electrical Engineering,Un-Aided Autonomous,Unknown,GSEBCS,23914,93.0332708,G,S,SEBC,B.Tech,2025,4
'06278,"All India Shri Shivaji Memorial Society's College of Engineering, Pune",'0627829310,Electrical Engineering,Un-Aided Autonomous,Unknown,LOPENS,27929,91.8376367,L,S,OPEN,B.Tech,2025,4
'06278,"All India Shri Shivaji Memorial Society's College of Engineering, Pune",'0627829310,Electrical Engineering,Un-Aided Autonomous,Unknown,LSEBCS,34032,89.9884696,L,S,SEBC,B.Tech,2025,4
'06278,"All India Shri Shivaji Memorial Society's College of Engineering, Pune",'0627829310,Electrical Engineering,Un-Aided Autonomous,Unknown,DEFOPENS,53165,84.0359888,D,S,OPEN,B.Tech,2025,4
'06278,"All India Shri Shivaji Memorial Society's College of Engineering, Pune",'0627829310,Electrical Engineering,Un-Aided Autonomous,Unknown,PWDOPENS,22101,93.5806832,P,S,PWD,B.Tech,2025,4
'06278,"All India Shri Shivaji Memorial Society's College of Engineering, Pune",'0627837210,Electronics and Telecommunication Engg,Un-Aided Autonomous,Unknown,GOPENS,13952,95.9989694,G,S,OPEN,B.Tech,2025,4
'06278,"All India Shri Shivaji Memorial Society's College of Engineering, Pune",'0627837210,Electronics and Telecommunication Engg,Un-Aided Autonomous,Unknown,GOBCS,14815,95.7536628,G,S,OBC,B.Tech,2025,4
'06278,"All India Shri Shivaji Memorial Society's College of Engineering, Pune",'0627837210,Electronics and Telecommunication Engg,Un-Aided Autonomous,Unknown,GSEBCS,17826,94.8405479,G,S,SEBC,B.Tech,2025,4
'06278,"All India Shri Shivaji Memorial Society's College of Engineering, Pune",'0627837210,Electronics and Telecommunication Engg,Un-Aided Autonomous,Unknown,LNT2S,29760,91.3082283,L,S,NT2,B.Tech,2025,4
'06278,"All India Shri Shivaji Memorial Society's College of Engineering, Pune",'0627837210,Electronics and Telecommunication Engg,Un-Aided Autonomous,Unknown,LOBCS,17957,94.8161060,L,S,OBC,B.Tech,2025,4
'06278,"All India Shri Shivaji Memorial Society's College of Engineering, Pune",'0627837210,Electronics and Telecommunication Engg,Un-Aided Autonomous,Unknown,DEFOPENS,36197,89.2945239,D,S,OPEN,B.Tech,2025,4
'06278,"All India Shri Shivaji Memorial Society's College of Engineering, Pune",'0627837210,Electronics and Telecommunication Engg,Un-Aided Autonomous,Unknown,"DEFRSEBC
S",43964,86.9322507,D,S,SEBC,B.Tech,2025,4
'06278,"All India Shri Shivaji Memorial Society's College of Engineering, Pune",'0627837210,Electronics and Telecommunication Engg,Un-Aided Autonomous,Unknown,EWS,32342,90.5015276,E,S,EWS,B.Tech,2025,4
'06278,"All India Shri Shivaji Memorial Society's College of Engineering, Pune",'0627837810,Electronics Engineering ( VLSI Design and Technology),Un-Aided Autonomous,Unknown,GOPENS,23214,93.2612864,G,S,OPEN,B.Tech,2025,4
'06278,"All India Shri Shivaji Memorial Society's College of Engineering, Pune",'0627837810,Electronics Engineering ( VLSI Design and Technology),Un-Aided Autonomous,Unknown,LOBCS,21092,93.8849350,L,S,OBC,B.Tech,2025,4
'06278,"All India Shri Shivaji Memorial Society's College of Engineering, Pune",'0627850710,Chemical Engineering,Un-Aided Autonomous,Unknown,GOPENS,36247,89.2945239,G,S,OPEN,B.Tech,2025,4
'06278,"All India Shri Shivaji Memorial Society's College of Engineering, Pune",'0627850710,Chemical Engineering,Un-Aided Autonomous,Unknown,GSTS,145253,45.9816283,G,S,ST,B.Tech,2025,4
'06278,"All India Shri Shivaji Memorial Society's College of Engineering, Pune",'0627850710,Chemical Engineering,Un-Aided Autonomous,Unknown,GOBCS,38728,88.5573886,G,S,OBC,B.Tech,2025,4
'06278,"All India Shri Shivaji Memorial Society's College of Engineering, Pune",'0627850710,Chemical Engineering,Un-Aided Autonomous,Unknown,LOPENS,32741,90.4110066,L,S,OPEN,B.Tech,2025,4
'06278,"All India Shri Shivaji Memorial Society's College of Engineering, Pune",'0627850710,Chemical Engineering,Un-Aided Autonomous,Unknown,LOBCS,37329,88.9773781,L,S,OBC,B.Tech,2025,4
'06278,"All India Shri Shivaji Memorial Society's College of Engineering, Pune",'0627850710,Chemical Engineering,Un-Aided Autonomous,Unknown,PWDOPENS,38380,88.6801020,P,S,PWD,B.Tech,2025,4
'06278,"All India Shri Shivaji Memorial Society's College of Engineering, Pune",'0627850710,Chemical Engineering,Un-Aided Autonomous,Unknown,LSTS,38321,88.6801020,L,S,ST,B.Tech,2025,4
'06278,"All India Shri Shivaji Memorial Society's College of Engineering, Pune",'0627861210,Mechanical Engineering,Un-Aided Autonomous,Unknown,GOPENS,13884,96.0001590,G,S,OPEN,B.Tech,2025,4
'06278,"All India Shri Shivaji Memorial Society's College of Engineering, Pune",'0627861210,Mechanical Engineering,Un-Aided Autonomous,Unknown,GNT1S,28657,91.6544074,G,S,NT1,B.Tech,2025,4
'06278,"All India Shri Shivaji Memorial Society's College of Engineering, Pune",'0627861210,Mechanical Engineering,Un-Aided Autonomous,Unknown,GOBCS,21241,93.8574939,G,S,OBC,B.Tech,2025,4
'06278,"All India Shri Shivaji Memorial Society's College of Engineering, Pune",'0627861210,Mechanical Engineering,Un-Aided Autonomous,Unknown,LOPENS,28092,91.7521019,L,S,OPEN,B.Tech,2025,4
'06278,"All India Shri Shivaji Memorial Society's College of Engineering, Pune",'0627861210,Mechanical Engineering,Un-Aided Autonomous,Unknown,LOBCS,31796,90.6674583,L,S,OBC,B.Tech,2025,4
'06278,"All India Shri Shivaji Memorial Society's College of Engineering, Pune",'0627861210,Mechanical Engineering,Un-Aided Autonomous,Unknown,DEFOPENS,44169,86.9194446,D,S,OPEN,B.Tech,2025,4
'06278,"All India Shri Shivaji Memorial Society's College of Engineering, Pune",'0627861210,Mechanical Engineering,Un-Aided Autonomous,Unknown,EWS,80068,75.1927485,E,S,EWS,B.Tech,2025,4
'06278,"All India Shri Shivaji Memorial Society's College of Engineering, Pune",'0627861210,Mechanical Engineering,Un-Aided Autonomous,Unknown,LSTS,23328,93.2101568,L,S,ST,B.Tech,2025,4
'06278,"All India Shri Shivaji Memorial Society's College of Engineering, Pune",'0627862510,Mechanical Engineering[Sandwich],Un-Aided Autonomous,Unknown,GOPENS,37992,88.7700729,G,S,OPEN,B.Tech,2025,4
'06278,"All India Shri Shivaji Memorial Society's College of Engineering, Pune",'0627862510,Mechanical Engineering[Sandwich],Un-Aided Autonomous,Unknown,GSCS,58751,82.2162613,G,S,SC,B.Tech,2025,4
'06278,"All India Shri Shivaji Memorial Society's College of Engineering, Pune",'0627862510,Mechanical Engineering[Sandwich],Un-Aided Autonomous,Unknown,GSEBCS,43336,87.1376478,G,S,SEBC,B.Tech,2025,4
'06278,"All India Shri Shivaji Memorial Society's College of Engineering, Pune",'0627862510,Mechanical Engineering[Sandwich],Un-Aided Autonomous,Unknown,TFWS,22211,93.5366917,T,S,TFWS,B.Tech,2025,4
'06278,"All India Shri Shivaji Memorial Society's College of Engineering, Pune",'0627862510,Mechanical Engineering[Sandwich],Un-Aided Autonomous,Unknown,GSTS,38982,88.5372351,G,S,ST,B.Tech,2025,4
'06278,"All India Shri Shivaji Memorial Society's College of Engineering, Pune",'0627892110,Artificial Intelligence and Machine Learning,Un-Aided Autonomous,Unknown,GOPENS,10321,97.0402649,G,S,OPEN,B.Tech,2025,4
'06278,"All India Shri Shivaji Memorial Society's College of Engineering, Pune",'0627892110,Artificial Intelligence and Machine Learning,Un-Aided Autonomous,Unknown,GNT3S,21356,93.8434722,G,S,NT3,B.Tech,2025,4
'06278,"All India Shri Shivaji Memorial Society's College of Engineering, Pune",'0627892110,Artificial Intelligence and Machine Learning,Un-Aided Autonomous,Unknown,GOBCS,14551,95.8168703,G,S,OBC,B.Tech,2025,4
'06278,"All India Shri Shivaji Memorial Society's College of Engineering, Pune",'0627892110,Artificial Intelligence and Machine Learning,Un-Aided Autonomous,Unknown,GSEBCS,14984,95.6741283,G,S,SEBC,B.Tech,2025,4
'06278,"All India Shri Shivaji Memorial Society's College of Engineering, Pune",'0627892110,Artificial Intelligence and Machine Learning,Un-Aided Autonomous,Unknown,LSCS,34990,89.7089209,L,S,SC,B.Tech,2025,4
'06278,"All India Shri Shivaji Memorial Society's College of Engineering, Pune",'0627892110,Artificial Intelligence and Machine Learning,Un-Aided Autonomous,Unknown,LSEBCS,13730,96.0638523,L,S,SEBC,B.Tech,2025,4
'06278,"All India Shri Shivaji Memorial Society's College of Engineering, Pune",'0627892110,Artificial Intelligence and Machine Learning,Un-Aided Autonomous,Unknown,EWS,25884,92.4172762,E,S,EWS,B.Tech,2025,4
'06278,"All India Shri Shivaji Memorial Society's College of Engineering, Pune",'0627892110,Artificial Intelligence and Machine Learning,Un-Aided Autonomous,Unknown,PWDOPENS,11707,96.6549667,P,S,PWD,B.Tech,2025,4
'06278,"All India Shri Shivaji Memorial Society's College of Engineering, Pune",'0627892110,Artificial Intelligence and Machine Learning,Un-Aided Autonomous,Unknown,ORPHAN,11393,96.7527319,O,N,ORPHAN,B.Tech,2025,4
'06281,"Modern Education Society's Wadia College of Engineering, Pune",'0628124510,Computer Engineering,Un-Aided,Unknown,GOPENH,22108,93.5806832,G,H,OPEN,B.Tech,2025,4
'06281,"Modern Education Society's Wadia College of Engineering, Pune",'0628124510,Computer Engineering,Un-Aided,Unknown,GSCH,51395,84.6215640,G,H,SC,B.Tech,2025,4
'06281,"Modern Education Society's Wadia College of Engineering, Pune",'0628124510,Computer Engineering,Un-Aided,Unknown,GVJH,34587,89.8391608,G,H,VJ,B.Tech,2025,4
'06281,"Modern Education Society's Wadia College of Engineering, Pune",'0628124510,Computer Engineering,Un-Aided,Unknown,GOBCH,23086,93.2766093,G,H,OBC,B.Tech,2025,4
'06281,"Modern Education Society's Wadia College of Engineering, Pune",'0628124510,Computer Engineering,Un-Aided,Unknown,LOPENH,18750,94.5862876,L,H,OPEN,B.Tech,2025,4
'06281,"Modern Education Society's Wadia College of Engineering, Pune",'0628124510,Computer Engineering,Un-Aided,Unknown,LSCH,48931,85.4112341,L,H,SC,B.Tech,2025,4
'06281,"Modern Education Society's Wadia College of Engineering, Pune",'0628124510,Computer Engineering,Un-Aided,Unknown,LNT2H,28072,91.7521019,L,H,NT2,B.Tech,2025,4
'06281,"Modern Education Society's Wadia College of Engineering, Pune",'0628124510,Computer Engineering,Un-Aided,Unknown,PWDSCH,51313,84.6215640,P,H,PWD,B.Tech,2025,4
'06281,"Modern Education Society's Wadia College of Engineering, Pune",'0628124510,Computer Engineering,Un-Aided,Unknown,PWDOBCH,23282,93.2557369,P,H,PWD,B.Tech,2025,4
'06281,"Modern Education Society's Wadia College of Engineering, Pune",'0628137210,Electronics and Telecommunication Engg,Un-Aided,Unknown,GOPENH,29687,91.3082283,G,H,OPEN,B.Tech,2025,4
'06281,"Modern Education Society's Wadia College of Engineering, Pune",'0628137210,Electronics and Telecommunication Engg,Un-Aided,Unknown,GOBCH,37131,89.0680212,G,H,OBC,B.Tech,2025,4
'06281,"Modern Education Society's Wadia College of Engineering, Pune",'0628137210,Electronics and Telecommunication Engg,Un-Aided,Unknown,LOPENH,27408,92.0330624,L,H,OPEN,B.Tech,2025,4
'06281,"Modern Education Society's Wadia College of Engineering, Pune",'0628137210,Electronics and Telecommunication Engg,Un-Aided,Unknown,LOBCH,35317,89.6391842,L,H,OBC,B.Tech,2025,4
'06281,"Modern Education Society's Wadia College of Engineering, Pune",'0628137210,Electronics and Telecommunication Engg,Un-Aided,Unknown,PWDOBCH,36797,89.1725752,P,H,PWD,B.Tech,2025,4
'06281,"Modern Education Society's Wadia College of Engineering, Pune",'0628137210,Electronics and Telecommunication Engg,Un-Aided,Unknown,GSTH,29932,91.2937063,G,H,ST,B.Tech,2025,4
'06281,"Modern Education Society's Wadia College of Engineering, Pune",'0628161210,Mechanical Engineering,Un-Aided,Unknown,GOPENH,50063,85.0571556,G,H,OPEN,B.Tech,2025,4
'06281,"Modern Education Society's Wadia College of Engineering, Pune",'0628161210,Mechanical Engineering,Un-Aided,Unknown,GNT2H,70566,78.4242636,G,H,NT2,B.Tech,2025,4
'06281,"Modern Education Society's Wadia College of Engineering, Pune",'0628161210,Mechanical Engineering,Un-Aided,Unknown,GNT3H,62049,81.1324174,G,H,NT3,B.Tech,2025,4
'06281,"Modern Education Society's Wadia College of Engineering, Pune",'0628161210,Mechanical Engineering,Un-Aided,Unknown,GOBCH,57133,82.8372770,G,H,OBC,B.Tech,2025,4
'06281,"Modern Education Society's Wadia College of Engineering, Pune",'0628161210,Mechanical Engineering,Un-Aided,Unknown,LOBCH,52106,84.4752545,L,H,OBC,B.Tech,2025,4
'06281,"Modern Education Society's Wadia College of Engineering, Pune",'0628161210,Mechanical Engineering,Un-Aided,Unknown,PWDOPENH,162230,35.9295868,P,H,PWD,B.Tech,2025,4
'06281,"Modern Education Society's Wadia College of Engineering, Pune",'0628191610,Automation and Robotics,Un-Aided,Unknown,GOPENH,33519,90.1404001,G,H,OPEN,B.Tech,2025,4
'06281,"Modern Education Society's Wadia College of Engineering, Pune",'0628191610,Automation and Robotics,Un-Aided,Unknown,GSCH,60128,81.8021201,G,H,SC,B.Tech,2025,4
'06281,"Modern Education Society's Wadia College of Engineering, Pune",'0628191610,Automation and Robotics,Un-Aided,Unknown,GNT2H,72499,77.9513058,G,H,NT2,B.Tech,2025,4
'06281,"Modern Education Society's Wadia College of Engineering, Pune",'0628191610,Automation and Robotics,Un-Aided,Unknown,GOBCH,43902,86.9651776,G,H,OBC,B.Tech,2025,4
'06281,"Modern Education Society's Wadia College of Engineering, Pune",'0628191610,Automation and Robotics,Un-Aided,Unknown,LOPENH,31706,90.6674583,L,H,OPEN,B.Tech,2025,4
'06281,"Modern Education Society's Wadia College of Engineering, Pune",'0628191610,Automation and Robotics,Un-Aided,Unknown,LOBCH,39493,88.3176594,L,H,OBC,B.Tech,2025,4
'06282,"All India Shri Shivaji Memorial Society's Institute of Information Technology,Pune",'0628224510,Computer Engineering,Un-Aided Autonomous,Unknown,GOPENS,11826,96.6221551,G,S,OPEN,B.Tech,2025,4
'06282,"All India Shri Shivaji Memorial Society's Institute of Information Technology,Pune",'0628224510,Computer Engineering,Un-Aided Autonomous,Unknown,GSCS,32815,90.3566434,G,S,SC,B.Tech,2025,4
'06282,"All India Shri Shivaji Memorial Society's Institute of Information Technology,Pune",'0628224510,Computer Engineering,Un-Aided Autonomous,Unknown,GSTS,112963,62.0615406,G,S,ST,B.Tech,2025,4
'06282,"All India Shri Shivaji Memorial Society's Institute of Information Technology,Pune",'0628224510,Computer Engineering,Un-Aided Autonomous,Unknown,GNT2S,12807,96.3339223,G,S,NT2,B.Tech,2025,4
'06282,"All India Shri Shivaji Memorial Society's Institute of Information Technology,Pune",'0628224510,Computer Engineering,Un-Aided Autonomous,Unknown,GOBCS,12220,96.5118421,G,S,OBC,B.Tech,2025,4
'06282,"All India Shri Shivaji Memorial Society's Institute of Information Technology,Pune",'0628224510,Computer Engineering,Un-Aided Autonomous,Unknown,GSEBCS,12399,96.4286945,G,S,SEBC,B.Tech,2025,4
'06282,"All India Shri Shivaji Memorial Society's Institute of Information Technology,Pune",'0628224510,Computer Engineering,Un-Aided Autonomous,Unknown,LOPENS,10312,97.0402649,L,S,OPEN,B.Tech,2025,4
'06282,"All India Shri Shivaji Memorial Society's Institute of Information Technology,Pune",'0628224510,Computer Engineering,Un-Aided Autonomous,Unknown,TFWS,10677,96.9438791,T,S,TFWS,B.Tech,2025,4
'06282,"All India Shri Shivaji Memorial Society's Institute of Information Technology,Pune",'0628224510,Computer Engineering,Un-Aided Autonomous,Unknown,EWS,20892,93.9463602,E,S,EWS,B.Tech,2025,4
'06282,"All India Shri Shivaji Memorial Society's Institute of Information Technology,Pune",'0628224510,Computer Engineering,Un-Aided Autonomous,Unknown,ORPHAN,11908,96.5830721,O,N,ORPHAN,B.Tech,2025,4
'06282,"All India Shri Shivaji Memorial Society's Institute of Information Technology,Pune",'0628224610,Information Technology,Un-Aided Autonomous,Unknown,GOPENS,13921,95.9991665,G,S,OPEN,B.Tech,2025,4
'06282,"All India Shri Shivaji Memorial Society's Institute of Information Technology,Pune",'0628224610,Information Technology,Un-Aided Autonomous,Unknown,GSCS,36489,89.2727273,G,S,SC,B.Tech,2025,4
'06282,"All India Shri Shivaji Memorial Society's Institute of Information Technology,Pune",'0628224610,Information Technology,Un-Aided Autonomous,Unknown,GSTS,116472,60.4221150,G,S,ST,B.Tech,2025,4
'06282,"All India Shri Shivaji Memorial Society's Institute of Information Technology,Pune",'0628224610,Information Technology,Un-Aided Autonomous,Unknown,GOBCS,15061,95.6472486,G,S,OBC,B.Tech,2025,4
'06282,"All India Shri Shivaji Memorial Society's Institute of Information Technology,Pune",'0628224610,Information Technology,Un-Aided Autonomous,Unknown,GSEBCS,14268,95.9185080,G,S,SEBC,B.Tech,2025,4
'06282,"All India Shri Shivaji Memorial Society's Institute of Information Technology,Pune",'0628224610,Information Technology,Un-Aided Autonomous,Unknown,LOPENS,13615,96.0898561,L,S,OPEN,B.Tech,2025,4
'06282,"All India Shri Shivaji Memorial Society's Institute of Information Technology,Pune",'0628224610,Information Technology,Un-Aided Autonomous,Unknown,LSCS,41478,87.6872170,L,S,SC,B.Tech,2025,4
'06282,"All India Shri Shivaji Memorial Society's Institute of Information Technology,Pune",'0628224610,Information Technology,Un-Aided Autonomous,Unknown,LOBCS,14867,95.7272828,L,S,OBC,B.Tech,2025,4
'06282,"All India Shri Shivaji Memorial Society's Institute of Information Technology,Pune",'0628224610,Information Technology,Un-Aided Autonomous,Unknown,LSEBCS,13973,95.9989694,L,S,SEBC,B.Tech,2025,4
'06282,"All India Shri Shivaji Memorial Society's Institute of Information Technology,Pune",'0628224610,Information Technology,Un-Aided Autonomous,Unknown,TFWS,13376,96.1658679,T,S,TFWS,B.Tech,2025,4
'06282,"All India Shri Shivaji Memorial Society's Institute of Information Technology,Pune",'0628224610,Information Technology,Un-Aided Autonomous,Unknown,EWS,23253,93.2557369,E,S,EWS,B.Tech,2025,4
'06282,"All India Shri Shivaji Memorial Society's Institute of Information Technology,Pune",'0628224610,Information Technology,Un-Aided Autonomous,Unknown,PWDOPENS,13989,95.9836155,P,S,PWD,B.Tech,2025,4
'06282,"All India Shri Shivaji Memorial Society's Institute of Information Technology,Pune",'0628224610,Information Technology,Un-Aided Autonomous,Unknown,ORPHAN,13983,95.9989694,O,N,ORPHAN,B.Tech,2025,4
'06282,"All India Shri Shivaji Memorial Society's Institute of Information Technology,Pune",'0628229310,Electrical Engineering,Un-Aided Autonomous,Unknown,GOPENS,23856,93.0581679,G,S,OPEN,B.Tech,2025,4
'06282,"All India Shri Shivaji Memorial Society's Institute of Information Technology,Pune",'0628229310,Electrical Engineering,Un-Aided Autonomous,Unknown,GSEBCS,36687,89.1962092,G,S,SEBC,B.Tech,2025,4
'06282,"All India Shri Shivaji Memorial Society's Institute of Information Technology,Pune",'0628229310,Electrical Engineering,Un-Aided Autonomous,Unknown,LOPENS,29749,91.3082283,L,S,OPEN,B.Tech,2025,4
'06282,"All India Shri Shivaji Memorial Society's Institute of Information Technology,Pune",'0628229310,Electrical Engineering,Un-Aided Autonomous,Unknown,TFWS,27689,91.8738016,T,S,TFWS,B.Tech,2025,4
'06282,"All India Shri Shivaji Memorial Society's Institute of Information Technology,Pune",'0628229310,Electrical Engineering,Un-Aided Autonomous,Unknown,EWS,53696,83.9020979,E,S,EWS,B.Tech,2025,4
'06282,"All India Shri Shivaji Memorial Society's Institute of Information Technology,Pune",'0628229310,Electrical Engineering,Un-Aided Autonomous,Unknown,LSTS,24727,92.7867133,L,S,ST,B.Tech,2025,4
'06282,"All India Shri Shivaji Memorial Society's Institute of Information Technology,Pune",'0628237210,Electronics and Telecommunication Engg,Un-Aided Autonomous,Unknown,GOPENS,18175,94.7692308,G,S,OPEN,B.Tech,2025,4
'06282,"All India Shri Shivaji Memorial Society's Institute of Information Technology,Pune",'0628237210,Electronics and Telecommunication Engg,Un-Aided Autonomous,Unknown,GSCS,46309,86.2326458,G,S,SC,B.Tech,2025,4
'06282,"All India Shri Shivaji Memorial Society's Institute of Information Technology,Pune",'0628237210,Electronics and Telecommunication Engg,Un-Aided Autonomous,Unknown,GOBCS,19782,94.2892243,G,S,OBC,B.Tech,2025,4
'06282,"All India Shri Shivaji Memorial Society's Institute of Information Technology,Pune",'0628237210,Electronics and Telecommunication Engg,Un-Aided Autonomous,Unknown,GSEBCS,20986,93.8935512,G,S,SEBC,B.Tech,2025,4
'06282,"All India Shri Shivaji Memorial Society's Institute of Information Technology,Pune",'0628237210,Electronics and Telecommunication Engg,Un-Aided Autonomous,Unknown,LOPENS,17807,94.8426756,L,S,OPEN,B.Tech,2025,4
'06282,"All India Shri Shivaji Memorial Society's Institute of Information Technology,Pune",'0628237210,Electronics and Telecommunication Engg,Un-Aided Autonomous,Unknown,DEFOPENS,33531,90.1404001,D,S,OPEN,B.Tech,2025,4
'06282,"All India Shri Shivaji Memorial Society's Institute of Information Technology,Pune",'0628237210,Electronics and Telecommunication Engg,Un-Aided Autonomous,Unknown,PWDOPENS,17685,94.8874728,P,S,PWD,B.Tech,2025,4
'06282,"All India Shri Shivaji Memorial Society's Institute of Information Technology,Pune",'0628237210,Electronics and Telecommunication Engg,Un-Aided Autonomous,Unknown,ORPHAN,18185,94.7692308,O,N,ORPHAN,B.Tech,2025,4
'06282,"All India Shri Shivaji Memorial Society's Institute of Information Technology,Pune",'0628246610,Instrumentation Engineering,Un-Aided Autonomous,Unknown,GOPENS,24038,92.9807126,G,S,OPEN,B.Tech,2025,4
'06282,"All India Shri Shivaji Memorial Society's Institute of Information Technology,Pune",'0628246610,Instrumentation Engineering,Un-Aided Autonomous,Unknown,GNT2S,50015,85.0571556,G,S,NT2,B.Tech,2025,4
'06282,"All India Shri Shivaji Memorial Society's Institute of Information Technology,Pune",'0628246610,Instrumentation Engineering,Un-Aided Autonomous,Unknown,GSEBCS,38807,88.5563899,G,S,SEBC,B.Tech,2025,4
'06282,"All India Shri Shivaji Memorial Society's Institute of Information Technology,Pune",'0628246610,Instrumentation Engineering,Un-Aided Autonomous,Unknown,LNT1S,95788,69.0979021,L,S,NT1,B.Tech,2025,4
'06282,"All India Shri Shivaji Memorial Society's Institute of Information Technology,Pune",'0628246610,Instrumentation Engineering,Un-Aided Autonomous,Unknown,DEFOPENS,58418,82.3736697,D,S,OPEN,B.Tech,2025,4
'06282,"All India Shri Shivaji Memorial Society's Institute of Information Technology,Pune",'0628246610,Instrumentation Engineering,Un-Aided Autonomous,Unknown,EWS,91132,71.0971787,E,S,EWS,B.Tech,2025,4
'06282,"All India Shri Shivaji Memorial Society's Institute of Information Technology,Pune",'0628246610,Instrumentation Engineering,Un-Aided Autonomous,Unknown,PWDOPENS,22576,93.4570631,P,S,PWD,B.Tech,2025,4
'06282,"All India Shri Shivaji Memorial Society's Institute of Information Technology,Pune",'0628299510,Artificial Intelligence and Data Science,Un-Aided Autonomous,Unknown,GOPENS,12666,96.3500457,G,S,OPEN,B.Tech,2025,4
'06282,"All India Shri Shivaji Memorial Society's Institute of Information Technology,Pune",'0628299510,Artificial Intelligence and Data Science,Un-Aided Autonomous,Unknown,GSCS,35411,89.5868952,G,S,SC,B.Tech,2025,4
'06282,"All India Shri Shivaji Memorial Society's Institute of Information Technology,Pune",'0628299510,Artificial Intelligence and Data Science,Un-Aided Autonomous,Unknown,GOBCS,15464,95.5725809,G,S,OBC,B.Tech,2025,4
'06282,"All India Shri Shivaji Memorial Society's Institute of Information Technology,Pune",'0628299510,Artificial Intelligence and Data Science,Un-Aided Autonomous,Unknown,GSEBCS,15648,95.5031609,G,S,SEBC,B.Tech,2025,4
'06282,"All India Shri Shivaji Memorial Society's Institute of Information Technology,Pune",'0628299510,Artificial Intelligence and Data Science,Un-Aided Autonomous,Unknown,LOPENS,14882,95.7272828,L,S,OPEN,B.Tech,2025,4
'06282,"All India Shri Shivaji Memorial Society's Institute of Information Technology,Pune",'0628299510,Artificial Intelligence and Data Science,Un-Aided Autonomous,Unknown,LOBCS,16009,95.4035220,L,S,OBC,B.Tech,2025,4
'06282,"All India Shri Shivaji Memorial Society's Institute of Information Technology,Pune",'0628299510,Artificial Intelligence and Data Science,Un-Aided Autonomous,Unknown,LSEBCS,16238,95.3167947,L,S,SEBC,B.Tech,2025,4
'06282,"All India Shri Shivaji Memorial Society's Institute of Information Technology,Pune",'0628299510,Artificial Intelligence and Data Science,Un-Aided Autonomous,Unknown,TFWS,11031,96.8361464,T,S,TFWS,B.Tech,2025,4
'06282,"All India Shri Shivaji Memorial Society's Institute of Information Technology,Pune",'0628299510,Artificial Intelligence and Data Science,Un-Aided Autonomous,Unknown,EWS,25485,92.5745163,E,S,EWS,B.Tech,2025,4
'06283,"Annasaheb Dange College of Engineering and Technology, Ashta, Sangli",'0628300210,Aeronautical Engineering,Un-Aided Autonomous,Unknown,GOPENS,87129,72.3760958,G,S,OPEN,B.Tech,2025,4
'06283,"Annasaheb Dange College of Engineering and Technology, Ashta, Sangli",'0628300210,Aeronautical Engineering,Un-Aided Autonomous,Unknown,GNT1S,161238,36.1161649,G,S,NT1,B.Tech,2025,4
'06283,"Annasaheb Dange College of Engineering and Technology, Ashta, Sangli",'0628300210,Aeronautical Engineering,Un-Aided Autonomous,Unknown,GNT2S,101975,66.4263323,G,S,NT2,B.Tech,2025,4
'06283,"Annasaheb Dange College of Engineering and Technology, Ashta, Sangli",'0628300210,Aeronautical Engineering,Un-Aided Autonomous,Unknown,GOBCS,95708,69.2179237,G,S,OBC,B.Tech,2025,4
'06283,"Annasaheb Dange College of Engineering and Technology, Ashta, Sangli",'0628300210,Aeronautical Engineering,Un-Aided Autonomous,Unknown,LOPENS,57098,82.8372770,L,S,OPEN,B.Tech,2025,4
'06283,"Annasaheb Dange College of Engineering and Technology, Ashta, Sangli",'0628300210,Aeronautical Engineering,Un-Aided Autonomous,Unknown,LSEBCS,79463,75.2107280,L,S,SEBC,B.Tech,2025,4
'06283,"Annasaheb Dange College of Engineering and Technology, Ashta, Sangli",'0628300210,Aeronautical Engineering,Un-Aided Autonomous,Unknown,GSTS,91919,70.6189283,G,S,ST,B.Tech,2025,4
'06283,"Annasaheb Dange College of Engineering and Technology, Ashta, Sangli",'0628319110,Civil Engineering,Un-Aided Autonomous,Unknown,GOPENS,83201,73.6345056,G,S,OPEN,B.Tech,2025,4
'06283,"Annasaheb Dange College of Engineering and Technology, Ashta, Sangli",'0628319110,Civil Engineering,Un-Aided Autonomous,Unknown,GSCS,107189,64.3453843,G,S,SC,B.Tech,2025,4
'06283,"Annasaheb Dange College of Engineering and Technology, Ashta, Sangli",'0628319110,Civil Engineering,Un-Aided Autonomous,Unknown,GOBCS,85820,72.8948543,G,S,OBC,B.Tech,2025,4
'06283,"Annasaheb Dange College of Engineering and Technology, Ashta, Sangli",'0628324210,Computer Science and Engineering,Un-Aided Autonomous,Unknown,GOPENS,41616,87.6831328,G,S,OPEN,B.Tech,2025,4
'06283,"Annasaheb Dange College of Engineering and Technology, Ashta, Sangli",'0628324210,Computer Science and Engineering,Un-Aided Autonomous,Unknown,GSCS,95301,69.3295893,G,S,SC,B.Tech,2025,4
'06283,"Annasaheb Dange College of Engineering and Technology, Ashta, Sangli",'0628324210,Computer Science and Engineering,Un-Aided Autonomous,Unknown,GNT3S,122284,57.6249683,G,S,NT3,B.Tech,2025,4
'06283,"Annasaheb Dange College of Engineering and Technology, Ashta, Sangli",'0628324210,Computer Science and Engineering,Un-Aided Autonomous,Unknown,GOBCS,52584,84.1437716,G,S,OBC,B.Tech,2025,4
'06283,"Annasaheb Dange College of Engineering and Technology, Ashta, Sangli",'0628324210,Computer Science and Engineering,Un-Aided Autonomous,Unknown,LNT3S,190402,14.0716041,L,S,NT3,B.Tech,2025,4
'06283,"Annasaheb Dange College of Engineering and Technology, Ashta, Sangli",'0628324210,Computer Science and Engineering,Un-Aided Autonomous,Unknown,LOBCS,47924,85.8461538,L,S,OBC,B.Tech,2025,4
'06283,"Annasaheb Dange College of Engineering and Technology, Ashta, Sangli",'0628324210,Computer Science and Engineering,Un-Aided Autonomous,Unknown,PWDOBCS,52502,84.3018999,P,S,PWD,B.Tech,2025,4
'06283,"Annasaheb Dange College of Engineering and Technology, Ashta, Sangli",'0628324210,Computer Science and Engineering,Un-Aided Autonomous,Unknown,ORPHAN,41753,87.6322867,O,N,ORPHAN,B.Tech,2025,4
'06283,"Annasaheb Dange College of Engineering and Technology, Ashta, Sangli",'0628326310,Artificial Intelligence (AI) and Data Science,Un-Aided Autonomous,Unknown,LOBCS,55835,83.2058578,L,S,OBC,B.Tech,2025,4
'06283,"Annasaheb Dange College of Engineering and Technology, Ashta, Sangli",'0628326610,Robotics and Artificial Intelligence,Un-Aided Autonomous,Unknown,PWDOPENS,48946,85.4112341,P,S,PWD,B.Tech,2025,4
'06283,"Annasaheb Dange College of Engineering and Technology, Ashta, Sangli",'0628329310,Electrical Engineering,Un-Aided Autonomous,Unknown,GOPENS,45584,86.4120225,G,S,OPEN,B.Tech,2025,4
'06283,"Annasaheb Dange College of Engineering and Technology, Ashta, Sangli",'0628329310,Electrical Engineering,Un-Aided Autonomous,Unknown,GNT3S,190987,13.9047479,G,S,NT3,B.Tech,2025,4
'06283,"Annasaheb Dange College of Engineering and Technology, Ashta, Sangli",'0628329310,Electrical Engineering,Un-Aided Autonomous,Unknown,LOPENS,57865,82.4521073,L,S,OPEN,B.Tech,2025,4
'06283,"Annasaheb Dange College of Engineering and Technology, Ashta, Sangli",'0628329310,Electrical Engineering,Un-Aided Autonomous,Unknown,EWS,23326,93.2101568,E,S,EWS,B.Tech,2025,4
'06283,"Annasaheb Dange College of Engineering and Technology, Ashta, Sangli",'0628329310,Electrical Engineering,Un-Aided Autonomous,Unknown,DEFSEBCS,55356,83.3397246,D,S,SEBC,B.Tech,2025,4
'06283,"Annasaheb Dange College of Engineering and Technology, Ashta, Sangli",'0628329310,Electrical Engineering,Un-Aided Autonomous,Unknown,PWDSCS,113993,61.5619516,P,S,PWD,B.Tech,2025,4
'06283,"Annasaheb Dange College of Engineering and Technology, Ashta, Sangli",'0628350310,Food Technology,Un-Aided Autonomous,Unknown,GOPENS,71653,79.6986029,G,S,OPEN,B.Tech,2025,4
'06283,"Annasaheb Dange College of Engineering and Technology, Ashta, Sangli",'0628350310,Food Technology,Un-Aided Autonomous,Unknown,GSCS,117293,63.3582471,G,S,SC,B.Tech,2025,4
'06283,"Annasaheb Dange College of Engineering and Technology, Ashta, Sangli",'0628350310,Food Technology,Un-Aided Autonomous,Unknown,GNT2S,115632,63.6875635,G,S,NT2,B.Tech,2025,4
'06283,"Annasaheb Dange College of Engineering and Technology, Ashta, Sangli",'0628350310,Food Technology,Un-Aided Autonomous,Unknown,GOBCS,95417,71.6437913,G,S,OBC,B.Tech,2025,4
'06283,"Annasaheb Dange College of Engineering and Technology, Ashta, Sangli",'0628350310,Food Technology,Un-Aided Autonomous,Unknown,LSCS,169837,35.7798895,L,S,SC,B.Tech,2025,4
'06283,"Annasaheb Dange College of Engineering and Technology, Ashta, Sangli",'0628350310,Food Technology,Un-Aided Autonomous,Unknown,LOBCS,82506,75.8886529,L,S,OBC,B.Tech,2025,4
'06283,"Annasaheb Dange College of Engineering and Technology, Ashta, Sangli",'0628350310,Food Technology,Un-Aided Autonomous,Unknown,TFWS,86447,0.0000000,T,S,TFWS,B.Tech,2025,4
'06283,"Annasaheb Dange College of Engineering and Technology, Ashta, Sangli",'0628350310,Food Technology,Un-Aided Autonomous,Unknown,GSTS,77605,77.9490274,G,S,ST,B.Tech,2025,4
'06283,"Annasaheb Dange College of Engineering and Technology, Ashta, Sangli",'0628361210,Mechanical Engineering,Un-Aided Autonomous,Unknown,GOPENS,52815,84.1131441,G,S,OPEN,B.Tech,2025,4
'06283,"Annasaheb Dange College of Engineering and Technology, Ashta, Sangli",'0628361210,Mechanical Engineering,Un-Aided Autonomous,Unknown,GOBCS,94214,69.8498837,G,S,OBC,B.Tech,2025,4
'06283,"Annasaheb Dange College of Engineering and Technology, Ashta, Sangli",'0628361210,Mechanical Engineering,Un-Aided Autonomous,Unknown,LSCS,150656,43.0314730,L,S,SC,B.Tech,2025,4
'06283,"Annasaheb Dange College of Engineering and Technology, Ashta, Sangli",'0628361210,Mechanical Engineering,Un-Aided Autonomous,Unknown,LOBCS,93091,70.2628092,L,S,OBC,B.Tech,2025,4
'06283,"Annasaheb Dange College of Engineering and Technology, Ashta, Sangli",'0628361210,Mechanical Engineering,Un-Aided Autonomous,Unknown,LSEBCS,81289,74.6802716,L,S,SEBC,B.Tech,2025,4
'06283,"Annasaheb Dange College of Engineering and Technology, Ashta, Sangli",'0628361210,Mechanical Engineering,Un-Aided Autonomous,Unknown,PWDOPENS,75508,76.7694659,P,S,PWD,B.Tech,2025,4
'06283,"Annasaheb Dange College of Engineering and Technology, Ashta, Sangli",'0628392010,Computer Science and Engineering (Internet of Things and Cyber Security Including Block Chain,Un-Aided Autonomous,Unknown,GOPENS,53393,83.9367933,G,S,OPEN,B.Tech,2025,4
'06283,"Annasaheb Dange College of Engineering and Technology, Ashta, Sangli",'0628392010,Computer Science and Engineering (Internet of Things and Cyber Security Including Block Chain,Un-Aided Autonomous,Unknown,GSCS,90011,71.4842352,G,S,SC,B.Tech,2025,4
'06283,"Annasaheb Dange College of Engineering and Technology, Ashta, Sangli",'0628392010,Computer Science and Engineering (Internet of Things and Cyber Security Including Block Chain,Un-Aided Autonomous,Unknown,GOBCS,56831,82.8437868,G,S,OBC,B.Tech,2025,4
'06283,"Annasaheb Dange College of Engineering and Technology, Ashta, Sangli",'0628392010,Computer Science and Engineering (Internet of Things and Cyber Security Including Block Chain,Un-Aided Autonomous,Unknown,LOPENS,45716,86.3869833,L,S,OPEN,B.Tech,2025,4
'06283,"Annasaheb Dange College of Engineering and Technology, Ashta, Sangli",'0628392010,Computer Science and Engineering (Internet of Things and Cyber Security Including Block Chain,Un-Aided Autonomous,Unknown,GSTS,57136,82.8372770,G,S,ST,B.Tech,2025,4
'06283,"Annasaheb Dange College of Engineering and Technology, Ashta, Sangli",'0628392010,Computer Science and Engineering (Internet of Things and Cyber Security Including Block Chain,Un-Aided Autonomous,Unknown,LSTS,56091,83.1060395,L,S,ST,B.Tech,2025,4
'06284,"Vidya Pratishthan's Kamalnayan Bajaj Institute of Engineering & Technology, Baramati Dist.Pune",'0628419110,Civil Engineering,Un-Aided Autonomous,Unknown,GOPENS,44567,86.6827486,G,S,OPEN,B.Tech,2025,4
'06284,"Vidya Pratishthan's Kamalnayan Bajaj Institute of Engineering & Technology, Baramati Dist.Pune",'0628419110,Civil Engineering,Un-Aided Autonomous,Unknown,GSCS,115746,60.6344780,G,S,SC,B.Tech,2025,4
'06284,"Vidya Pratishthan's Kamalnayan Bajaj Institute of Engineering & Technology, Baramati Dist.Pune",'0628419110,Civil Engineering,Un-Aided Autonomous,Unknown,GOBCS,54676,83.5597353,G,S,OBC,B.Tech,2025,4
'06284,"Vidya Pratishthan's Kamalnayan Bajaj Institute of Engineering & Technology, Baramati Dist.Pune",'0628419110,Civil Engineering,Un-Aided Autonomous,Unknown,PWDOBCS,70458,78.4342571,P,S,PWD,B.Tech,2025,4
'06284,"Vidya Pratishthan's Kamalnayan Bajaj Institute of Engineering & Technology, Baramati Dist.Pune",'0628424510,Computer Engineering,Un-Aided Autonomous,Unknown,GOPENS,30785,90.9705380,G,S,OPEN,B.Tech,2025,4
'06284,"Vidya Pratishthan's Kamalnayan Bajaj Institute of Engineering & Technology, Baramati Dist.Pune",'0628424510,Computer Engineering,Un-Aided Autonomous,Unknown,GSCS,64140,80.4732503,G,S,SC,B.Tech,2025,4
'06284,"Vidya Pratishthan's Kamalnayan Bajaj Institute of Engineering & Technology, Baramati Dist.Pune",'0628424510,Computer Engineering,Un-Aided Autonomous,Unknown,GOBCS,37116,89.0680212,G,S,OBC,B.Tech,2025,4
'06284,"Vidya Pratishthan's Kamalnayan Bajaj Institute of Engineering & Technology, Baramati Dist.Pune",'0628424510,Computer Engineering,Un-Aided Autonomous,Unknown,LOPENS,19546,94.3275746,L,S,OPEN,B.Tech,2025,4
'06284,"Vidya Pratishthan's Kamalnayan Bajaj Institute of Engineering & Technology, Baramati Dist.Pune",'0628424510,Computer Engineering,Un-Aided Autonomous,Unknown,LOBCS,36124,89.2945239,L,S,OBC,B.Tech,2025,4
'06284,"Vidya Pratishthan's Kamalnayan Bajaj Institute of Engineering & Technology, Baramati Dist.Pune",'0628424510,Computer Engineering,Un-Aided Autonomous,Unknown,EWS,64918,80.0000000,E,S,EWS,B.Tech,2025,4
'06284,"Vidya Pratishthan's Kamalnayan Bajaj Institute of Engineering & Technology, Baramati Dist.Pune",'0628424510,Computer Engineering,Un-Aided Autonomous,Unknown,PWDOBCS,35277,89.6391842,P,S,PWD,B.Tech,2025,4
'06284,"Vidya Pratishthan's Kamalnayan Bajaj Institute of Engineering & Technology, Baramati Dist.Pune",'0628424510,Computer Engineering,Un-Aided Autonomous,Unknown,GSTS,32090,90.6221224,G,S,ST,B.Tech,2025,4
'06284,"Vidya Pratishthan's Kamalnayan Bajaj Institute of Engineering & Technology, Baramati Dist.Pune",'0628424510,Computer Engineering,Un-Aided Autonomous,Unknown,LSTS,29923,91.2937063,L,S,ST,B.Tech,2025,4
'06284,"Vidya Pratishthan's Kamalnayan Bajaj Institute of Engineering & Technology, Baramati Dist.Pune",'0628424510,Computer Engineering,Un-Aided Autonomous,Unknown,ORPHAN,30807,90.9705380,O,N,ORPHAN,B.Tech,2025,4
'06284,"Vidya Pratishthan's Kamalnayan Bajaj Institute of Engineering & Technology, Baramati Dist.Pune",'0628424610,Information Technology,Un-Aided Autonomous,Unknown,GOPENS,39433,88.3176594,G,S,OPEN,B.Tech,2025,4
'06284,"Vidya Pratishthan's Kamalnayan Bajaj Institute of Engineering & Technology, Baramati Dist.Pune",'0628424610,Information Technology,Un-Aided Autonomous,Unknown,GSCS,66886,79.6986029,G,S,SC,B.Tech,2025,4
'06284,"Vidya Pratishthan's Kamalnayan Bajaj Institute of Engineering & Technology, Baramati Dist.Pune",'0628424610,Information Technology,Un-Aided Autonomous,Unknown,GNT2S,45792,86.3869833,G,S,NT2,B.Tech,2025,4
'06284,"Vidya Pratishthan's Kamalnayan Bajaj Institute of Engineering & Technology, Baramati Dist.Pune",'0628424610,Information Technology,Un-Aided Autonomous,Unknown,GNT3S,41567,87.6872170,G,S,NT3,B.Tech,2025,4
'06284,"Vidya Pratishthan's Kamalnayan Bajaj Institute of Engineering & Technology, Baramati Dist.Pune",'0628424610,Information Technology,Un-Aided Autonomous,Unknown,GOBCS,42591,87.3285356,G,S,OBC,B.Tech,2025,4
'06284,"Vidya Pratishthan's Kamalnayan Bajaj Institute of Engineering & Technology, Baramati Dist.Pune",'0628424610,Information Technology,Un-Aided Autonomous,Unknown,GSEBCS,43129,87.2335313,G,S,SEBC,B.Tech,2025,4
'06284,"Vidya Pratishthan's Kamalnayan Bajaj Institute of Engineering & Technology, Baramati Dist.Pune",'0628424610,Information Technology,Un-Aided Autonomous,Unknown,LOPENS,37708,88.8689717,L,S,OPEN,B.Tech,2025,4
'06284,"Vidya Pratishthan's Kamalnayan Bajaj Institute of Engineering & Technology, Baramati Dist.Pune",'0628424610,Information Technology,Un-Aided Autonomous,Unknown,LOBCS,45075,86.6718198,L,S,OBC,B.Tech,2025,4
'06284,"Vidya Pratishthan's Kamalnayan Bajaj Institute of Engineering & Technology, Baramati Dist.Pune",'0628424610,Information Technology,Un-Aided Autonomous,Unknown,PWDOPENS,43261,87.1431548,P,S,PWD,B.Tech,2025,4
'06284,"Vidya Pratishthan's Kamalnayan Bajaj Institute of Engineering & Technology, Baramati Dist.Pune",'0628424610,Information Technology,Un-Aided Autonomous,Unknown,PWDSCS,71721,78.1688442,P,S,PWD,B.Tech,2025,4
'06284,"Vidya Pratishthan's Kamalnayan Bajaj Institute of Engineering & Technology, Baramati Dist.Pune",'0628424610,Information Technology,Un-Aided Autonomous,Unknown,GSTS,43507,87.0323929,G,S,ST,B.Tech,2025,4
'06284,"Vidya Pratishthan's Kamalnayan Bajaj Institute of Engineering & Technology, Baramati Dist.Pune",'0628429310,Electrical Engineering,Un-Aided Autonomous,Unknown,GOPENS,50831,84.8660601,G,S,OPEN,B.Tech,2025,4
'06284,"Vidya Pratishthan's Kamalnayan Bajaj Institute of Engineering & Technology, Baramati Dist.Pune",'0628429310,Electrical Engineering,Un-Aided Autonomous,Unknown,GOBCS,74161,77.0149774,G,S,OBC,B.Tech,2025,4
'06284,"Vidya Pratishthan's Kamalnayan Bajaj Institute of Engineering & Technology, Baramati Dist.Pune",'0628429310,Electrical Engineering,Un-Aided Autonomous,Unknown,LSCS,140789,48.5587427,L,S,SC,B.Tech,2025,4
'06284,"Vidya Pratishthan's Kamalnayan Bajaj Institute of Engineering & Technology, Baramati Dist.Pune",'0628429310,Electrical Engineering,Un-Aided Autonomous,Unknown,EWS,181409,22.0358020,E,S,EWS,B.Tech,2025,4
'06284,"Vidya Pratishthan's Kamalnayan Bajaj Institute of Engineering & Technology, Baramati Dist.Pune",'0628429310,Electrical Engineering,Un-Aided Autonomous,Unknown,PWDOBCS,49987,85.0571556,P,S,PWD,B.Tech,2025,4
'06284,"Vidya Pratishthan's Kamalnayan Bajaj Institute of Engineering & Technology, Baramati Dist.Pune",'0628437210,Electronics and Telecommunication Engg,Un-Aided Autonomous,Unknown,GOPENS,41724,87.6322867,G,S,OPEN,B.Tech,2025,4
'06284,"Vidya Pratishthan's Kamalnayan Bajaj Institute of Engineering & Technology, Baramati Dist.Pune",'0628437210,Electronics and Telecommunication Engg,Un-Aided Autonomous,Unknown,GOBCS,49182,85.2215842,G,S,OBC,B.Tech,2025,4
'06284,"Vidya Pratishthan's Kamalnayan Bajaj Institute of Engineering & Technology, Baramati Dist.Pune",'0628437210,Electronics and Telecommunication Engg,Un-Aided Autonomous,Unknown,EWS,181594,22.0346747,E,S,EWS,B.Tech,2025,4
'06284,"Vidya Pratishthan's Kamalnayan Bajaj Institute of Engineering & Technology, Baramati Dist.Pune",'0628437210,Electronics and Telecommunication Engg,Un-Aided Autonomous,Unknown,GSTS,46293,86.2326458,G,S,ST,B.Tech,2025,4
'06284,"Vidya Pratishthan's Kamalnayan Bajaj Institute of Engineering & Technology, Baramati Dist.Pune",'0628461210,Mechanical Engineering,Un-Aided Autonomous,Unknown,GOPENS,59519,82.1124479,G,S,OPEN,B.Tech,2025,4
'06284,"Vidya Pratishthan's Kamalnayan Bajaj Institute of Engineering & Technology, Baramati Dist.Pune",'0628461210,Mechanical Engineering,Un-Aided Autonomous,Unknown,GOBCS,77283,75.6538462,G,S,OBC,B.Tech,2025,4
'06284,"Vidya Pratishthan's Kamalnayan Bajaj Institute of Engineering & Technology, Baramati Dist.Pune",'0628461210,Mechanical Engineering,Un-Aided Autonomous,Unknown,LSCS,162860,35.6771832,L,S,SC,B.Tech,2025,4
'06284,"Vidya Pratishthan's Kamalnayan Bajaj Institute of Engineering & Technology, Baramati Dist.Pune",'0628461210,Mechanical Engineering,Un-Aided Autonomous,Unknown,EWS,137075,50.5909012,E,S,EWS,B.Tech,2025,4
'06284,"Vidya Pratishthan's Kamalnayan Bajaj Institute of Engineering & Technology, Baramati Dist.Pune",'0628461210,Mechanical Engineering,Un-Aided Autonomous,Unknown,LVJS,154619,40.0432529,L,S,VJ,B.Tech,2025,4
'06284,"Vidya Pratishthan's Kamalnayan Bajaj Institute of Engineering & Technology, Baramati Dist.Pune",'0628499510,Artificial Intelligence and Data Science,Un-Aided Autonomous,Unknown,GOPENS,37005,89.1256809,G,S,OPEN,B.Tech,2025,4
'06284,"Vidya Pratishthan's Kamalnayan Bajaj Institute of Engineering & Technology, Baramati Dist.Pune",'0628499510,Artificial Intelligence and Data Science,Un-Aided Autonomous,Unknown,GSCS,53942,83.7934335,G,S,SC,B.Tech,2025,4
'06284,"Vidya Pratishthan's Kamalnayan Bajaj Institute of Engineering & Technology, Baramati Dist.Pune",'0628499510,Artificial Intelligence and Data Science,Un-Aided Autonomous,Unknown,GNT3S,44585,86.6827486,G,S,NT3,B.Tech,2025,4
'06284,"Vidya Pratishthan's Kamalnayan Bajaj Institute of Engineering & Technology, Baramati Dist.Pune",'0628499510,Artificial Intelligence and Data Science,Un-Aided Autonomous,Unknown,GOBCS,43909,86.9651776,G,S,OBC,B.Tech,2025,4
'06284,"Vidya Pratishthan's Kamalnayan Bajaj Institute of Engineering & Technology, Baramati Dist.Pune",'0628499510,Artificial Intelligence and Data Science,Un-Aided Autonomous,Unknown,LOBCS,29872,91.2937063,L,S,OBC,B.Tech,2025,4
'06284,"Vidya Pratishthan's Kamalnayan Bajaj Institute of Engineering & Technology, Baramati Dist.Pune",'0628499510,Artificial Intelligence and Data Science,Un-Aided Autonomous,Unknown,DEFOPENS,62499,81.0403668,D,S,OPEN,B.Tech,2025,4
'06284,"Vidya Pratishthan's Kamalnayan Bajaj Institute of Engineering & Technology, Baramati Dist.Pune",'0628499510,Artificial Intelligence and Data Science,Un-Aided Autonomous,Unknown,EWS,34757,89.8231024,E,S,EWS,B.Tech,2025,4
'06284,"Vidya Pratishthan's Kamalnayan Bajaj Institute of Engineering & Technology, Baramati Dist.Pune",'0628499510,Artificial Intelligence and Data Science,Un-Aided Autonomous,Unknown,DEFOBCS,40577,87.9466479,D,S,OBC,B.Tech,2025,4
'06284,"Vidya Pratishthan's Kamalnayan Bajaj Institute of Engineering & Technology, Baramati Dist.Pune",'0628499510,Artificial Intelligence and Data Science,Un-Aided Autonomous,Unknown,PWDOPENS,41482,87.6872170,P,S,PWD,B.Tech,2025,4
'06284,"Vidya Pratishthan's Kamalnayan Bajaj Institute of Engineering & Technology, Baramati Dist.Pune",'0628499510,Artificial Intelligence and Data Science,Un-Aided Autonomous,Unknown,GSTS,39331,88.3826292,G,S,ST,B.Tech,2025,4
'06285,"Bharati Vidyapeeth's College of Engineering for Women, Katraj, Dhankawadi, Pune",'0628524550F,Computer Engineering,Un-Aided,Unknown,LOPENH,20314,94.1112780,L,H,OPEN,B.Tech,2025,4
'06285,"Bharati Vidyapeeth's College of Engineering for Women, Katraj, Dhankawadi, Pune",'0628524650F,Information Technology,Un-Aided,Unknown,LOPENO,21401,93.8434722,L,O,OPEN,B.Tech,2025,4
'06285,"Bharati Vidyapeeth's College of Engineering for Women, Katraj, Dhankawadi, Pune",'0628524650F,Information Technology,Un-Aided,Unknown,LOBCO,21561,93.7451547,L,O,OBC,B.Tech,2025,4
'06285,"Bharati Vidyapeeth's College of Engineering for Women, Katraj, Dhankawadi, Pune",'0628537250F,Electronics and Telecommunication Engg,Un-Aided,Unknown,LOPENH,28981,91.5026371,L,H,OPEN,B.Tech,2025,4
'06285,"Bharati Vidyapeeth's College of Engineering for Women, Katraj, Dhankawadi, Pune",'0628537250F,Electronics and Telecommunication Engg,Un-Aided,Unknown,LNT2H,36572,89.2727273,L,H,NT2,B.Tech,2025,4
'06285,"Bharati Vidyapeeth's College of Engineering for Women, Katraj, Dhankawadi, Pune",'0628537250F,Electronics and Telecommunication Engg,Un-Aided,Unknown,LOBCH,37086,89.0680212,L,H,OBC,B.Tech,2025,4
'06285,"Bharati Vidyapeeth's College of Engineering for Women, Katraj, Dhankawadi, Pune",'0628592150F,Artificial Intelligence and Machine Learning,Un-Aided,Unknown,LOPENH,20903,93.9119037,L,H,OPEN,B.Tech,2025,4
'06285,"Bharati Vidyapeeth's College of Engineering for Women, Katraj, Dhankawadi, Pune",'0628592150F,Artificial Intelligence and Machine Learning,Un-Aided,Unknown,LSCH,69339,78.6167398,L,H,SC,B.Tech,2025,4
'06285,"Bharati Vidyapeeth's College of Engineering for Women, Katraj, Dhankawadi, Pune",'0628592150F,Artificial Intelligence and Machine Learning,Un-Aided,Unknown,LOBCH,21481,93.7635248,L,H,OBC,B.Tech,2025,4
'06288,"Bharati Vidyapeeth's College of Engineering, Kolhapur",'0628819110,Civil Engineering,Un-Aided,Unknown,GSEBCH,127421,55.2744499,G,H,SEBC,B.Tech,2025,4
'06288,"Bharati Vidyapeeth's College of Engineering, Kolhapur",'0628819110,Civil Engineering,Un-Aided,Unknown,LOPENH,126977,55.4922986,L,H,OPEN,B.Tech,2025,4
'06288,"Bharati Vidyapeeth's College of Engineering, Kolhapur",'0628819110,Civil Engineering,Un-Aided,Unknown,LOBCH,167256,32.3446384,L,H,OBC,B.Tech,2025,4
'06288,"Bharati Vidyapeeth's College of Engineering, Kolhapur",'0628819110,Civil Engineering,Un-Aided,Unknown,LNT1H,184042,19.4484962,L,H,NT1,B.Tech,2025,4
'06288,"Bharati Vidyapeeth's College of Engineering, Kolhapur",'0628819110,Civil Engineering,Un-Aided,Unknown,PWDOBCH,137599,50.3223138,P,H,PWD,B.Tech,2025,4
'06288,"Bharati Vidyapeeth's College of Engineering, Kolhapur",'0628824210,Computer Science and Engineering,Un-Aided,Unknown,GOPENH,78029,75.6075065,G,H,OPEN,B.Tech,2025,4
'06288,"Bharati Vidyapeeth's College of Engineering, Kolhapur",'0628824210,Computer Science and Engineering,Un-Aided,Unknown,GSCH,78599,75.4048881,G,H,SC,B.Tech,2025,4
'06288,"Bharati Vidyapeeth's College of Engineering, Kolhapur",'0628824210,Computer Science and Engineering,Un-Aided,Unknown,GNT2H,106065,64.7148712,G,H,NT2,B.Tech,2025,4
'06288,"Bharati Vidyapeeth's College of Engineering, Kolhapur",'0628824210,Computer Science and Engineering,Un-Aided,Unknown,GOBCH,99555,67.8236662,G,H,OBC,B.Tech,2025,4
'06288,"Bharati Vidyapeeth's College of Engineering, Kolhapur",'0628824210,Computer Science and Engineering,Un-Aided,Unknown,LOPENH,65811,79.9072027,L,H,OPEN,B.Tech,2025,4
'06288,"Bharati Vidyapeeth's College of Engineering, Kolhapur",'0628824210,Computer Science and Engineering,Un-Aided,Unknown,LNT2H,82973,73.7482517,L,H,NT2,B.Tech,2025,4
'06288,"Bharati Vidyapeeth's College of Engineering, Kolhapur",'0628824210,Computer Science and Engineering,Un-Aided,Unknown,LOBCH,87681,72.1028020,L,H,OBC,B.Tech,2025,4
'06288,"Bharati Vidyapeeth's College of Engineering, Kolhapur",'0628824210,Computer Science and Engineering,Un-Aided,Unknown,LSEBCH,78949,75.3562654,L,H,SEBC,B.Tech,2025,4
'06288,"Bharati Vidyapeeth's College of Engineering, Kolhapur",'0628824210,Computer Science and Engineering,Un-Aided,Unknown,GSTH,81473,74.6802716,G,H,ST,B.Tech,2025,4
'06288,"Bharati Vidyapeeth's College of Engineering, Kolhapur",'0628837210,Electronics and Telecommunication Engg,Un-Aided,Unknown,GOPENH,82837,73.7482517,G,H,OPEN,B.Tech,2025,4
'06288,"Bharati Vidyapeeth's College of Engineering, Kolhapur",'0628837210,Electronics and Telecommunication Engg,Un-Aided,Unknown,GNT1H,118943,59.1762367,G,H,NT1,B.Tech,2025,4
'06288,"Bharati Vidyapeeth's College of Engineering, Kolhapur",'0628837210,Electronics and Telecommunication Engg,Un-Aided,Unknown,GSEBCH,86710,72.6730266,G,H,SEBC,B.Tech,2025,4
'06288,"Bharati Vidyapeeth's College of Engineering, Kolhapur",'0628837210,Electronics and Telecommunication Engg,Un-Aided,Unknown,LSEBCH,68052,79.3004726,L,H,SEBC,B.Tech,2025,4
'06288,"Bharati Vidyapeeth's College of Engineering, Kolhapur",'0628837210,Electronics and Telecommunication Engg,Un-Aided,Unknown,PWDOBCH,103081,66.2972028,P,H,PWD,B.Tech,2025,4
'06288,"Bharati Vidyapeeth's College of Engineering, Kolhapur",'0628837210,Electronics and Telecommunication Engg,Un-Aided,Unknown,GSTH,87500,72.1363369,G,H,ST,B.Tech,2025,4
'06288,"Bharati Vidyapeeth's College of Engineering, Kolhapur",'0628861210,Mechanical Engineering,Un-Aided,Unknown,GSEBCH,87774,72.1028020,G,H,SEBC,B.Tech,2025,4
'06288,"Bharati Vidyapeeth's College of Engineering, Kolhapur",'0628861210,Mechanical Engineering,Un-Aided,Unknown,LSTH,66846,79.6986029,L,H,ST,B.Tech,2025,4
'06288,"Bharati Vidyapeeth's College of Engineering, Kolhapur",'0628861210,Mechanical Engineering,Un-Aided,Unknown,LNT3H,93289,70.2033567,L,H,NT3,B.Tech,2025,4
'06288,"Bharati Vidyapeeth's College of Engineering, Kolhapur",'0628891110,Computer Science and Engineering(Artificial Intelligence and Machine Learning),Un-Aided,Unknown,GSCO,153693,41.4020979,G,O,SC,B.Tech,2025,4
'06288,"Bharati Vidyapeeth's College of Engineering, Kolhapur",'0628891110,Computer Science and Engineering(Artificial Intelligence and Machine Learning),Un-Aided,Unknown,GOBCO,148387,43.9154166,G,O,OBC,B.Tech,2025,4
'06293,"Kai Amdar Bramhadevdada Mane Shikshan & Samajik Prathistan's Bramhadevdada Mane Institute of Technology, Solapur",'0629324210,Computer Science and Engineering,Un-Aided,Unknown,GOPENH,158740,38.2479385,G,H,OPEN,B.Tech,2025,4
'06293,"Kai Amdar Bramhadevdada Mane Shikshan & Samajik Prathistan's Bramhadevdada Mane Institute of Technology, Solapur",'0629324210,Computer Science and Engineering,Un-Aided,Unknown,GSCH,162227,35.9295868,G,H,SC,B.Tech,2025,4
'06293,"Kai Amdar Bramhadevdada Mane Shikshan & Samajik Prathistan's Bramhadevdada Mane Institute of Technology, Solapur",'0629324210,Computer Science and Engineering,Un-Aided,Unknown,GNT2H,200684,4.0365040,G,H,NT2,B.Tech,2025,4
'06293,"Kai Amdar Bramhadevdada Mane Shikshan & Samajik Prathistan's Bramhadevdada Mane Institute of Technology, Solapur",'0629324210,Computer Science and Engineering,Un-Aided,Unknown,GOBCH,178274,24.7167509,G,H,OBC,B.Tech,2025,4
'06293,"Kai Amdar Bramhadevdada Mane Shikshan & Samajik Prathistan's Bramhadevdada Mane Institute of Technology, Solapur",'0629324210,Computer Science and Engineering,Un-Aided,Unknown,GSEBCH,198133,6.9235509,G,H,SEBC,B.Tech,2025,4
'06293,"Kai Amdar Bramhadevdada Mane Shikshan & Samajik Prathistan's Bramhadevdada Mane Institute of Technology, Solapur",'0629324210,Computer Science and Engineering,Un-Aided,Unknown,GSTH,167574,32.1650475,G,H,ST,B.Tech,2025,4
'06293,"Kai Amdar Bramhadevdada Mane Shikshan & Samajik Prathistan's Bramhadevdada Mane Institute of Technology, Solapur",'0629329310,Electrical Engineering,Un-Aided,Unknown,LOPENH,188057,16.4425946,L,H,OPEN,B.Tech,2025,4
'06293,"Kai Amdar Bramhadevdada Mane Shikshan & Samajik Prathistan's Bramhadevdada Mane Institute of Technology, Solapur",'0629329310,Electrical Engineering,Un-Aided,Unknown,LOBCH,201305,3.2502633,L,H,OBC,B.Tech,2025,4
'06293,"Kai Amdar Bramhadevdada Mane Shikshan & Samajik Prathistan's Bramhadevdada Mane Institute of Technology, Solapur",'0629337210,Electronics and Telecommunication Engg,Un-Aided,Unknown,GOPENO,189396,15.3499592,G,O,OPEN,B.Tech,2025,4
'06293,"Kai Amdar Bramhadevdada Mane Shikshan & Samajik Prathistan's Bramhadevdada Mane Institute of Technology, Solapur",'0629337210,Electronics and Telecommunication Engg,Un-Aided,Unknown,LOPENO,187195,16.8604050,L,O,OPEN,B.Tech,2025,4
'06293,"Kai Amdar Bramhadevdada Mane Shikshan & Samajik Prathistan's Bramhadevdada Mane Institute of Technology, Solapur",'0629361210,Mechanical Engineering,Un-Aided,Unknown,GOBCH,201722,2.7906814,G,H,OBC,B.Tech,2025,4
'06293,"Kai Amdar Bramhadevdada Mane Shikshan & Samajik Prathistan's Bramhadevdada Mane Institute of Technology, Solapur",'0629361210,Mechanical Engineering,Un-Aided,Unknown,LOPENH,187006,17.2365618,L,H,OPEN,B.Tech,2025,4
'06293,"Kai Amdar Bramhadevdada Mane Shikshan & Samajik Prathistan's Bramhadevdada Mane Institute of Technology, Solapur",'0629361210,Mechanical Engineering,Un-Aided,Unknown,LOPENH,159632,37.1950556,L,H,OPEN,B.Tech,2025,4
'06293,"Kai Amdar Bramhadevdada Mane Shikshan & Samajik Prathistan's Bramhadevdada Mane Institute of Technology, Solapur",'0629399510,Artificial Intelligence and Data Science,Un-Aided,Unknown,GOPENH,83752,73.6159498,G,H,OPEN,B.Tech,2025,4
'06293,"Kai Amdar Bramhadevdada Mane Shikshan & Samajik Prathistan's Bramhadevdada Mane Institute of Technology, Solapur",'0629399510,Artificial Intelligence and Data Science,Un-Aided,Unknown,GOBCH,138866,49.4020979,G,H,OBC,B.Tech,2025,4
'06293,"Kai Amdar Bramhadevdada Mane Shikshan & Samajik Prathistan's Bramhadevdada Mane Institute of Technology, Solapur",'0629399510,Artificial Intelligence and Data Science,Un-Aided,Unknown,LOBCH,193721,11.1328671,L,H,OBC,B.Tech,2025,4
'06298,"Zeal Education Society's Zeal College of Engineering & Reserch, Narhe, Pune",'0629819110,Civil Engineering,Un-Aided Autonomous,Unknown,GOPENS,78722,75.4048881,G,S,OPEN,B.Tech,2025,4
'06298,"Zeal Education Society's Zeal College of Engineering & Reserch, Narhe, Pune",'0629819110,Civil Engineering,Un-Aided Autonomous,Unknown,GVJS,105885,65.3084343,G,S,VJ,B.Tech,2025,4
'06298,"Zeal Education Society's Zeal College of Engineering & Reserch, Narhe, Pune",'0629819110,Civil Engineering,Un-Aided Autonomous,Unknown,GNT1S,145895,45.9245973,G,S,NT1,B.Tech,2025,4
'06298,"Zeal Education Society's Zeal College of Engineering & Reserch, Narhe, Pune",'0629819110,Civil Engineering,Un-Aided Autonomous,Unknown,GOBCS,97018,68.4887011,G,S,OBC,B.Tech,2025,4
'06298,"Zeal Education Society's Zeal College of Engineering & Reserch, Narhe, Pune",'0629819110,Civil Engineering,Un-Aided Autonomous,Unknown,LOPENS,82774,73.7482517,L,S,OPEN,B.Tech,2025,4
'06298,"Zeal Education Society's Zeal College of Engineering & Reserch, Narhe, Pune",'0629819110,Civil Engineering,Un-Aided Autonomous,Unknown,LSCS,162745,35.7798895,L,S,SC,B.Tech,2025,4
'06298,"Zeal Education Society's Zeal College of Engineering & Reserch, Narhe, Pune",'0629819110,Civil Engineering,Un-Aided Autonomous,Unknown,GSTS,85913,72.8948543,G,S,ST,B.Tech,2025,4
'06298,"Zeal Education Society's Zeal College of Engineering & Reserch, Narhe, Pune",'0629821910,Robotics and Automation,Un-Aided Autonomous,Unknown,GOPENS,78123,75.6075065,G,S,OPEN,B.Tech,2025,4
'06298,"Zeal Education Society's Zeal College of Engineering & Reserch, Narhe, Pune",'0629821910,Robotics and Automation,Un-Aided Autonomous,Unknown,GSCS,105987,64.7148712,G,S,SC,B.Tech,2025,4
'06298,"Zeal Education Society's Zeal College of Engineering & Reserch, Narhe, Pune",'0629821910,Robotics and Automation,Un-Aided Autonomous,Unknown,GOBCS,80964,74.9785452,G,S,OBC,B.Tech,2025,4
'06298,"Zeal Education Society's Zeal College of Engineering & Reserch, Narhe, Pune",'0629821910,Robotics and Automation,Un-Aided Autonomous,Unknown,LOPENS,71807,78.1688442,L,S,OPEN,B.Tech,2025,4
'06298,"Zeal Education Society's Zeal College of Engineering & Reserch, Narhe, Pune",'0629821910,Robotics and Automation,Un-Aided Autonomous,Unknown,LVJS,113964,61.5619516,L,S,VJ,B.Tech,2025,4
'06298,"Zeal Education Society's Zeal College of Engineering & Reserch, Narhe, Pune",'0629821910,Robotics and Automation,Un-Aided Autonomous,Unknown,LNT1S,144626,46.6242967,L,S,NT1,B.Tech,2025,4
'06298,"Zeal Education Society's Zeal College of Engineering & Reserch, Narhe, Pune",'0629821910,Robotics and Automation,Un-Aided Autonomous,Unknown,LOBCS,78539,75.4880541,L,S,OBC,B.Tech,2025,4
'06298,"Zeal Education Society's Zeal College of Engineering & Reserch, Narhe, Pune",'0629821910,Robotics and Automation,Un-Aided Autonomous,Unknown,TFWS,55403,83.3397246,T,S,TFWS,B.Tech,2025,4
'06298,"Zeal Education Society's Zeal College of Engineering & Reserch, Narhe, Pune",'0629821910,Robotics and Automation,Un-Aided Autonomous,Unknown,DEFOPENS,74494,76.9322569,D,S,OPEN,B.Tech,2025,4
'06298,"Zeal Education Society's Zeal College of Engineering & Reserch, Narhe, Pune",'0629821910,Robotics and Automation,Un-Aided Autonomous,Unknown,GSTS,81010,74.9785452,G,S,ST,B.Tech,2025,4
'06298,"Zeal Education Society's Zeal College of Engineering & Reserch, Narhe, Pune",'0629824510,Computer Engineering,Un-Aided Autonomous,Unknown,GOPENS,44534,86.7181467,G,S,OPEN,B.Tech,2025,4
'06298,"Zeal Education Society's Zeal College of Engineering & Reserch, Narhe, Pune",'0629824510,Computer Engineering,Un-Aided Autonomous,Unknown,GSCS,70141,78.5512207,G,S,SC,B.Tech,2025,4
'06298,"Zeal Education Society's Zeal College of Engineering & Reserch, Narhe, Pune",'0629824510,Computer Engineering,Un-Aided Autonomous,Unknown,GSTS,185889,18.4184219,G,S,ST,B.Tech,2025,4
'06298,"Zeal Education Society's Zeal College of Engineering & Reserch, Narhe, Pune",'0629824510,Computer Engineering,Un-Aided Autonomous,Unknown,GVJS,65680,79.9809712,G,S,VJ,B.Tech,2025,4
'06298,"Zeal Education Society's Zeal College of Engineering & Reserch, Narhe, Pune",'0629824510,Computer Engineering,Un-Aided Autonomous,Unknown,GNT2S,47305,85.9058498,G,S,NT2,B.Tech,2025,4
'06298,"Zeal Education Society's Zeal College of Engineering & Reserch, Narhe, Pune",'0629824510,Computer Engineering,Un-Aided Autonomous,Unknown,GNT3S,57004,82.8372770,G,S,NT3,B.Tech,2025,4
'06298,"Zeal Education Society's Zeal College of Engineering & Reserch, Narhe, Pune",'0629824510,Computer Engineering,Un-Aided Autonomous,Unknown,GOBCS,49571,85.1919561,G,S,OBC,B.Tech,2025,4
'06298,"Zeal Education Society's Zeal College of Engineering & Reserch, Narhe, Pune",'0629824510,Computer Engineering,Un-Aided Autonomous,Unknown,GSEBCS,48253,85.6182564,G,S,SEBC,B.Tech,2025,4
'06298,"Zeal Education Society's Zeal College of Engineering & Reserch, Narhe, Pune",'0629824510,Computer Engineering,Un-Aided Autonomous,Unknown,LOPENS,37409,88.9609194,L,S,OPEN,B.Tech,2025,4
'06298,"Zeal Education Society's Zeal College of Engineering & Reserch, Narhe, Pune",'0629824510,Computer Engineering,Un-Aided Autonomous,Unknown,LSCS,53163,84.0359888,L,S,SC,B.Tech,2025,4
'06298,"Zeal Education Society's Zeal College of Engineering & Reserch, Narhe, Pune",'0629824510,Computer Engineering,Un-Aided Autonomous,Unknown,LNT3S,59052,82.1358690,L,S,NT3,B.Tech,2025,4
'06298,"Zeal Education Society's Zeal College of Engineering & Reserch, Narhe, Pune",'0629824510,Computer Engineering,Un-Aided Autonomous,Unknown,LOBCS,46553,85.9982332,L,S,OBC,B.Tech,2025,4
'06298,"Zeal Education Society's Zeal College of Engineering & Reserch, Narhe, Pune",'0629824510,Computer Engineering,Un-Aided Autonomous,Unknown,LSEBCS,45848,86.3869833,L,S,SEBC,B.Tech,2025,4
'06298,"Zeal Education Society's Zeal College of Engineering & Reserch, Narhe, Pune",'0629824510,Computer Engineering,Un-Aided Autonomous,Unknown,DEFOPENS,90245,71.4755245,D,S,OPEN,B.Tech,2025,4
'06298,"Zeal Education Society's Zeal College of Engineering & Reserch, Narhe, Pune",'0629824510,Computer Engineering,Un-Aided Autonomous,Unknown,DEFOBCS,52174,84.4752545,D,S,OBC,B.Tech,2025,4
'06298,"Zeal Education Society's Zeal College of Engineering & Reserch, Narhe, Pune",'0629824510,Computer Engineering,Un-Aided Autonomous,Unknown,TFWS,19365,94.4196840,T,S,TFWS,B.Tech,2025,4
'06298,"Zeal Education Society's Zeal College of Engineering & Reserch, Narhe, Pune",'0629824510,Computer Engineering,Un-Aided Autonomous,Unknown,EWS,130916,53.6771201,E,S,EWS,B.Tech,2025,4
'06298,"Zeal Education Society's Zeal College of Engineering & Reserch, Narhe, Pune",'0629824510,Computer Engineering,Un-Aided Autonomous,Unknown,PWDOPENS,43250,87.1431548,P,S,PWD,B.Tech,2025,4
'06298,"Zeal Education Society's Zeal College of Engineering & Reserch, Narhe, Pune",'0629824510,Computer Engineering,Un-Aided Autonomous,Unknown,GSTS,48878,85.4112341,G,S,ST,B.Tech,2025,4
'06298,"Zeal Education Society's Zeal College of Engineering & Reserch, Narhe, Pune",'0629824510,Computer Engineering,Un-Aided Autonomous,Unknown,LSTS,46244,86.2326458,L,S,ST,B.Tech,2025,4
'06298,"Zeal Education Society's Zeal College of Engineering & Reserch, Narhe, Pune",'0629824610,Information Technology,Un-Aided Autonomous,Unknown,GOPENS,53095,84.0903324,G,S,OPEN,B.Tech,2025,4
'06298,"Zeal Education Society's Zeal College of Engineering & Reserch, Narhe, Pune",'0629824610,Information Technology,Un-Aided Autonomous,Unknown,GVJS,68515,79.0279720,G,S,VJ,B.Tech,2025,4
'06298,"Zeal Education Society's Zeal College of Engineering & Reserch, Narhe, Pune",'0629824610,Information Technology,Un-Aided Autonomous,Unknown,GNT1S,60041,81.8021201,G,S,NT1,B.Tech,2025,4
'06298,"Zeal Education Society's Zeal College of Engineering & Reserch, Narhe, Pune",'0629824610,Information Technology,Un-Aided Autonomous,Unknown,GOBCS,56223,83.0707711,G,S,OBC,B.Tech,2025,4
'06298,"Zeal Education Society's Zeal College of Engineering & Reserch, Narhe, Pune",'0629824610,Information Technology,Un-Aided Autonomous,Unknown,GSEBCS,54924,83.4741816,G,S,SEBC,B.Tech,2025,4
'06298,"Zeal Education Society's Zeal College of Engineering & Reserch, Narhe, Pune",'0629824610,Information Technology,Un-Aided Autonomous,Unknown,LOPENS,52915,84.1131441,L,S,OPEN,B.Tech,2025,4
'06298,"Zeal Education Society's Zeal College of Engineering & Reserch, Narhe, Pune",'0629824610,Information Technology,Un-Aided Autonomous,Unknown,LSCS,70459,78.4342571,L,S,SC,B.Tech,2025,4
'06298,"Zeal Education Society's Zeal College of Engineering & Reserch, Narhe, Pune",'0629824610,Information Technology,Un-Aided Autonomous,Unknown,LNT3S,75630,76.7694659,L,S,NT3,B.Tech,2025,4
'06298,"Zeal Education Society's Zeal College of Engineering & Reserch, Narhe, Pune",'0629824610,Information Technology,Un-Aided Autonomous,Unknown,LOBCS,55250,83.4378744,L,S,OBC,B.Tech,2025,4
'06298,"Zeal Education Society's Zeal College of Engineering & Reserch, Narhe, Pune",'0629824610,Information Technology,Un-Aided Autonomous,Unknown,LSEBCS,56827,82.8437868,L,S,SEBC,B.Tech,2025,4
'06298,"Zeal Education Society's Zeal College of Engineering & Reserch, Narhe, Pune",'0629824610,Information Technology,Un-Aided Autonomous,Unknown,DEFOBCS,154198,40.0936536,D,S,OBC,B.Tech,2025,4
'06298,"Zeal Education Society's Zeal College of Engineering & Reserch, Narhe, Pune",'0629824610,Information Technology,Un-Aided Autonomous,Unknown,TFWS,21277,93.8493242,T,S,TFWS,B.Tech,2025,4
'06298,"Zeal Education Society's Zeal College of Engineering & Reserch, Narhe, Pune",'0629824610,Information Technology,Un-Aided Autonomous,Unknown,EWS,170809,29.4125763,E,S,EWS,B.Tech,2025,4
'06298,"Zeal Education Society's Zeal College of Engineering & Reserch, Narhe, Pune",'0629824610,Information Technology,Un-Aided Autonomous,Unknown,LSTS,49196,85.2215842,L,S,ST,B.Tech,2025,4
'06298,"Zeal Education Society's Zeal College of Engineering & Reserch, Narhe, Pune",'0629824610,Information Technology,Un-Aided Autonomous,Unknown,ORPHAN,55228,83.4378744,O,N,ORPHAN,B.Tech,2025,4
'06298,"Zeal Education Society's Zeal College of Engineering & Reserch, Narhe, Pune",'0629827110,Computer Engineering (Regional Language),Un-Aided Autonomous,Unknown,GOBCS,65077,80.0000000,G,S,OBC,B.Tech,2025,4
'06298,"Zeal Education Society's Zeal College of Engineering & Reserch, Narhe, Pune",'0629827110,Computer Engineering (Regional Language),Un-Aided Autonomous,Unknown,GSEBCS,57046,82.8372770,G,S,SEBC,B.Tech,2025,4
'06298,"Zeal Education Society's Zeal College of Engineering & Reserch, Narhe, Pune",'0629827110,Computer Engineering (Regional Language),Un-Aided Autonomous,Unknown,PWDOBCS,72400,77.9513058,P,S,PWD,B.Tech,2025,4
'06298,"Zeal Education Society's Zeal College of Engineering & Reserch, Narhe, Pune",'0629827110,Computer Engineering (Regional Language),Un-Aided Autonomous,Unknown,ORPHAN,59552,82.1124479,O,N,ORPHAN,B.Tech,2025,4
'06298,"Zeal Education Society's Zeal College of Engineering & Reserch, Narhe, Pune",'0629829310,Electrical Engineering,Un-Aided Autonomous,Unknown,GOPENS,90733,71.1730870,G,S,OPEN,B.Tech,2025,4
'06298,"Zeal Education Society's Zeal College of Engineering & Reserch, Narhe, Pune",'0629829310,Electrical Engineering,Un-Aided Autonomous,Unknown,GSCS,105847,65.3084343,G,S,SC,B.Tech,2025,4
'06298,"Zeal Education Society's Zeal College of Engineering & Reserch, Narhe, Pune",'0629829310,Electrical Engineering,Un-Aided Autonomous,Unknown,GNT1S,111936,62.1412608,G,S,NT1,B.Tech,2025,4
'06298,"Zeal Education Society's Zeal College of Engineering & Reserch, Narhe, Pune",'0629829310,Electrical Engineering,Un-Aided Autonomous,Unknown,GNT2S,93735,69.8941051,G,S,NT2,B.Tech,2025,4
'06298,"Zeal Education Society's Zeal College of Engineering & Reserch, Narhe, Pune",'0629829310,Electrical Engineering,Un-Aided Autonomous,Unknown,GNT3S,100064,67.2177090,G,S,NT3,B.Tech,2025,4
'06298,"Zeal Education Society's Zeal College of Engineering & Reserch, Narhe, Pune",'0629829310,Electrical Engineering,Un-Aided Autonomous,Unknown,GOBCS,96900,68.8687467,G,S,OBC,B.Tech,2025,4
'06298,"Zeal Education Society's Zeal College of Engineering & Reserch, Narhe, Pune",'0629829310,Electrical Engineering,Un-Aided Autonomous,Unknown,GSEBCS,92194,70.5072010,G,S,SEBC,B.Tech,2025,4
'06298,"Zeal Education Society's Zeal College of Engineering & Reserch, Narhe, Pune",'0629829310,Electrical Engineering,Un-Aided Autonomous,Unknown,LOPENS,87409,72.1363369,L,S,OPEN,B.Tech,2025,4
'06298,"Zeal Education Society's Zeal College of Engineering & Reserch, Narhe, Pune",'0629829310,Electrical Engineering,Un-Aided Autonomous,Unknown,LOBCS,88791,71.6607627,L,S,OBC,B.Tech,2025,4
'06298,"Zeal Education Society's Zeal College of Engineering & Reserch, Narhe, Pune",'0629829310,Electrical Engineering,Un-Aided Autonomous,Unknown,DEFOBCS,94419,69.4936445,D,S,OBC,B.Tech,2025,4
'06298,"Zeal Education Society's Zeal College of Engineering & Reserch, Narhe, Pune",'0629829310,Electrical Engineering,Un-Aided Autonomous,Unknown,PWDOBCS,92700,70.5005064,P,S,PWD,B.Tech,2025,4
'06298,"Zeal Education Society's Zeal College of Engineering & Reserch, Narhe, Pune",'0629829310,Electrical Engineering,Un-Aided Autonomous,Unknown,GSTS,97491,68.4702591,G,S,ST,B.Tech,2025,4
'06298,"Zeal Education Society's Zeal College of Engineering & Reserch, Narhe, Pune",'0629829310,Electrical Engineering,Un-Aided Autonomous,Unknown,LSTS,88182,71.8498844,L,S,ST,B.Tech,2025,4
'06298,"Zeal Education Society's Zeal College of Engineering & Reserch, Narhe, Pune",'0629837210,Electronics and Telecommunication Engg,Un-Aided Autonomous,Unknown,GOPENS,65945,79.9072027,G,S,OPEN,B.Tech,2025,4
'06298,"Zeal Education Society's Zeal College of Engineering & Reserch, Narhe, Pune",'0629837210,Electronics and Telecommunication Engg,Un-Aided Autonomous,Unknown,GSCS,95338,69.3295893,G,S,SC,B.Tech,2025,4
'06298,"Zeal Education Society's Zeal College of Engineering & Reserch, Narhe, Pune",'0629837210,Electronics and Telecommunication Engg,Un-Aided Autonomous,Unknown,GNT3S,69033,78.6729363,G,S,NT3,B.Tech,2025,4
'06298,"Zeal Education Society's Zeal College of Engineering & Reserch, Narhe, Pune",'0629837210,Electronics and Telecommunication Engg,Un-Aided Autonomous,Unknown,GOBCS,67527,79.6033896,G,S,OBC,B.Tech,2025,4
'06298,"Zeal Education Society's Zeal College of Engineering & Reserch, Narhe, Pune",'0629837210,Electronics and Telecommunication Engg,Un-Aided Autonomous,Unknown,GSEBCS,70449,78.4342571,G,S,SEBC,B.Tech,2025,4
'06298,"Zeal Education Society's Zeal College of Engineering & Reserch, Narhe, Pune",'0629837210,Electronics and Telecommunication Engg,Un-Aided Autonomous,Unknown,LOPENS,62565,81.0403668,L,S,OPEN,B.Tech,2025,4
'06298,"Zeal Education Society's Zeal College of Engineering & Reserch, Narhe, Pune",'0629837210,Electronics and Telecommunication Engg,Un-Aided Autonomous,Unknown,LSCS,100892,66.9498069,L,S,SC,B.Tech,2025,4
'06298,"Zeal Education Society's Zeal College of Engineering & Reserch, Narhe, Pune",'0629837210,Electronics and Telecommunication Engg,Un-Aided Autonomous,Unknown,LOBCS,64074,80.6021790,L,S,OBC,B.Tech,2025,4
'06298,"Zeal Education Society's Zeal College of Engineering & Reserch, Narhe, Pune",'0629837210,Electronics and Telecommunication Engg,Un-Aided Autonomous,Unknown,LSEBCS,64530,80.3575863,L,S,SEBC,B.Tech,2025,4
'06298,"Zeal Education Society's Zeal College of Engineering & Reserch, Narhe, Pune",'0629837210,Electronics and Telecommunication Engg,Un-Aided Autonomous,Unknown,TFWS,57303,82.8332926,T,S,TFWS,B.Tech,2025,4
'06298,"Zeal Education Society's Zeal College of Engineering & Reserch, Narhe, Pune",'0629837210,Electronics and Telecommunication Engg,Un-Aided Autonomous,Unknown,EWS,200236,4.5000000,E,S,EWS,B.Tech,2025,4
'06298,"Zeal Education Society's Zeal College of Engineering & Reserch, Narhe, Pune",'0629837210,Electronics and Telecommunication Engg,Un-Aided Autonomous,Unknown,PWDOBCS,66385,79.7946282,P,S,PWD,B.Tech,2025,4
'06298,"Zeal Education Society's Zeal College of Engineering & Reserch, Narhe, Pune",'0629837210,Electronics and Telecommunication Engg,Un-Aided Autonomous,Unknown,GSTS,69411,78.6167398,G,S,ST,B.Tech,2025,4
'06298,"Zeal Education Society's Zeal College of Engineering & Reserch, Narhe, Pune",'0629837210,Electronics and Telecommunication Engg,Un-Aided Autonomous,Unknown,LSTS,68259,79.3004726,L,S,ST,B.Tech,2025,4
'06298,"Zeal Education Society's Zeal College of Engineering & Reserch, Narhe, Pune",'0629861210,Mechanical Engineering,Un-Aided Autonomous,Unknown,GOPENS,86751,72.6730266,G,S,OPEN,B.Tech,2025,4
'06298,"Zeal Education Society's Zeal College of Engineering & Reserch, Narhe, Pune",'0629861210,Mechanical Engineering,Un-Aided Autonomous,Unknown,GSCS,108797,63.5767823,G,S,SC,B.Tech,2025,4
'06298,"Zeal Education Society's Zeal College of Engineering & Reserch, Narhe, Pune",'0629861210,Mechanical Engineering,Un-Aided Autonomous,Unknown,GNT2S,88030,71.8498844,G,S,NT2,B.Tech,2025,4
'06298,"Zeal Education Society's Zeal College of Engineering & Reserch, Narhe, Pune",'0629861210,Mechanical Engineering,Un-Aided Autonomous,Unknown,GOBCS,104841,65.6307130,G,S,OBC,B.Tech,2025,4
'06298,"Zeal Education Society's Zeal College of Engineering & Reserch, Narhe, Pune",'0629861210,Mechanical Engineering,Un-Aided Autonomous,Unknown,LOPENS,100696,67.1459332,L,S,OPEN,B.Tech,2025,4
'06298,"Zeal Education Society's Zeal College of Engineering & Reserch, Narhe, Pune",'0629861210,Mechanical Engineering,Un-Aided Autonomous,Unknown,LOBCS,116746,60.4221150,L,S,OBC,B.Tech,2025,4
'06298,"Zeal Education Society's Zeal College of Engineering & Reserch, Narhe, Pune",'0629861210,Mechanical Engineering,Un-Aided Autonomous,Unknown,"DEFRSEBC
S",57811,82.4521073,D,S,SEBC,B.Tech,2025,4
'06298,"Zeal Education Society's Zeal College of Engineering & Reserch, Narhe, Pune",'0629861210,Mechanical Engineering,Un-Aided Autonomous,Unknown,EWS,163107,35.6771832,E,S,EWS,B.Tech,2025,4
'06298,"Zeal Education Society's Zeal College of Engineering & Reserch, Narhe, Pune",'0629861210,Mechanical Engineering,Un-Aided Autonomous,Unknown,LVJS,137835,50.3223138,L,S,VJ,B.Tech,2025,4
'06298,"Zeal Education Society's Zeal College of Engineering & Reserch, Narhe, Pune",'0629861210,Mechanical Engineering,Un-Aided Autonomous,Unknown,DEFSCS,115572,60.6344780,D,S,SC,B.Tech,2025,4
'06298,"Zeal Education Society's Zeal College of Engineering & Reserch, Narhe, Pune",'0629861210,Mechanical Engineering,Un-Aided Autonomous,Unknown,DEFSEBCS,73904,77.1296846,D,S,SEBC,B.Tech,2025,4
'06298,"Zeal Education Society's Zeal College of Engineering & Reserch, Narhe, Pune",'0629861210,Mechanical Engineering,Un-Aided Autonomous,Unknown,PWDOPENS,83528,73.6328536,P,S,PWD,B.Tech,2025,4
'06298,"Zeal Education Society's Zeal College of Engineering & Reserch, Narhe, Pune",'0629861210,Mechanical Engineering,Un-Aided Autonomous,Unknown,PWDOBCS,98855,68.1164395,P,S,PWD,B.Tech,2025,4
'06298,"Zeal Education Society's Zeal College of Engineering & Reserch, Narhe, Pune",'0629861210,Mechanical Engineering,Un-Aided Autonomous,Unknown,GSTS,98782,68.1164395,G,S,ST,B.Tech,2025,4
'06298,"Zeal Education Society's Zeal College of Engineering & Reserch, Narhe, Pune",'0629861210,Mechanical Engineering,Un-Aided Autonomous,Unknown,LSTS,101617,66.4263323,L,S,ST,B.Tech,2025,4
'06298,"Zeal Education Society's Zeal College of Engineering & Reserch, Narhe, Pune",'0629884410,Electronics and Computer Engineering,Un-Aided Autonomous,Unknown,GOPENS,71258,78.2722320,G,S,OPEN,B.Tech,2025,4
'06298,"Zeal Education Society's Zeal College of Engineering & Reserch, Narhe, Pune",'0629884410,Electronics and Computer Engineering,Un-Aided Autonomous,Unknown,GSCS,108625,63.6512871,G,S,SC,B.Tech,2025,4
'06298,"Zeal Education Society's Zeal College of Engineering & Reserch, Narhe, Pune",'0629884410,Electronics and Computer Engineering,Un-Aided Autonomous,Unknown,GVJS,82757,73.7482517,G,S,VJ,B.Tech,2025,4
'06298,"Zeal Education Society's Zeal College of Engineering & Reserch, Narhe, Pune",'0629884410,Electronics and Computer Engineering,Un-Aided Autonomous,Unknown,GNT2S,83076,73.7482517,G,S,NT2,B.Tech,2025,4
'06298,"Zeal Education Society's Zeal College of Engineering & Reserch, Narhe, Pune",'0629884410,Electronics and Computer Engineering,Un-Aided Autonomous,Unknown,GOBCS,72710,77.5384615,G,S,OBC,B.Tech,2025,4
'06298,"Zeal Education Society's Zeal College of Engineering & Reserch, Narhe, Pune",'0629884410,Electronics and Computer Engineering,Un-Aided Autonomous,Unknown,LOPENS,62481,81.0403668,L,S,OPEN,B.Tech,2025,4
'06298,"Zeal Education Society's Zeal College of Engineering & Reserch, Narhe, Pune",'0629884410,Electronics and Computer Engineering,Un-Aided Autonomous,Unknown,LSCS,111363,62.8632493,L,S,SC,B.Tech,2025,4
'06298,"Zeal Education Society's Zeal College of Engineering & Reserch, Narhe, Pune",'0629884410,Electronics and Computer Engineering,Un-Aided Autonomous,Unknown,LNT1S,95691,69.2179237,L,S,NT1,B.Tech,2025,4
'06298,"Zeal Education Society's Zeal College of Engineering & Reserch, Narhe, Pune",'0629884410,Electronics and Computer Engineering,Un-Aided Autonomous,Unknown,LOBCS,67128,79.6925092,L,S,OBC,B.Tech,2025,4
'06298,"Zeal Education Society's Zeal College of Engineering & Reserch, Narhe, Pune",'0629884410,Electronics and Computer Engineering,Un-Aided Autonomous,Unknown,DEFOPENS,124064,57.0133407,D,S,OPEN,B.Tech,2025,4
'06298,"Zeal Education Society's Zeal College of Engineering & Reserch, Narhe, Pune",'0629884410,Electronics and Computer Engineering,Un-Aided Autonomous,Unknown,PWDOPENS,61494,81.2846613,P,S,PWD,B.Tech,2025,4
'06298,"Zeal Education Society's Zeal College of Engineering & Reserch, Narhe, Pune",'0629884410,Electronics and Computer Engineering,Un-Aided Autonomous,Unknown,PWDOBCS,71697,78.1688442,P,S,PWD,B.Tech,2025,4
'06298,"Zeal Education Society's Zeal College of Engineering & Reserch, Narhe, Pune",'0629884410,Electronics and Computer Engineering,Un-Aided Autonomous,Unknown,GSTS,73013,77.2287062,G,S,ST,B.Tech,2025,4
'06298,"Zeal Education Society's Zeal College of Engineering & Reserch, Narhe, Pune",'0629884410,Electronics and Computer Engineering,Un-Aided Autonomous,Unknown,LSTS,71325,78.2722320,L,S,ST,B.Tech,2025,4
'06298,"Zeal Education Society's Zeal College of Engineering & Reserch, Narhe, Pune",'0629892110,Artificial Intelligence and Machine Learning,Un-Aided Autonomous,Unknown,GOPENS,53069,84.0903324,G,S,OPEN,B.Tech,2025,4
'06298,"Zeal Education Society's Zeal College of Engineering & Reserch, Narhe, Pune",'0629892110,Artificial Intelligence and Machine Learning,Un-Aided Autonomous,Unknown,GSCS,73746,77.1296846,G,S,SC,B.Tech,2025,4
'06298,"Zeal Education Society's Zeal College of Engineering & Reserch, Narhe, Pune",'0629892110,Artificial Intelligence and Machine Learning,Un-Aided Autonomous,Unknown,GOBCS,56539,82.8811189,G,S,OBC,B.Tech,2025,4
'06298,"Zeal Education Society's Zeal College of Engineering & Reserch, Narhe, Pune",'0629892110,Artificial Intelligence and Machine Learning,Un-Aided Autonomous,Unknown,GSEBCS,58814,82.2162613,G,S,SEBC,B.Tech,2025,4
'06298,"Zeal Education Society's Zeal College of Engineering & Reserch, Narhe, Pune",'0629892110,Artificial Intelligence and Machine Learning,Un-Aided Autonomous,Unknown,LOPENS,52059,84.4752545,L,S,OPEN,B.Tech,2025,4
'06298,"Zeal Education Society's Zeal College of Engineering & Reserch, Narhe, Pune",'0629892110,Artificial Intelligence and Machine Learning,Un-Aided Autonomous,Unknown,LSCS,88028,71.8498844,L,S,SC,B.Tech,2025,4
'06298,"Zeal Education Society's Zeal College of Engineering & Reserch, Narhe, Pune",'0629892110,Artificial Intelligence and Machine Learning,Un-Aided Autonomous,Unknown,LNT2S,59266,82.1319232,L,S,NT2,B.Tech,2025,4
'06298,"Zeal Education Society's Zeal College of Engineering & Reserch, Narhe, Pune",'0629892110,Artificial Intelligence and Machine Learning,Un-Aided Autonomous,Unknown,LOBCS,54552,83.5597353,L,S,OBC,B.Tech,2025,4
'06298,"Zeal Education Society's Zeal College of Engineering & Reserch, Narhe, Pune",'0629892110,Artificial Intelligence and Machine Learning,Un-Aided Autonomous,Unknown,LSEBCS,57890,82.4521073,L,S,SEBC,B.Tech,2025,4
'06298,"Zeal Education Society's Zeal College of Engineering & Reserch, Narhe, Pune",'0629892110,Artificial Intelligence and Machine Learning,Un-Aided Autonomous,Unknown,EWS,66561,79.7185003,E,S,EWS,B.Tech,2025,4
'06298,"Zeal Education Society's Zeal College of Engineering & Reserch, Narhe, Pune",'0629892110,Artificial Intelligence and Machine Learning,Un-Aided Autonomous,Unknown,PWDOPENS,57641,82.5532062,P,S,PWD,B.Tech,2025,4
'06298,"Zeal Education Society's Zeal College of Engineering & Reserch, Narhe, Pune",'0629892110,Artificial Intelligence and Machine Learning,Un-Aided Autonomous,Unknown,GSTS,56894,82.8437868,G,S,ST,B.Tech,2025,4
'06298,"Zeal Education Society's Zeal College of Engineering & Reserch, Narhe, Pune",'0629892110,Artificial Intelligence and Machine Learning,Un-Aided Autonomous,Unknown,LSTS,53951,83.7934335,L,S,ST,B.Tech,2025,4
'06298,"Zeal Education Society's Zeal College of Engineering & Reserch, Narhe, Pune",'0629899510,Artificial Intelligence and Data Science,Un-Aided Autonomous,Unknown,GOPENS,54428,83.7239356,G,S,OPEN,B.Tech,2025,4
'06298,"Zeal Education Society's Zeal College of Engineering & Reserch, Narhe, Pune",'0629899510,Artificial Intelligence and Data Science,Un-Aided Autonomous,Unknown,GSCS,80253,75.1716925,G,S,SC,B.Tech,2025,4
'06298,"Zeal Education Society's Zeal College of Engineering & Reserch, Narhe, Pune",'0629899510,Artificial Intelligence and Data Science,Un-Aided Autonomous,Unknown,GVJS,72355,77.9513058,G,S,VJ,B.Tech,2025,4
'06298,"Zeal Education Society's Zeal College of Engineering & Reserch, Narhe, Pune",'0629899510,Artificial Intelligence and Data Science,Un-Aided Autonomous,Unknown,GNT1S,62531,81.0403668,G,S,NT1,B.Tech,2025,4
'06298,"Zeal Education Society's Zeal College of Engineering & Reserch, Narhe, Pune",'0629899510,Artificial Intelligence and Data Science,Un-Aided Autonomous,Unknown,GOBCS,57857,82.4521073,G,S,OBC,B.Tech,2025,4
'06298,"Zeal Education Society's Zeal College of Engineering & Reserch, Narhe, Pune",'0629899510,Artificial Intelligence and Data Science,Un-Aided Autonomous,Unknown,GSEBCS,61535,81.2846613,G,S,SEBC,B.Tech,2025,4
'06298,"Zeal Education Society's Zeal College of Engineering & Reserch, Narhe, Pune",'0629899510,Artificial Intelligence and Data Science,Un-Aided Autonomous,Unknown,LOPENS,50854,84.8660601,L,S,OPEN,B.Tech,2025,4
'06298,"Zeal Education Society's Zeal College of Engineering & Reserch, Narhe, Pune",'0629899510,Artificial Intelligence and Data Science,Un-Aided Autonomous,Unknown,LSCS,77891,75.6075065,L,S,SC,B.Tech,2025,4
'06298,"Zeal Education Society's Zeal College of Engineering & Reserch, Narhe, Pune",'0629899510,Artificial Intelligence and Data Science,Un-Aided Autonomous,Unknown,LNT1S,88939,71.6607627,L,S,NT1,B.Tech,2025,4
'06298,"Zeal Education Society's Zeal College of Engineering & Reserch, Narhe, Pune",'0629899510,Artificial Intelligence and Data Science,Un-Aided Autonomous,Unknown,LNT3S,74062,77.0149774,L,S,NT3,B.Tech,2025,4
'06298,"Zeal Education Society's Zeal College of Engineering & Reserch, Narhe, Pune",'0629899510,Artificial Intelligence and Data Science,Un-Aided Autonomous,Unknown,LOBCS,55704,83.2103258,L,S,OBC,B.Tech,2025,4
'06298,"Zeal Education Society's Zeal College of Engineering & Reserch, Narhe, Pune",'0629899510,Artificial Intelligence and Data Science,Un-Aided Autonomous,Unknown,LSEBCS,51004,84.7618697,L,S,SEBC,B.Tech,2025,4
'06298,"Zeal Education Society's Zeal College of Engineering & Reserch, Narhe, Pune",'0629899510,Artificial Intelligence and Data Science,Un-Aided Autonomous,Unknown,TFWS,20919,93.9119037,T,S,TFWS,B.Tech,2025,4
'06298,"Zeal Education Society's Zeal College of Engineering & Reserch, Narhe, Pune",'0629899510,Artificial Intelligence and Data Science,Un-Aided Autonomous,Unknown,EWS,169918,30.2606300,E,S,EWS,B.Tech,2025,4
'06298,"Zeal Education Society's Zeal College of Engineering & Reserch, Narhe, Pune",'0629899510,Artificial Intelligence and Data Science,Un-Aided Autonomous,Unknown,PWDOPENS,56462,82.9717485,P,S,PWD,B.Tech,2025,4
'06298,"Zeal Education Society's Zeal College of Engineering & Reserch, Narhe, Pune",'0629899510,Artificial Intelligence and Data Science,Un-Aided Autonomous,Unknown,PWDOBCS,53081,84.0903324,P,S,PWD,B.Tech,2025,4
'06298,"Zeal Education Society's Zeal College of Engineering & Reserch, Narhe, Pune",'0629899510,Artificial Intelligence and Data Science,Un-Aided Autonomous,Unknown,LSTS,57637,82.5532062,L,S,ST,B.Tech,2025,4
'06298,"Zeal Education Society's Zeal College of Engineering & Reserch, Narhe, Pune",'0629899510,Artificial Intelligence and Data Science,Un-Aided Autonomous,Unknown,ORPHAN,54872,83.4924535,O,N,ORPHAN,B.Tech,2025,4
'06303,"Dr. Ashok Gujar Technical Institute's Dr. Daulatrao Aher College of Engineering, Karad",'0630319110,Civil Engineering,Un-Aided,Unknown,GOPENH,158174,38.7925588,G,H,OPEN,B.Tech,2025,4
'06303,"Dr. Ashok Gujar Technical Institute's Dr. Daulatrao Aher College of Engineering, Karad",'0630319110,Civil Engineering,Un-Aided,Unknown,LSEBCH,190115,14.7567322,L,H,SEBC,B.Tech,2025,4
'06303,"Dr. Ashok Gujar Technical Institute's Dr. Daulatrao Aher College of Engineering, Karad",'0630319110,Civil Engineering,Un-Aided,Unknown,GSCH,198472,6.4009128,G,H,SC,B.Tech,2025,4
'06303,"Dr. Ashok Gujar Technical Institute's Dr. Daulatrao Aher College of Engineering, Karad",'0630324210,Computer Science and Engineering,Un-Aided,Unknown,GSCH,57300,82.8332926,G,H,SC,B.Tech,2025,4
'06303,"Dr. Ashok Gujar Technical Institute's Dr. Daulatrao Aher College of Engineering, Karad",'0630337210,Electronics and Telecommunication Engg,Un-Aided,Unknown,GOPENH,112483,62.1365556,G,H,OPEN,B.Tech,2025,4
'06303,"Dr. Ashok Gujar Technical Institute's Dr. Daulatrao Aher College of Engineering, Karad",'0630337210,Electronics and Telecommunication Engg,Un-Aided,Unknown,GSCH,119954,58.8525307,G,H,SC,B.Tech,2025,4
'06303,"Dr. Ashok Gujar Technical Institute's Dr. Daulatrao Aher College of Engineering, Karad",'0630361210,Mechanical Engineering,Un-Aided,Unknown,GOPENO,161858,35.9909439,G,O,OPEN,B.Tech,2025,4
'06303,"Dr. Ashok Gujar Technical Institute's Dr. Daulatrao Aher College of Engineering, Karad",'0630399510,Artificial Intelligence and Data Science,Un-Aided,Unknown,GOBCH,139125,49.4020979,G,H,OBC,B.Tech,2025,4
'06303,"Dr. Ashok Gujar Technical Institute's Dr. Daulatrao Aher College of Engineering, Karad",'0630399510,Artificial Intelligence and Data Science,Un-Aided,Unknown,LOPENH,70432,78.4342571,L,H,OPEN,B.Tech,2025,4
'06304,"Loknete Hanumantrao Charitable Trust's Adarsh Institute of Technology and Research Centre, Vita,Sangli",'0630419110,Civil Engineering,Un-Aided Autonomous Home University : Autonomous Institute,Autonomous Institute,GOPENS,131359,53.6060165,G,S,OPEN,B.Tech,2025,4
'06304,"Loknete Hanumantrao Charitable Trust's Adarsh Institute of Technology and Research Centre, Vita,Sangli",'0630419110,Civil Engineering,Un-Aided Autonomous Home University : Autonomous Institute,Autonomous Institute,GSCS,133551,52.3622324,G,S,SC,B.Tech,2025,4
'06304,"Loknete Hanumantrao Charitable Trust's Adarsh Institute of Technology and Research Centre, Vita,Sangli",'0630419110,Civil Engineering,Un-Aided Autonomous Home University : Autonomous Institute,Autonomous Institute,LSCS,153703,41.4020979,L,S,SC,B.Tech,2025,4
'06304,"Loknete Hanumantrao Charitable Trust's Adarsh Institute of Technology and Research Centre, Vita,Sangli",'0630419110,Civil Engineering,Un-Aided Autonomous Home University : Autonomous Institute,Autonomous Institute,LNT3S,166328,32.5553935,L,S,NT3,B.Tech,2025,4
'06304,"Loknete Hanumantrao Charitable Trust's Adarsh Institute of Technology and Research Centre, Vita,Sangli",'0630424210,Computer Science and Engineering,Un-Aided Autonomous Home University : Autonomous Institute,Autonomous Institute,GOPENS,123843,57.0133407,G,S,OPEN,B.Tech,2025,4
'06304,"Loknete Hanumantrao Charitable Trust's Adarsh Institute of Technology and Research Centre, Vita,Sangli",'0630424210,Computer Science and Engineering,Un-Aided Autonomous Home University : Autonomous Institute,Autonomous Institute,GNT2S,182445,21.5408750,G,S,NT2,B.Tech,2025,4
'06304,"Loknete Hanumantrao Charitable Trust's Adarsh Institute of Technology and Research Centre, Vita,Sangli",'0630424210,Computer Science and Engineering,Un-Aided Autonomous Home University : Autonomous Institute,Autonomous Institute,GOBCS,159175,37.6293706,G,S,OBC,B.Tech,2025,4
'06304,"Loknete Hanumantrao Charitable Trust's Adarsh Institute of Technology and Research Centre, Vita,Sangli",'0630424210,Computer Science and Engineering,Un-Aided Autonomous Home University : Autonomous Institute,Autonomous Institute,GSEBCS,140728,48.5587427,G,S,SEBC,B.Tech,2025,4
'06304,"Loknete Hanumantrao Charitable Trust's Adarsh Institute of Technology and Research Centre, Vita,Sangli",'0630424210,Computer Science and Engineering,Un-Aided Autonomous Home University : Autonomous Institute,Autonomous Institute,LOPENS,100565,67.1459332,L,S,OPEN,B.Tech,2025,4
'06304,"Loknete Hanumantrao Charitable Trust's Adarsh Institute of Technology and Research Centre, Vita,Sangli",'0630424210,Computer Science and Engineering,Un-Aided Autonomous Home University : Autonomous Institute,Autonomous Institute,LOBCS,170715,29.5314685,L,S,OBC,B.Tech,2025,4
'06304,"Loknete Hanumantrao Charitable Trust's Adarsh Institute of Technology and Research Centre, Vita,Sangli",'0630424210,Computer Science and Engineering,Un-Aided Autonomous Home University : Autonomous Institute,Autonomous Institute,LSEBCS,109851,63.3986014,L,S,SEBC,B.Tech,2025,4
'06304,"Loknete Hanumantrao Charitable Trust's Adarsh Institute of Technology and Research Centre, Vita,Sangli",'0630424210,Computer Science and Engineering,Un-Aided Autonomous Home University : Autonomous Institute,Autonomous Institute,TFWS,124078,57.0133407,T,S,TFWS,B.Tech,2025,4
'06304,"Loknete Hanumantrao Charitable Trust's Adarsh Institute of Technology and Research Centre, Vita,Sangli",'0630424210,Computer Science and Engineering,Un-Aided Autonomous Home University : Autonomous Institute,Autonomous Institute,DEFOPENS,145935,45.9245973,D,S,OPEN,B.Tech,2025,4
'06304,"Loknete Hanumantrao Charitable Trust's Adarsh Institute of Technology and Research Centre, Vita,Sangli",'0630424210,Computer Science and Engineering,Un-Aided Autonomous Home University : Autonomous Institute,Autonomous Institute,DEFSEBCS,150439,43.1964993,D,S,SEBC,B.Tech,2025,4
'06304,"Loknete Hanumantrao Charitable Trust's Adarsh Institute of Technology and Research Centre, Vita,Sangli",'0630424210,Computer Science and Engineering,Un-Aided Autonomous Home University : Autonomous Institute,Autonomous Institute,PWDSEBCS,150543,43.1964993,P,S,PWD,B.Tech,2025,4
'06304,"Loknete Hanumantrao Charitable Trust's Adarsh Institute of Technology and Research Centre, Vita,Sangli",'0630424210,Computer Science and Engineering,Un-Aided Autonomous Home University : Autonomous Institute,Autonomous Institute,GSCS,178777,24.6987745,G,S,SC,B.Tech,2025,4
'06304,"Loknete Hanumantrao Charitable Trust's Adarsh Institute of Technology and Research Centre, Vita,Sangli",'0630424210,Computer Science and Engineering,Un-Aided Autonomous Home University : Autonomous Institute,Autonomous Institute,LSCS,110385,63.2914656,L,S,SC,B.Tech,2025,4
'06304,"Loknete Hanumantrao Charitable Trust's Adarsh Institute of Technology and Research Centre, Vita,Sangli",'0630424210,Computer Science and Engineering,Un-Aided Autonomous Home University : Autonomous Institute,Autonomous Institute,LOBCS,164002,35.1590106,L,S,OBC,B.Tech,2025,4
'06304,"Loknete Hanumantrao Charitable Trust's Adarsh Institute of Technology and Research Centre, Vita,Sangli",'0630424210,Computer Science and Engineering,Un-Aided Autonomous Home University : Autonomous Institute,Autonomous Institute,DEFOBCS,148094,43.9154166,D,S,OBC,B.Tech,2025,4
'06304,"Loknete Hanumantrao Charitable Trust's Adarsh Institute of Technology and Research Centre, Vita,Sangli",'0630429310,Electrical Engineering,Un-Aided Autonomous Home University : Autonomous Institute,Autonomous Institute,GOPENS,166327,32.5553935,G,S,OPEN,B.Tech,2025,4
'06304,"Loknete Hanumantrao Charitable Trust's Adarsh Institute of Technology and Research Centre, Vita,Sangli",'0630429310,Electrical Engineering,Un-Aided Autonomous Home University : Autonomous Institute,Autonomous Institute,GSEBCS,182422,21.5408750,G,S,SEBC,B.Tech,2025,4
'06304,"Loknete Hanumantrao Charitable Trust's Adarsh Institute of Technology and Research Centre, Vita,Sangli",'0630429310,Electrical Engineering,Un-Aided Autonomous Home University : Autonomous Institute,Autonomous Institute,LOPENS,151837,42.6339209,L,S,OPEN,B.Tech,2025,4
'06304,"Loknete Hanumantrao Charitable Trust's Adarsh Institute of Technology and Research Centre, Vita,Sangli",'0630429310,Electrical Engineering,Un-Aided Autonomous Home University : Autonomous Institute,Autonomous Institute,GSCS,193863,11.1328671,G,S,SC,B.Tech,2025,4
'06304,"Loknete Hanumantrao Charitable Trust's Adarsh Institute of Technology and Research Centre, Vita,Sangli",'0630429310,Electrical Engineering,Un-Aided Autonomous Home University : Autonomous Institute,Autonomous Institute,GOBCS,196383,8.7118703,G,S,OBC,B.Tech,2025,4
'06304,"Loknete Hanumantrao Charitable Trust's Adarsh Institute of Technology and Research Centre, Vita,Sangli",'0630429310,Electrical Engineering,Un-Aided Autonomous Home University : Autonomous Institute,Autonomous Institute,PWDOBCS,180611,22.3617813,P,S,PWD,B.Tech,2025,4
'06304,"Loknete Hanumantrao Charitable Trust's Adarsh Institute of Technology and Research Centre, Vita,Sangli",'0630437210,Electronics and Telecommunication Engg,Un-Aided Autonomous Home University : Autonomous Institute,Autonomous Institute,GOBCS,138648,49.6043895,G,S,OBC,B.Tech,2025,4
'06304,"Loknete Hanumantrao Charitable Trust's Adarsh Institute of Technology and Research Centre, Vita,Sangli",'0630437210,Electronics and Telecommunication Engg,Un-Aided Autonomous Home University : Autonomous Institute,Autonomous Institute,LOBCS,148972,43.6588740,L,S,OBC,B.Tech,2025,4
'06304,"Loknete Hanumantrao Charitable Trust's Adarsh Institute of Technology and Research Centre, Vita,Sangli",'0630461210,Mechanical Engineering,Un-Aided Autonomous Home University : Autonomous Institute,Autonomous Institute,GOBCS,110654,63.2000580,G,S,OBC,B.Tech,2025,4
'06304,"Loknete Hanumantrao Charitable Trust's Adarsh Institute of Technology and Research Centre, Vita,Sangli",'0630461210,Mechanical Engineering,Un-Aided Autonomous Home University : Autonomous Institute,Autonomous Institute,EWS,168759,31.9280223,E,S,EWS,B.Tech,2025,4
'06304,"Loknete Hanumantrao Charitable Trust's Adarsh Institute of Technology and Research Centre, Vita,Sangli",'0630461210,Mechanical Engineering,Un-Aided Autonomous Home University : Autonomous Institute,Autonomous Institute,GSCS,131673,53.2657343,G,S,SC,B.Tech,2025,4
'06305,"Late Narayandas Bhawandas Chhabada Institute of Engineering & Technology, Satara",'0630519110,Civil Engineering,Un-Aided Autonomous Home University : Autonomous Institute,Autonomous Institute,GOPENS,70131,78.5512207,G,S,OPEN,B.Tech,2025,4
'06305,"Late Narayandas Bhawandas Chhabada Institute of Engineering & Technology, Satara",'0630524210,Computer Science and Engineering,Un-Aided Autonomous Home University : Autonomous Institute,Autonomous Institute,GOPENS,172294,28.8537986,G,S,OPEN,B.Tech,2025,4
'06305,"Late Narayandas Bhawandas Chhabada Institute of Engineering & Technology, Satara",'0630524610,Information Technology,Un-Aided Autonomous Home University : Autonomous Institute,Autonomous Institute,GOPENS,93045,70.2628092,G,S,OPEN,B.Tech,2025,4
'06305,"Late Narayandas Bhawandas Chhabada Institute of Engineering & Technology, Satara",'0630524610,Information Technology,Un-Aided Autonomous Home University : Autonomous Institute,Autonomous Institute,LOPENS,106516,64.7131860,L,S,OPEN,B.Tech,2025,4
'06307,"Dhole Patil Education Society, Dhole Patil College of Engineering, Wagholi, Tal. Haveli",'0630724510,Computer Engineering,Un-Aided,Unknown,GOPENH,43020,87.3029561,G,H,OPEN,B.Tech,2025,4
'06307,"Dhole Patil Education Society, Dhole Patil College of Engineering, Wagholi, Tal. Haveli",'0630724510,Computer Engineering,Un-Aided,Unknown,GOBCH,46305,86.2326458,G,H,OBC,B.Tech,2025,4
'06307,"Dhole Patil Education Society, Dhole Patil College of Engineering, Wagholi, Tal. Haveli",'0630724510,Computer Engineering,Un-Aided,Unknown,LOPENH,38004,88.7700729,L,H,OPEN,B.Tech,2025,4
'06307,"Dhole Patil Education Society, Dhole Patil College of Engineering, Wagholi, Tal. Haveli",'0630724510,Computer Engineering,Un-Aided,Unknown,PWDOPENH,44009,86.9322507,P,H,PWD,B.Tech,2025,4
'06307,"Dhole Patil Education Society, Dhole Patil College of Engineering, Wagholi, Tal. Haveli",'0630724510,Computer Engineering,Un-Aided,Unknown,PWDSCH,68083,79.3004726,P,H,PWD,B.Tech,2025,4
'06307,"Dhole Patil Education Society, Dhole Patil College of Engineering, Wagholi, Tal. Haveli",'0630724510,Computer Engineering,Un-Aided,Unknown,GSTH,44563,86.6827486,G,H,ST,B.Tech,2025,4
'06307,"Dhole Patil Education Society, Dhole Patil College of Engineering, Wagholi, Tal. Haveli",'0630724610,Information Technology,Un-Aided,Unknown,GOPENO,39822,88.1880330,G,O,OPEN,B.Tech,2025,4
'06307,"Dhole Patil Education Society, Dhole Patil College of Engineering, Wagholi, Tal. Haveli",'0630724610,Information Technology,Un-Aided,Unknown,GOBCO,44304,86.7202099,G,O,OBC,B.Tech,2025,4
'06307,"Dhole Patil Education Society, Dhole Patil College of Engineering, Wagholi, Tal. Haveli",'0630724610,Information Technology,Un-Aided,Unknown,LOPENO,43211,87.2335313,L,O,OPEN,B.Tech,2025,4
'06307,"Dhole Patil Education Society, Dhole Patil College of Engineering, Wagholi, Tal. Haveli",'0630724610,Information Technology,Un-Aided,Unknown,LSEBCO,52822,84.1131441,L,O,SEBC,B.Tech,2025,4
'06307,"Dhole Patil Education Society, Dhole Patil College of Engineering, Wagholi, Tal. Haveli",'0630737210,Electronics and Telecommunication Engg,Un-Aided,Unknown,GOPENH,66166,79.8919296,G,H,OPEN,B.Tech,2025,4
'06307,"Dhole Patil Education Society, Dhole Patil College of Engineering, Wagholi, Tal. Haveli",'0630737210,Electronics and Telecommunication Engg,Un-Aided,Unknown,GSCH,114758,60.9090909,G,H,SC,B.Tech,2025,4
'06307,"Dhole Patil Education Society, Dhole Patil College of Engineering, Wagholi, Tal. Haveli",'0630737210,Electronics and Telecommunication Engg,Un-Aided,Unknown,GNT1H,88442,71.8197195,G,H,NT1,B.Tech,2025,4
'06307,"Dhole Patil Education Society, Dhole Patil College of Engineering, Wagholi, Tal. Haveli",'0630737210,Electronics and Telecommunication Engg,Un-Aided,Unknown,LOPENH,62128,81.1324174,L,H,OPEN,B.Tech,2025,4
'06307,"Dhole Patil Education Society, Dhole Patil College of Engineering, Wagholi, Tal. Haveli",'0630760210,Automobile Engineering,Un-Aided,Unknown,LOPENO,54054,83.7934335,L,O,OPEN,B.Tech,2025,4
'06308,"Shanti Education Society, A.G. Patil Institute of Technology, Soregaon, Solapur(North)",'0630819110,Civil Engineering,Un-Aided Home University : Punyashlok Ahilyadevi Holkar Solapur University,Punyashlok Ahilyadevi Holkar Solapur University,GOPENH,166132,32.5553935,G,H,OPEN,B.Tech,2025,4
'06308,"Shanti Education Society, A.G. Patil Institute of Technology, Soregaon, Solapur(North)",'0630819110,Civil Engineering,Un-Aided Home University : Punyashlok Ahilyadevi Holkar Solapur University,Punyashlok Ahilyadevi Holkar Solapur University,GVJH,180788,22.1740686,G,H,VJ,B.Tech,2025,4
'06308,"Shanti Education Society, A.G. Patil Institute of Technology, Soregaon, Solapur(North)",'0630819110,Civil Engineering,Un-Aided Home University : Punyashlok Ahilyadevi Holkar Solapur University,Punyashlok Ahilyadevi Holkar Solapur University,LOPENH,158248,38.7925588,L,H,OPEN,B.Tech,2025,4
'06308,"Shanti Education Society, A.G. Patil Institute of Technology, Soregaon, Solapur(North)",'0630819110,Civil Engineering,Un-Aided Home University : Punyashlok Ahilyadevi Holkar Solapur University,Punyashlok Ahilyadevi Holkar Solapur University,LOBCH,193045,11.7097752,L,H,OBC,B.Tech,2025,4
'06308,"Shanti Education Society, A.G. Patil Institute of Technology, Soregaon, Solapur(North)",'0630819110,Civil Engineering,Un-Aided Home University : Punyashlok Ahilyadevi Holkar Solapur University,Punyashlok Ahilyadevi Holkar Solapur University,PWDOPENH,181749,22.0346747,P,H,PWD,B.Tech,2025,4
'06308,"Shanti Education Society, A.G. Patil Institute of Technology, Soregaon, Solapur(North)",'0630819110,Civil Engineering,Un-Aided Home University : Punyashlok Ahilyadevi Holkar Solapur University,Punyashlok Ahilyadevi Holkar Solapur University,PWDOBCH,195957,9.0142807,P,H,PWD,B.Tech,2025,4
'06308,"Shanti Education Society, A.G. Patil Institute of Technology, Soregaon, Solapur(North)",'0630819110,Civil Engineering,Un-Aided Home University : Punyashlok Ahilyadevi Holkar Solapur University,Punyashlok Ahilyadevi Holkar Solapur University,GNT2H,182984,20.6428039,G,H,NT2,B.Tech,2025,4
'06308,"Shanti Education Society, A.G. Patil Institute of Technology, Soregaon, Solapur(North)",'0630824510,Computer Engineering,Un-Aided Home University : Punyashlok Ahilyadevi Holkar Solapur University,Punyashlok Ahilyadevi Holkar Solapur University,PWDOPENH,83169,73.6345056,P,H,PWD,B.Tech,2025,4
'06308,"Shanti Education Society, A.G. Patil Institute of Technology, Soregaon, Solapur(North)",'0630837210,Electronics and Telecommunication Engg,Un-Aided Home University : Punyashlok Ahilyadevi Holkar Solapur University,Punyashlok Ahilyadevi Holkar Solapur University,GOPENH,115937,60.6344780,G,H,OPEN,B.Tech,2025,4
'06308,"Shanti Education Society, A.G. Patil Institute of Technology, Soregaon, Solapur(North)",'0630837210,Electronics and Telecommunication Engg,Un-Aided Home University : Punyashlok Ahilyadevi Holkar Solapur University,Punyashlok Ahilyadevi Holkar Solapur University,LOBCH,150042,43.4652257,L,H,OBC,B.Tech,2025,4
'06308,"Shanti Education Society, A.G. Patil Institute of Technology, Soregaon, Solapur(North)",'0630837210,Electronics and Telecommunication Engg,Un-Aided Home University : Punyashlok Ahilyadevi Holkar Solapur University,Punyashlok Ahilyadevi Holkar Solapur University,PWDOPENH,135411,50.9683037,P,H,PWD,B.Tech,2025,4
'06308,"Shanti Education Society, A.G. Patil Institute of Technology, Soregaon, Solapur(North)",'0630837210,Electronics and Telecommunication Engg,Un-Aided Home University : Punyashlok Ahilyadevi Holkar Solapur University,Punyashlok Ahilyadevi Holkar Solapur University,GSTH,144197,46.7613499,G,H,ST,B.Tech,2025,4
'06308,"Shanti Education Society, A.G. Patil Institute of Technology, Soregaon, Solapur(North)",'0630861210,Mechanical Engineering,Un-Aided Home University : Punyashlok Ahilyadevi Holkar Solapur University,Punyashlok Ahilyadevi Holkar Solapur University,GOPENH,145571,45.9816283,G,H,OPEN,B.Tech,2025,4
'06308,"Shanti Education Society, A.G. Patil Institute of Technology, Soregaon, Solapur(North)",'0630861210,Mechanical Engineering,Un-Aided Home University : Punyashlok Ahilyadevi Holkar Solapur University,Punyashlok Ahilyadevi Holkar Solapur University,GVJH,162603,35.7798895,G,H,VJ,B.Tech,2025,4
'06308,"Shanti Education Society, A.G. Patil Institute of Technology, Soregaon, Solapur(North)",'0630861210,Mechanical Engineering,Un-Aided Home University : Punyashlok Ahilyadevi Holkar Solapur University,Punyashlok Ahilyadevi Holkar Solapur University,GNT1H,188106,16.4425946,G,H,NT1,B.Tech,2025,4
'06308,"Shanti Education Society, A.G. Patil Institute of Technology, Soregaon, Solapur(North)",'0630861210,Mechanical Engineering,Un-Aided Home University : Punyashlok Ahilyadevi Holkar Solapur University,Punyashlok Ahilyadevi Holkar Solapur University,GOBCH,155127,39.9024730,G,H,OBC,B.Tech,2025,4
'06308,"Shanti Education Society, A.G. Patil Institute of Technology, Soregaon, Solapur(North)",'0630861210,Mechanical Engineering,Un-Aided Home University : Punyashlok Ahilyadevi Holkar Solapur University,Punyashlok Ahilyadevi Holkar Solapur University,LOBCH,199174,5.7167832,L,H,OBC,B.Tech,2025,4
'06308,"Shanti Education Society, A.G. Patil Institute of Technology, Soregaon, Solapur(North)",'0630861210,Mechanical Engineering,Un-Aided Home University : Punyashlok Ahilyadevi Holkar Solapur University,Punyashlok Ahilyadevi Holkar Solapur University,PWDOBCH,183443,20.2849168,P,H,PWD,B.Tech,2025,4
'06308,"Shanti Education Society, A.G. Patil Institute of Technology, Soregaon, Solapur(North)",'0630861210,Mechanical Engineering,Un-Aided Home University : Punyashlok Ahilyadevi Holkar Solapur University,Punyashlok Ahilyadevi Holkar Solapur University,GSCH,167379,32.1650475,G,H,SC,B.Tech,2025,4
'06310,"Nutan Maharashtra Vidya Prasarak Mandal, Nutan Maharashtra Institute of Engineering &Technology, Talegaon station, Pune",'0631024210,Computer Science and Engineering,Un-Aided Autonomous,Unknown,GOPENS,29864,91.2937063,G,S,OPEN,B.Tech,2025,4
'06310,"Nutan Maharashtra Vidya Prasarak Mandal, Nutan Maharashtra Institute of Engineering &Technology, Talegaon station, Pune",'0631024210,Computer Science and Engineering,Un-Aided Autonomous,Unknown,GSTS,166837,32.4837011,G,S,ST,B.Tech,2025,4
'06310,"Nutan Maharashtra Vidya Prasarak Mandal, Nutan Maharashtra Institute of Engineering &Technology, Talegaon station, Pune",'0631024210,Computer Science and Engineering,Un-Aided Autonomous,Unknown,GSEBCS,33585,90.1404001,G,S,SEBC,B.Tech,2025,4
'06310,"Nutan Maharashtra Vidya Prasarak Mandal, Nutan Maharashtra Institute of Engineering &Technology, Talegaon station, Pune",'0631024210,Computer Science and Engineering,Un-Aided Autonomous,Unknown,LOPENS,30269,91.0751777,L,S,OPEN,B.Tech,2025,4
'06310,"Nutan Maharashtra Vidya Prasarak Mandal, Nutan Maharashtra Institute of Engineering &Technology, Talegaon station, Pune",'0631024210,Computer Science and Engineering,Un-Aided Autonomous,Unknown,LSCS,49822,85.1002266,L,S,SC,B.Tech,2025,4
'06310,"Nutan Maharashtra Vidya Prasarak Mandal, Nutan Maharashtra Institute of Engineering &Technology, Talegaon station, Pune",'0631024210,Computer Science and Engineering,Un-Aided Autonomous,Unknown,LVJS,92776,70.5005064,L,S,VJ,B.Tech,2025,4
'06310,"Nutan Maharashtra Vidya Prasarak Mandal, Nutan Maharashtra Institute of Engineering &Technology, Talegaon station, Pune",'0631024210,Computer Science and Engineering,Un-Aided Autonomous,Unknown,DEFOPENS,48405,85.5729148,D,S,OPEN,B.Tech,2025,4
'06310,"Nutan Maharashtra Vidya Prasarak Mandal, Nutan Maharashtra Institute of Engineering &Technology, Talegaon station, Pune",'0631024210,Computer Science and Engineering,Un-Aided Autonomous,Unknown,EWS,56011,83.1060395,E,S,EWS,B.Tech,2025,4
'06310,"Nutan Maharashtra Vidya Prasarak Mandal, Nutan Maharashtra Institute of Engineering &Technology, Talegaon station, Pune",'0631024210,Computer Science and Engineering,Un-Aided Autonomous,Unknown,LSTS,22331,93.5191444,L,S,ST,B.Tech,2025,4
'06310,"Nutan Maharashtra Vidya Prasarak Mandal, Nutan Maharashtra Institute of Engineering &Technology, Talegaon station, Pune",'0631024510,Computer Engineering,Un-Aided Autonomous,Unknown,GOPENS,26740,92.2299976,G,S,OPEN,B.Tech,2025,4
'06310,"Nutan Maharashtra Vidya Prasarak Mandal, Nutan Maharashtra Institute of Engineering &Technology, Talegaon station, Pune",'0631024510,Computer Engineering,Un-Aided Autonomous,Unknown,GSCS,52892,84.1131441,G,S,SC,B.Tech,2025,4
'06310,"Nutan Maharashtra Vidya Prasarak Mandal, Nutan Maharashtra Institute of Engineering &Technology, Talegaon station, Pune",'0631024510,Computer Engineering,Un-Aided Autonomous,Unknown,GNT2S,37083,89.0680212,G,S,NT2,B.Tech,2025,4
'06310,"Nutan Maharashtra Vidya Prasarak Mandal, Nutan Maharashtra Institute of Engineering &Technology, Talegaon station, Pune",'0631024510,Computer Engineering,Un-Aided Autonomous,Unknown,GNT3S,35968,89.3717407,G,S,NT3,B.Tech,2025,4
'06310,"Nutan Maharashtra Vidya Prasarak Mandal, Nutan Maharashtra Institute of Engineering &Technology, Talegaon station, Pune",'0631024510,Computer Engineering,Un-Aided Autonomous,Unknown,GOBCS,28945,91.5026371,G,S,OBC,B.Tech,2025,4
'06310,"Nutan Maharashtra Vidya Prasarak Mandal, Nutan Maharashtra Institute of Engineering &Technology, Talegaon station, Pune",'0631024510,Computer Engineering,Un-Aided Autonomous,Unknown,GSEBCS,29160,91.4450061,G,S,SEBC,B.Tech,2025,4
'06310,"Nutan Maharashtra Vidya Prasarak Mandal, Nutan Maharashtra Institute of Engineering &Technology, Talegaon station, Pune",'0631024510,Computer Engineering,Un-Aided Autonomous,Unknown,LOPENS,26503,92.2575417,L,S,OPEN,B.Tech,2025,4
'06310,"Nutan Maharashtra Vidya Prasarak Mandal, Nutan Maharashtra Institute of Engineering &Technology, Talegaon station, Pune",'0631024510,Computer Engineering,Un-Aided Autonomous,Unknown,LSCS,64208,80.4732503,L,S,SC,B.Tech,2025,4
'06310,"Nutan Maharashtra Vidya Prasarak Mandal, Nutan Maharashtra Institute of Engineering &Technology, Talegaon station, Pune",'0631024510,Computer Engineering,Un-Aided Autonomous,Unknown,LVJS,103655,65.8992965,L,S,VJ,B.Tech,2025,4
'06310,"Nutan Maharashtra Vidya Prasarak Mandal, Nutan Maharashtra Institute of Engineering &Technology, Talegaon station, Pune",'0631024510,Computer Engineering,Un-Aided Autonomous,Unknown,LOBCS,28224,91.7377622,L,S,OBC,B.Tech,2025,4
'06310,"Nutan Maharashtra Vidya Prasarak Mandal, Nutan Maharashtra Institute of Engineering &Technology, Talegaon station, Pune",'0631024510,Computer Engineering,Un-Aided Autonomous,Unknown,DEFOPENS,56469,82.9717485,D,S,OPEN,B.Tech,2025,4
'06310,"Nutan Maharashtra Vidya Prasarak Mandal, Nutan Maharashtra Institute of Engineering &Technology, Talegaon station, Pune",'0631024510,Computer Engineering,Un-Aided Autonomous,Unknown,DEFOBCS,73544,77.1618860,D,S,OBC,B.Tech,2025,4
'06310,"Nutan Maharashtra Vidya Prasarak Mandal, Nutan Maharashtra Institute of Engineering &Technology, Talegaon station, Pune",'0631024510,Computer Engineering,Un-Aided Autonomous,Unknown,EWS,77407,75.6538462,E,S,EWS,B.Tech,2025,4
'06310,"Nutan Maharashtra Vidya Prasarak Mandal, Nutan Maharashtra Institute of Engineering &Technology, Talegaon station, Pune",'0631024510,Computer Engineering,Un-Aided Autonomous,Unknown,DEFSCS,55732,83.2103258,D,S,SC,B.Tech,2025,4
'06310,"Nutan Maharashtra Vidya Prasarak Mandal, Nutan Maharashtra Institute of Engineering &Technology, Talegaon station, Pune",'0631024510,Computer Engineering,Un-Aided Autonomous,Unknown,PWDOPENS,27244,92.0411007,P,S,PWD,B.Tech,2025,4
'06310,"Nutan Maharashtra Vidya Prasarak Mandal, Nutan Maharashtra Institute of Engineering &Technology, Talegaon station, Pune",'0631024510,Computer Engineering,Un-Aided Autonomous,Unknown,GSTS,29512,91.3523651,G,S,ST,B.Tech,2025,4
'06310,"Nutan Maharashtra Vidya Prasarak Mandal, Nutan Maharashtra Institute of Engineering &Technology, Talegaon station, Pune",'0631024510,Computer Engineering,Un-Aided Autonomous,Unknown,LSTS,29496,91.3523651,L,S,ST,B.Tech,2025,4
'06310,"Nutan Maharashtra Vidya Prasarak Mandal, Nutan Maharashtra Institute of Engineering &Technology, Talegaon station, Pune",'0631024510,Computer Engineering,Un-Aided Autonomous,Unknown,ORPHAN,29439,91.3593874,O,N,ORPHAN,B.Tech,2025,4
'06310,"Nutan Maharashtra Vidya Prasarak Mandal, Nutan Maharashtra Institute of Engineering &Technology, Talegaon station, Pune",'0631024610,Information Technology,Un-Aided Autonomous,Unknown,GOPENS,33063,90.3035355,G,S,OPEN,B.Tech,2025,4
'06310,"Nutan Maharashtra Vidya Prasarak Mandal, Nutan Maharashtra Institute of Engineering &Technology, Talegaon station, Pune",'0631024610,Information Technology,Un-Aided Autonomous,Unknown,GSCS,64527,80.3575863,G,S,SC,B.Tech,2025,4
'06310,"Nutan Maharashtra Vidya Prasarak Mandal, Nutan Maharashtra Institute of Engineering &Technology, Talegaon station, Pune",'0631024610,Information Technology,Un-Aided Autonomous,Unknown,GSTS,126347,55.6405756,G,S,ST,B.Tech,2025,4
'06310,"Nutan Maharashtra Vidya Prasarak Mandal, Nutan Maharashtra Institute of Engineering &Technology, Talegaon station, Pune",'0631024610,Information Technology,Un-Aided Autonomous,Unknown,GNT1S,46149,86.2351996,G,S,NT1,B.Tech,2025,4
'06310,"Nutan Maharashtra Vidya Prasarak Mandal, Nutan Maharashtra Institute of Engineering &Technology, Talegaon station, Pune",'0631024610,Information Technology,Un-Aided Autonomous,Unknown,GNT2S,41453,87.6872170,G,S,NT2,B.Tech,2025,4
'06310,"Nutan Maharashtra Vidya Prasarak Mandal, Nutan Maharashtra Institute of Engineering &Technology, Talegaon station, Pune",'0631024610,Information Technology,Un-Aided Autonomous,Unknown,GOBCS,34944,89.7089209,G,S,OBC,B.Tech,2025,4
'06310,"Nutan Maharashtra Vidya Prasarak Mandal, Nutan Maharashtra Institute of Engineering &Technology, Talegaon station, Pune",'0631024610,Information Technology,Un-Aided Autonomous,Unknown,GSEBCS,36419,89.2739334,G,S,SEBC,B.Tech,2025,4
'06310,"Nutan Maharashtra Vidya Prasarak Mandal, Nutan Maharashtra Institute of Engineering &Technology, Talegaon station, Pune",'0631024610,Information Technology,Un-Aided Autonomous,Unknown,LOPENS,32347,90.5015276,L,S,OPEN,B.Tech,2025,4
'06310,"Nutan Maharashtra Vidya Prasarak Mandal, Nutan Maharashtra Institute of Engineering &Technology, Talegaon station, Pune",'0631024610,Information Technology,Un-Aided Autonomous,Unknown,LOBCS,34056,89.9884696,L,S,OBC,B.Tech,2025,4
'06310,"Nutan Maharashtra Vidya Prasarak Mandal, Nutan Maharashtra Institute of Engineering &Technology, Talegaon station, Pune",'0631024610,Information Technology,Un-Aided Autonomous,Unknown,LSEBCS,34659,89.8391608,L,S,SEBC,B.Tech,2025,4
'06310,"Nutan Maharashtra Vidya Prasarak Mandal, Nutan Maharashtra Institute of Engineering &Technology, Talegaon station, Pune",'0631024610,Information Technology,Un-Aided Autonomous,Unknown,DEFOPENS,63144,80.9669596,D,S,OPEN,B.Tech,2025,4
'06310,"Nutan Maharashtra Vidya Prasarak Mandal, Nutan Maharashtra Institute of Engineering &Technology, Talegaon station, Pune",'0631024610,Information Technology,Un-Aided Autonomous,Unknown,EWS,87412,72.1363369,E,S,EWS,B.Tech,2025,4
'06310,"Nutan Maharashtra Vidya Prasarak Mandal, Nutan Maharashtra Institute of Engineering &Technology, Talegaon station, Pune",'0631024610,Information Technology,Un-Aided Autonomous,Unknown,LSTS,34024,90.0175917,L,S,ST,B.Tech,2025,4
'06310,"Nutan Maharashtra Vidya Prasarak Mandal, Nutan Maharashtra Institute of Engineering &Technology, Talegaon station, Pune",'0631037210,Electronics and Telecommunication Engg,Un-Aided Autonomous,Unknown,GOPENS,37342,88.9773781,G,S,OPEN,B.Tech,2025,4
'06310,"Nutan Maharashtra Vidya Prasarak Mandal, Nutan Maharashtra Institute of Engineering &Technology, Talegaon station, Pune",'0631037210,Electronics and Telecommunication Engg,Un-Aided Autonomous,Unknown,GSCS,64754,80.3531469,G,S,SC,B.Tech,2025,4
'06310,"Nutan Maharashtra Vidya Prasarak Mandal, Nutan Maharashtra Institute of Engineering &Technology, Talegaon station, Pune",'0631037210,Electronics and Telecommunication Engg,Un-Aided Autonomous,Unknown,GNT2S,49163,85.2215842,G,S,NT2,B.Tech,2025,4
'06310,"Nutan Maharashtra Vidya Prasarak Mandal, Nutan Maharashtra Institute of Engineering &Technology, Talegaon station, Pune",'0631037210,Electronics and Telecommunication Engg,Un-Aided Autonomous,Unknown,GOBCS,42357,87.4115391,G,S,OBC,B.Tech,2025,4
'06310,"Nutan Maharashtra Vidya Prasarak Mandal, Nutan Maharashtra Institute of Engineering &Technology, Talegaon station, Pune",'0631037210,Electronics and Telecommunication Engg,Un-Aided Autonomous,Unknown,GSEBCS,44466,86.7181467,G,S,SEBC,B.Tech,2025,4
'06310,"Nutan Maharashtra Vidya Prasarak Mandal, Nutan Maharashtra Institute of Engineering &Technology, Talegaon station, Pune",'0631037210,Electronics and Telecommunication Engg,Un-Aided Autonomous,Unknown,LOPENS,36503,89.2727273,L,S,OPEN,B.Tech,2025,4
'06310,"Nutan Maharashtra Vidya Prasarak Mandal, Nutan Maharashtra Institute of Engineering &Technology, Talegaon station, Pune",'0631037210,Electronics and Telecommunication Engg,Un-Aided Autonomous,Unknown,LNT2S,46932,85.9646097,L,S,NT2,B.Tech,2025,4
'06310,"Nutan Maharashtra Vidya Prasarak Mandal, Nutan Maharashtra Institute of Engineering &Technology, Talegaon station, Pune",'0631037210,Electronics and Telecommunication Engg,Un-Aided Autonomous,Unknown,LOBCS,40654,87.9466479,L,S,OBC,B.Tech,2025,4
'06310,"Nutan Maharashtra Vidya Prasarak Mandal, Nutan Maharashtra Institute of Engineering &Technology, Talegaon station, Pune",'0631037210,Electronics and Telecommunication Engg,Un-Aided Autonomous,Unknown,TFWS,38295,88.6801020,T,S,TFWS,B.Tech,2025,4
'06310,"Nutan Maharashtra Vidya Prasarak Mandal, Nutan Maharashtra Institute of Engineering &Technology, Talegaon station, Pune",'0631037210,Electronics and Telecommunication Engg,Un-Aided Autonomous,Unknown,EWS,111242,62.8632493,E,S,EWS,B.Tech,2025,4
'06310,"Nutan Maharashtra Vidya Prasarak Mandal, Nutan Maharashtra Institute of Engineering &Technology, Talegaon station, Pune",'0631037210,Electronics and Telecommunication Engg,Un-Aided Autonomous,Unknown,PWDOBCS,35513,89.5355262,P,S,PWD,B.Tech,2025,4
'06310,"Nutan Maharashtra Vidya Prasarak Mandal, Nutan Maharashtra Institute of Engineering &Technology, Talegaon station, Pune",'0631037210,Electronics and Telecommunication Engg,Un-Aided Autonomous,Unknown,GSTS,41002,87.9235179,G,S,ST,B.Tech,2025,4
'06310,"Nutan Maharashtra Vidya Prasarak Mandal, Nutan Maharashtra Institute of Engineering &Technology, Talegaon station, Pune",'0631061210,Mechanical Engineering,Un-Aided Autonomous,Unknown,GOPENS,57872,82.4521073,G,S,OPEN,B.Tech,2025,4
'06310,"Nutan Maharashtra Vidya Prasarak Mandal, Nutan Maharashtra Institute of Engineering &Technology, Talegaon station, Pune",'0631061210,Mechanical Engineering,Un-Aided Autonomous,Unknown,GNT2S,107735,64.2631037,G,S,NT2,B.Tech,2025,4
'06310,"Nutan Maharashtra Vidya Prasarak Mandal, Nutan Maharashtra Institute of Engineering &Technology, Talegaon station, Pune",'0631061210,Mechanical Engineering,Un-Aided Autonomous,Unknown,GOBCS,71344,78.2722320,G,S,OBC,B.Tech,2025,4
'06310,"Nutan Maharashtra Vidya Prasarak Mandal, Nutan Maharashtra Institute of Engineering &Technology, Talegaon station, Pune",'0631061210,Mechanical Engineering,Un-Aided Autonomous,Unknown,GSEBCS,67718,79.4832155,G,S,SEBC,B.Tech,2025,4
'06310,"Nutan Maharashtra Vidya Prasarak Mandal, Nutan Maharashtra Institute of Engineering &Technology, Talegaon station, Pune",'0631061210,Mechanical Engineering,Un-Aided Autonomous,Unknown,LOPENS,45339,86.5527540,L,S,OPEN,B.Tech,2025,4
'06310,"Nutan Maharashtra Vidya Prasarak Mandal, Nutan Maharashtra Institute of Engineering &Technology, Talegaon station, Pune",'0631061210,Mechanical Engineering,Un-Aided Autonomous,Unknown,LSEBCS,96555,68.9620341,L,S,SEBC,B.Tech,2025,4
'06310,"Nutan Maharashtra Vidya Prasarak Mandal, Nutan Maharashtra Institute of Engineering &Technology, Talegaon station, Pune",'0631061210,Mechanical Engineering,Un-Aided Autonomous,Unknown,TFWS,64991,80.0000000,T,S,TFWS,B.Tech,2025,4
'06310,"Nutan Maharashtra Vidya Prasarak Mandal, Nutan Maharashtra Institute of Engineering &Technology, Talegaon station, Pune",'0631061210,Mechanical Engineering,Un-Aided Autonomous,Unknown,GSTS,62587,81.0403668,G,S,ST,B.Tech,2025,4
'06310,"Nutan Maharashtra Vidya Prasarak Mandal, Nutan Maharashtra Institute of Engineering &Technology, Talegaon station, Pune",'0631084410,Electronics and Computer Engineering,Un-Aided Autonomous,Unknown,GOPENS,40022,88.1387307,G,S,OPEN,B.Tech,2025,4
'06310,"Nutan Maharashtra Vidya Prasarak Mandal, Nutan Maharashtra Institute of Engineering &Technology, Talegaon station, Pune",'0631084410,Electronics and Computer Engineering,Un-Aided Autonomous,Unknown,GOBCS,41222,87.7787039,G,S,OBC,B.Tech,2025,4
'06310,"Nutan Maharashtra Vidya Prasarak Mandal, Nutan Maharashtra Institute of Engineering &Technology, Talegaon station, Pune",'0631084410,Electronics and Computer Engineering,Un-Aided Autonomous,Unknown,LOPENS,35333,89.6391842,L,S,OPEN,B.Tech,2025,4
'06310,"Nutan Maharashtra Vidya Prasarak Mandal, Nutan Maharashtra Institute of Engineering &Technology, Talegaon station, Pune",'0631084410,Electronics and Computer Engineering,Un-Aided Autonomous,Unknown,LOBCS,36690,89.1962092,L,S,OBC,B.Tech,2025,4
'06310,"Nutan Maharashtra Vidya Prasarak Mandal, Nutan Maharashtra Institute of Engineering &Technology, Talegaon station, Pune",'0631084410,Electronics and Computer Engineering,Un-Aided Autonomous,Unknown,LSEBCS,41696,87.6831328,L,S,SEBC,B.Tech,2025,4
'06310,"Nutan Maharashtra Vidya Prasarak Mandal, Nutan Maharashtra Institute of Engineering &Technology, Talegaon station, Pune",'0631084410,Electronics and Computer Engineering,Un-Aided Autonomous,Unknown,EWS,129656,54.1537389,E,S,EWS,B.Tech,2025,4
'06310,"Nutan Maharashtra Vidya Prasarak Mandal, Nutan Maharashtra Institute of Engineering &Technology, Talegaon station, Pune",'0631091310,Computer Science and Engineering (Artificial Intelligence),Un-Aided Autonomous,Unknown,GOPENS,31806,90.6674583,G,S,OPEN,B.Tech,2025,4
'06310,"Nutan Maharashtra Vidya Prasarak Mandal, Nutan Maharashtra Institute of Engineering &Technology, Talegaon station, Pune",'0631091310,Computer Science and Engineering (Artificial Intelligence),Un-Aided Autonomous,Unknown,GNT3S,37102,89.0680212,G,S,NT3,B.Tech,2025,4
'06310,"Nutan Maharashtra Vidya Prasarak Mandal, Nutan Maharashtra Institute of Engineering &Technology, Talegaon station, Pune",'0631091310,Computer Science and Engineering (Artificial Intelligence),Un-Aided Autonomous,Unknown,LOPENS,25325,92.6059167,L,S,OPEN,B.Tech,2025,4
'06310,"Nutan Maharashtra Vidya Prasarak Mandal, Nutan Maharashtra Institute of Engineering &Technology, Talegaon station, Pune",'0631091310,Computer Science and Engineering (Artificial Intelligence),Un-Aided Autonomous,Unknown,LSCS,53827,83.8802370,L,S,SC,B.Tech,2025,4
'06310,"Nutan Maharashtra Vidya Prasarak Mandal, Nutan Maharashtra Institute of Engineering &Technology, Talegaon station, Pune",'0631099510,Artificial Intelligence and Data Science,Un-Aided Autonomous,Unknown,GOPENS,30922,90.9306237,G,S,OPEN,B.Tech,2025,4
'06310,"Nutan Maharashtra Vidya Prasarak Mandal, Nutan Maharashtra Institute of Engineering &Technology, Talegaon station, Pune",'0631099510,Artificial Intelligence and Data Science,Un-Aided Autonomous,Unknown,GOBCS,33466,90.1551333,G,S,OBC,B.Tech,2025,4
'06310,"Nutan Maharashtra Vidya Prasarak Mandal, Nutan Maharashtra Institute of Engineering &Technology, Talegaon station, Pune",'0631099510,Artificial Intelligence and Data Science,Un-Aided Autonomous,Unknown,GSEBCS,34578,89.8391608,G,S,SEBC,B.Tech,2025,4
'06310,"Nutan Maharashtra Vidya Prasarak Mandal, Nutan Maharashtra Institute of Engineering &Technology, Talegaon station, Pune",'0631099510,Artificial Intelligence and Data Science,Un-Aided Autonomous,Unknown,LOPENS,33354,90.1610143,L,S,OPEN,B.Tech,2025,4
'06310,"Nutan Maharashtra Vidya Prasarak Mandal, Nutan Maharashtra Institute of Engineering &Technology, Talegaon station, Pune",'0631099510,Artificial Intelligence and Data Science,Un-Aided Autonomous,Unknown,LSCS,51519,84.5627208,L,S,SC,B.Tech,2025,4
'06310,"Nutan Maharashtra Vidya Prasarak Mandal, Nutan Maharashtra Institute of Engineering &Technology, Talegaon station, Pune",'0631099510,Artificial Intelligence and Data Science,Un-Aided Autonomous,Unknown,EWS,89088,71.5830116,E,S,EWS,B.Tech,2025,4
'06310,"Nutan Maharashtra Vidya Prasarak Mandal, Nutan Maharashtra Institute of Engineering &Technology, Talegaon station, Pune",'0631099510,Artificial Intelligence and Data Science,Un-Aided Autonomous,Unknown,PWDOPENS,32046,90.6221224,P,S,PWD,B.Tech,2025,4
'06311,"Jayawant Shikshan Prasarak Mandal, Bhivarabai Sawant Institute of Technology & Research, Wagholi",'0631124510,Computer Engineering,Un-Aided,Unknown,GOPENH,35363,89.5868952,G,H,OPEN,B.Tech,2025,4
'06311,"Jayawant Shikshan Prasarak Mandal, Bhivarabai Sawant Institute of Technology & Research, Wagholi",'0631124510,Computer Engineering,Un-Aided,Unknown,GSTH,122801,57.4376852,G,H,ST,B.Tech,2025,4
'06311,"Jayawant Shikshan Prasarak Mandal, Bhivarabai Sawant Institute of Technology & Research, Wagholi",'0631124510,Computer Engineering,Un-Aided,Unknown,GNT3H,40488,87.9825175,G,H,NT3,B.Tech,2025,4
'06311,"Jayawant Shikshan Prasarak Mandal, Bhivarabai Sawant Institute of Technology & Research, Wagholi",'0631124510,Computer Engineering,Un-Aided,Unknown,GOBCH,37279,88.9773781,G,H,OBC,B.Tech,2025,4
'06311,"Jayawant Shikshan Prasarak Mandal, Bhivarabai Sawant Institute of Technology & Research, Wagholi",'0631124510,Computer Engineering,Un-Aided,Unknown,GSEBCH,38594,88.6282029,G,H,SEBC,B.Tech,2025,4
'06311,"Jayawant Shikshan Prasarak Mandal, Bhivarabai Sawant Institute of Technology & Research, Wagholi",'0631124510,Computer Engineering,Un-Aided,Unknown,LOPENH,35712,89.4914664,L,H,OPEN,B.Tech,2025,4
'06311,"Jayawant Shikshan Prasarak Mandal, Bhivarabai Sawant Institute of Technology & Research, Wagholi",'0631124510,Computer Engineering,Un-Aided,Unknown,LVJH,117138,60.3213757,L,H,VJ,B.Tech,2025,4
'06311,"Jayawant Shikshan Prasarak Mandal, Bhivarabai Sawant Institute of Technology & Research, Wagholi",'0631124510,Computer Engineering,Un-Aided,Unknown,LOBCH,38845,88.5563899,L,H,OBC,B.Tech,2025,4
'06311,"Jayawant Shikshan Prasarak Mandal, Bhivarabai Sawant Institute of Technology & Research, Wagholi",'0631124510,Computer Engineering,Un-Aided,Unknown,PWDOBCH,39846,88.1880330,P,H,PWD,B.Tech,2025,4
'06311,"Jayawant Shikshan Prasarak Mandal, Bhivarabai Sawant Institute of Technology & Research, Wagholi",'0631124610,Information Technology,Un-Aided,Unknown,GOPENH,37724,88.8689717,G,H,OPEN,B.Tech,2025,4
'06311,"Jayawant Shikshan Prasarak Mandal, Bhivarabai Sawant Institute of Technology & Research, Wagholi",'0631124610,Information Technology,Un-Aided,Unknown,GSEBCH,44201,86.9194446,G,H,SEBC,B.Tech,2025,4
'06311,"Jayawant Shikshan Prasarak Mandal, Bhivarabai Sawant Institute of Technology & Research, Wagholi",'0631124610,Information Technology,Un-Aided,Unknown,LOPENH,38691,88.5573886,L,H,OPEN,B.Tech,2025,4
'06311,"Jayawant Shikshan Prasarak Mandal, Bhivarabai Sawant Institute of Technology & Research, Wagholi",'0631124610,Information Technology,Un-Aided,Unknown,GSTH,42918,87.3181818,G,H,ST,B.Tech,2025,4
'06311,"Jayawant Shikshan Prasarak Mandal, Bhivarabai Sawant Institute of Technology & Research, Wagholi",'0631124610,Information Technology,Un-Aided,Unknown,LSTH,41997,87.5666075,L,H,ST,B.Tech,2025,4
'06311,"Jayawant Shikshan Prasarak Mandal, Bhivarabai Sawant Institute of Technology & Research, Wagholi",'0631129310,Electrical Engineering,Un-Aided,Unknown,GOPENO,34145,89.9860676,G,O,OPEN,B.Tech,2025,4
'06311,"Jayawant Shikshan Prasarak Mandal, Bhivarabai Sawant Institute of Technology & Research, Wagholi",'0631129310,Electrical Engineering,Un-Aided,Unknown,GSCO,47525,85.8824755,G,O,SC,B.Tech,2025,4
'06311,"Jayawant Shikshan Prasarak Mandal, Bhivarabai Sawant Institute of Technology & Research, Wagholi",'0631129310,Electrical Engineering,Un-Aided,Unknown,GSEBCO,34162,89.9860676,G,O,SEBC,B.Tech,2025,4
'06311,"Jayawant Shikshan Prasarak Mandal, Bhivarabai Sawant Institute of Technology & Research, Wagholi",'0631129310,Electrical Engineering,Un-Aided,Unknown,LOBCO,37676,88.8689717,L,O,OBC,B.Tech,2025,4
'06311,"Jayawant Shikshan Prasarak Mandal, Bhivarabai Sawant Institute of Technology & Research, Wagholi",'0631129310,Electrical Engineering,Un-Aided,Unknown,GSTO,34487,89.8520525,G,O,ST,B.Tech,2025,4
'06311,"Jayawant Shikshan Prasarak Mandal, Bhivarabai Sawant Institute of Technology & Research, Wagholi",'0631137210,Electronics and Telecommunication Engg,Un-Aided,Unknown,GOPENH,46203,86.2351996,G,H,OPEN,B.Tech,2025,4
'06311,"Jayawant Shikshan Prasarak Mandal, Bhivarabai Sawant Institute of Technology & Research, Wagholi",'0631137210,Electronics and Telecommunication Engg,Un-Aided,Unknown,GOBCH,49767,85.1139120,G,H,OBC,B.Tech,2025,4
'06311,"Jayawant Shikshan Prasarak Mandal, Bhivarabai Sawant Institute of Technology & Research, Wagholi",'0631137210,Electronics and Telecommunication Engg,Un-Aided,Unknown,LOPENH,39748,88.2484746,L,H,OPEN,B.Tech,2025,4
'06311,"Jayawant Shikshan Prasarak Mandal, Bhivarabai Sawant Institute of Technology & Research, Wagholi",'0631137210,Electronics and Telecommunication Engg,Un-Aided,Unknown,LOBCH,46160,86.2351996,L,H,OBC,B.Tech,2025,4
'06311,"Jayawant Shikshan Prasarak Mandal, Bhivarabai Sawant Institute of Technology & Research, Wagholi",'0631137210,Electronics and Telecommunication Engg,Un-Aided,Unknown,PWDOPENH,51913,84.4950314,P,H,PWD,B.Tech,2025,4
'06311,"Jayawant Shikshan Prasarak Mandal, Bhivarabai Sawant Institute of Technology & Research, Wagholi",'0631137210,Electronics and Telecommunication Engg,Un-Aided,Unknown,GSTH,49181,85.2215842,G,H,ST,B.Tech,2025,4
'06311,"Jayawant Shikshan Prasarak Mandal, Bhivarabai Sawant Institute of Technology & Research, Wagholi",'0631161210,Mechanical Engineering,Un-Aided,Unknown,GOPENH,75238,76.8955509,G,H,OPEN,B.Tech,2025,4
'06311,"Jayawant Shikshan Prasarak Mandal, Bhivarabai Sawant Institute of Technology & Research, Wagholi",'0631161210,Mechanical Engineering,Un-Aided,Unknown,GVJH,89707,71.5562808,G,H,VJ,B.Tech,2025,4
'06311,"Jayawant Shikshan Prasarak Mandal, Bhivarabai Sawant Institute of Technology & Research, Wagholi",'0631161210,Mechanical Engineering,Un-Aided,Unknown,GOBCH,83106,73.6345056,G,H,OBC,B.Tech,2025,4
'06311,"Jayawant Shikshan Prasarak Mandal, Bhivarabai Sawant Institute of Technology & Research, Wagholi",'0631161210,Mechanical Engineering,Un-Aided,Unknown,GSEBCH,83396,73.6345056,G,H,SEBC,B.Tech,2025,4
'06311,"Jayawant Shikshan Prasarak Mandal, Bhivarabai Sawant Institute of Technology & Research, Wagholi",'0631161210,Mechanical Engineering,Un-Aided,Unknown,LOPENH,77096,75.8001957,L,H,OPEN,B.Tech,2025,4
'06311,"Jayawant Shikshan Prasarak Mandal, Bhivarabai Sawant Institute of Technology & Research, Wagholi",'0631161210,Mechanical Engineering,Un-Aided,Unknown,LOBCH,93225,70.2033567,L,H,OBC,B.Tech,2025,4
'06313,"Jaywant College of Engineering & Polytechnic , Kille Macchindragad Tal. Walva District- Sangali",'0631319110,Civil Engineering,Un-Aided Home University : Shivaji University,Shivaji University,GOPENO,195863,9.1134840,G,O,OPEN,B.Tech,2025,4
'06313,"Jaywant College of Engineering & Polytechnic , Kille Macchindragad Tal. Walva District- Sangali",'0631324510,Computer Engineering,Un-Aided Home University : Shivaji University,Shivaji University,GOBCO,120187,58.6907687,G,O,OBC,B.Tech,2025,4
'06313,"Jaywant College of Engineering & Polytechnic , Kille Macchindragad Tal. Walva District- Sangali",'0631326310,Artificial Intelligence (AI) and Data Science,Un-Aided Home University : Shivaji University,Shivaji University,GSTH,163475,35.5422955,G,H,ST,B.Tech,2025,4
'06313,"Jaywant College of Engineering & Polytechnic , Kille Macchindragad Tal. Walva District- Sangali",'0631329310,Electrical Engineering,Un-Aided Home University : Shivaji University,Shivaji University,GNT2H,191623,13.2717448,G,H,NT2,B.Tech,2025,4
'06313,"Jaywant College of Engineering & Polytechnic , Kille Macchindragad Tal. Walva District- Sangali",'0631337210,Electronics and Telecommunication Engg,Un-Aided Home University : Shivaji University,Shivaji University,GOPENO,180284,22.4248107,G,O,OPEN,B.Tech,2025,4
'06315,Sanjeevan Group of Institutions,'0631519110,Civil Engineering,Un-Aided Home University : Shivaji University,Shivaji University,GOPENH,141337,47.8905633,G,H,OPEN,B.Tech,2025,4
'06315,Sanjeevan Group of Institutions,'0631519110,Civil Engineering,Un-Aided Home University : Shivaji University,Shivaji University,GOBCH,195025,9.9651616,G,H,OBC,B.Tech,2025,4
'06315,Sanjeevan Group of Institutions,'0631519110,Civil Engineering,Un-Aided Home University : Shivaji University,Shivaji University,LOBCH,200384,4.3679994,L,H,OBC,B.Tech,2025,4
'06315,Sanjeevan Group of Institutions,'0631519110,Civil Engineering,Un-Aided Home University : Shivaji University,Shivaji University,PWDOPENH,159717,37.1950556,P,H,PWD,B.Tech,2025,4
'06315,Sanjeevan Group of Institutions,'0631519110,Civil Engineering,Un-Aided Home University : Shivaji University,Shivaji University,GSCH,165671,32.6791073,G,H,SC,B.Tech,2025,4
'06315,Sanjeevan Group of Institutions,'0631524210,Computer Science and Engineering,Un-Aided Home University : Shivaji University,Shivaji University,GOPENH,131143,53.6060165,G,H,OPEN,B.Tech,2025,4
'06315,Sanjeevan Group of Institutions,'0631524210,Computer Science and Engineering,Un-Aided Home University : Shivaji University,Shivaji University,GNT2H,192937,11.8670556,G,H,NT2,B.Tech,2025,4
'06315,Sanjeevan Group of Institutions,'0631524210,Computer Science and Engineering,Un-Aided Home University : Shivaji University,Shivaji University,GOBCH,192104,12.9554081,G,H,OBC,B.Tech,2025,4
'06315,Sanjeevan Group of Institutions,'0631524210,Computer Science and Engineering,Un-Aided Home University : Shivaji University,Shivaji University,LOPENH,146399,45.3566434,L,H,OPEN,B.Tech,2025,4
'06315,Sanjeevan Group of Institutions,'0631524210,Computer Science and Engineering,Un-Aided Home University : Shivaji University,Shivaji University,LOBCH,155473,39.7546871,L,H,OBC,B.Tech,2025,4
'06315,Sanjeevan Group of Institutions,'0631524210,Computer Science and Engineering,Un-Aided Home University : Shivaji University,Shivaji University,LSEBCH,147737,44.2599775,L,H,SEBC,B.Tech,2025,4
'06315,Sanjeevan Group of Institutions,'0631529310,Electrical Engineering,Un-Aided Home University : Shivaji University,Shivaji University,GOPENH,152483,42.2674623,G,H,OPEN,B.Tech,2025,4
'06315,Sanjeevan Group of Institutions,'0631529310,Electrical Engineering,Un-Aided Home University : Shivaji University,Shivaji University,GSEBCH,170225,29.8059527,G,H,SEBC,B.Tech,2025,4
'06315,Sanjeevan Group of Institutions,'0631529310,Electrical Engineering,Un-Aided Home University : Shivaji University,Shivaji University,LNT2H,176322,25.5643537,L,H,NT2,B.Tech,2025,4
'06315,Sanjeevan Group of Institutions,'0631529310,Electrical Engineering,Un-Aided Home University : Shivaji University,Shivaji University,LSEBCH,152706,41.7471281,L,H,SEBC,B.Tech,2025,4
'06315,Sanjeevan Group of Institutions,'0631529310,Electrical Engineering,Un-Aided Home University : Shivaji University,Shivaji University,PWDOPENH,151755,42.7403863,P,H,PWD,B.Tech,2025,4
'06315,Sanjeevan Group of Institutions,'0631529310,Electrical Engineering,Un-Aided Home University : Shivaji University,Shivaji University,PWDOBCH,194403,10.7725189,P,H,PWD,B.Tech,2025,4
'06315,Sanjeevan Group of Institutions,'0631529310,Electrical Engineering,Un-Aided Home University : Shivaji University,Shivaji University,GSCH,162818,35.6771832,G,H,SC,B.Tech,2025,4
'06315,Sanjeevan Group of Institutions,'0631529310,Electrical Engineering,Un-Aided Home University : Shivaji University,Shivaji University,GSTH,179746,22.8933117,G,H,ST,B.Tech,2025,4
'06315,Sanjeevan Group of Institutions,'0631529310,Electrical Engineering,Un-Aided Home University : Shivaji University,Shivaji University,GNT3H,178022,24.8659004,G,H,NT3,B.Tech,2025,4
'06315,Sanjeevan Group of Institutions,'0631529310,Electrical Engineering,Un-Aided Home University : Shivaji University,Shivaji University,GOBCH,177330,25.0722391,G,H,OBC,B.Tech,2025,4
'06315,Sanjeevan Group of Institutions,'0631529310,Electrical Engineering,Un-Aided Home University : Shivaji University,Shivaji University,LNT1H,163869,35.4407253,L,H,NT1,B.Tech,2025,4
'06315,Sanjeevan Group of Institutions,'0631561210,Mechanical Engineering,Un-Aided Home University : Shivaji University,Shivaji University,GOBCH,182714,21.3037657,G,H,OBC,B.Tech,2025,4
'06315,Sanjeevan Group of Institutions,'0631561210,Mechanical Engineering,Un-Aided Home University : Shivaji University,Shivaji University,LOPENH,151752,42.7403863,L,H,OPEN,B.Tech,2025,4
'06315,Sanjeevan Group of Institutions,'0631561210,Mechanical Engineering,Un-Aided Home University : Shivaji University,Shivaji University,PWDOPENH,134898,51.1762787,P,H,PWD,B.Tech,2025,4
'06315,Sanjeevan Group of Institutions,'0631584410,Electronics and Computer Engineering,Un-Aided Home University : Shivaji University,Shivaji University,GOPENO,153908,40.6822054,G,O,OPEN,B.Tech,2025,4
'06315,Sanjeevan Group of Institutions,'0631584410,Electronics and Computer Engineering,Un-Aided Home University : Shivaji University,Shivaji University,GNT1O,191574,13.2717448,G,O,NT1,B.Tech,2025,4
'06315,Sanjeevan Group of Institutions,'0631584410,Electronics and Computer Engineering,Un-Aided Home University : Shivaji University,Shivaji University,GOBCO,188418,15.9545455,G,O,OBC,B.Tech,2025,4
'06315,Sanjeevan Group of Institutions,'0631584410,Electronics and Computer Engineering,Un-Aided Home University : Shivaji University,Shivaji University,GSTO,158211,38.7925588,G,O,ST,B.Tech,2025,4
'06315,Sanjeevan Group of Institutions,'0631584410,Electronics and Computer Engineering,Un-Aided Home University : Shivaji University,Shivaji University,GVJO,162655,35.7798895,G,O,VJ,B.Tech,2025,4
'06315,Sanjeevan Group of Institutions,'0631592110,Artificial Intelligence and Machine Learning,Un-Aided Home University : Shivaji University,Shivaji University,GOBCH,138640,49.6043895,G,H,OBC,B.Tech,2025,4
'06317,"Sharad Institute of Technology College of Engineering, Yadrav(Ichalkaranji)",'0631719110,Civil Engineering,Un-Aided Autonomous Home University : Autonomous Institute,Autonomous Institute,GOPENS,117834,59.9607019,G,S,OPEN,B.Tech,2025,4
'06317,"Sharad Institute of Technology College of Engineering, Yadrav(Ichalkaranji)",'0631719110,Civil Engineering,Un-Aided Autonomous Home University : Autonomous Institute,Autonomous Institute,LOPENS,106391,64.7131860,L,S,OPEN,B.Tech,2025,4
'06317,"Sharad Institute of Technology College of Engineering, Yadrav(Ichalkaranji)",'0631719110,Civil Engineering,Un-Aided Autonomous Home University : Autonomous Institute,Autonomous Institute,LOBCS,202646,1.5960564,L,S,OBC,B.Tech,2025,4
'06317,"Sharad Institute of Technology College of Engineering, Yadrav(Ichalkaranji)",'0631719110,Civil Engineering,Un-Aided Autonomous Home University : Autonomous Institute,Autonomous Institute,TFWS,104901,65.6307130,T,S,TFWS,B.Tech,2025,4
'06317,"Sharad Institute of Technology College of Engineering, Yadrav(Ichalkaranji)",'0631719110,Civil Engineering,Un-Aided Autonomous Home University : Autonomous Institute,Autonomous Institute,GVJS,118613,59.2797111,G,S,VJ,B.Tech,2025,4
'06317,"Sharad Institute of Technology College of Engineering, Yadrav(Ichalkaranji)",'0631724210,Computer Science and Engineering,Un-Aided Autonomous Home University : Autonomous Institute,Autonomous Institute,GOPENS,67175,79.6925092,G,S,OPEN,B.Tech,2025,4
'06317,"Sharad Institute of Technology College of Engineering, Yadrav(Ichalkaranji)",'0631724210,Computer Science and Engineering,Un-Aided Autonomous Home University : Autonomous Institute,Autonomous Institute,GSEBCS,91248,71.0971787,G,S,SEBC,B.Tech,2025,4
'06317,"Sharad Institute of Technology College of Engineering, Yadrav(Ichalkaranji)",'0631724210,Computer Science and Engineering,Un-Aided Autonomous Home University : Autonomous Institute,Autonomous Institute,LNT1S,110355,63.2914656,L,S,NT1,B.Tech,2025,4
'06317,"Sharad Institute of Technology College of Engineering, Yadrav(Ichalkaranji)",'0631724210,Computer Science and Engineering,Un-Aided Autonomous Home University : Autonomous Institute,Autonomous Institute,LOBCS,100010,67.8210479,L,S,OBC,B.Tech,2025,4
'06317,"Sharad Institute of Technology College of Engineering, Yadrav(Ichalkaranji)",'0631724210,Computer Science and Engineering,Un-Aided Autonomous Home University : Autonomous Institute,Autonomous Institute,PWDOPENS,54736,83.4924535,P,S,PWD,B.Tech,2025,4
'06317,"Sharad Institute of Technology College of Engineering, Yadrav(Ichalkaranji)",'0631724210,Computer Science and Engineering,Un-Aided Autonomous Home University : Autonomous Institute,Autonomous Institute,PWDSEBCS,87868,72.1028020,P,S,PWD,B.Tech,2025,4
'06317,"Sharad Institute of Technology College of Engineering, Yadrav(Ichalkaranji)",'0631724210,Computer Science and Engineering,Un-Aided Autonomous Home University : Autonomous Institute,Autonomous Institute,GNT3S,71598,78.2396759,G,S,NT3,B.Tech,2025,4
'06317,"Sharad Institute of Technology College of Engineering, Yadrav(Ichalkaranji)",'0631724210,Computer Science and Engineering,Un-Aided Autonomous Home University : Autonomous Institute,Autonomous Institute,LNT3S,66704,79.6986029,L,S,NT3,B.Tech,2025,4
'06317,"Sharad Institute of Technology College of Engineering, Yadrav(Ichalkaranji)",'0631724210,Computer Science and Engineering,Un-Aided Autonomous Home University : Autonomous Institute,Autonomous Institute,ORPHAN,68409,79.0279720,O,N,ORPHAN,B.Tech,2025,4
'06317,"Sharad Institute of Technology College of Engineering, Yadrav(Ichalkaranji)",'0631729310,Electrical Engineering,Un-Aided Autonomous Home University : Autonomous Institute,Autonomous Institute,GOPENS,86533,72.7429418,G,S,OPEN,B.Tech,2025,4
'06317,"Sharad Institute of Technology College of Engineering, Yadrav(Ichalkaranji)",'0631729310,Electrical Engineering,Un-Aided Autonomous Home University : Autonomous Institute,Autonomous Institute,GOBCS,140215,49.1540892,G,S,OBC,B.Tech,2025,4
'06317,"Sharad Institute of Technology College of Engineering, Yadrav(Ichalkaranji)",'0631729310,Electrical Engineering,Un-Aided Autonomous Home University : Autonomous Institute,Autonomous Institute,GSEBCS,139689,49.2256217,G,S,SEBC,B.Tech,2025,4
'06317,"Sharad Institute of Technology College of Engineering, Yadrav(Ichalkaranji)",'0631729310,Electrical Engineering,Un-Aided Autonomous Home University : Autonomous Institute,Autonomous Institute,LOPENS,93165,70.2628092,L,S,OPEN,B.Tech,2025,4
'06317,"Sharad Institute of Technology College of Engineering, Yadrav(Ichalkaranji)",'0631761210,Mechanical Engineering,Un-Aided Autonomous Home University : Autonomous Institute,Autonomous Institute,GOPENS,135633,50.9683037,G,S,OPEN,B.Tech,2025,4
'06317,"Sharad Institute of Technology College of Engineering, Yadrav(Ichalkaranji)",'0631761210,Mechanical Engineering,Un-Aided Autonomous Home University : Autonomous Institute,Autonomous Institute,GSCS,178863,23.4701479,G,S,SC,B.Tech,2025,4
'06317,"Sharad Institute of Technology College of Engineering, Yadrav(Ichalkaranji)",'0631761210,Mechanical Engineering,Un-Aided Autonomous Home University : Autonomous Institute,Autonomous Institute,GOBCS,149679,43.5338318,G,S,OBC,B.Tech,2025,4
'06317,"Sharad Institute of Technology College of Engineering, Yadrav(Ichalkaranji)",'0631761210,Mechanical Engineering,Un-Aided Autonomous Home University : Autonomous Institute,Autonomous Institute,GSEBCS,141576,47.8015007,G,S,SEBC,B.Tech,2025,4
'06317,"Sharad Institute of Technology College of Engineering, Yadrav(Ichalkaranji)",'0631761210,Mechanical Engineering,Un-Aided Autonomous Home University : Autonomous Institute,Autonomous Institute,LOBCS,147611,44.2599775,L,S,OBC,B.Tech,2025,4
'06317,"Sharad Institute of Technology College of Engineering, Yadrav(Ichalkaranji)",'0631761210,Mechanical Engineering,Un-Aided Autonomous Home University : Autonomous Institute,Autonomous Institute,EWS,122800,57.4376852,E,S,EWS,B.Tech,2025,4
'06317,"Sharad Institute of Technology College of Engineering, Yadrav(Ichalkaranji)",'0631761210,Mechanical Engineering,Un-Aided Autonomous Home University : Autonomous Institute,Autonomous Institute,DEFOPENS,143638,47.0502678,D,S,OPEN,B.Tech,2025,4
'06317,"Sharad Institute of Technology College of Engineering, Yadrav(Ichalkaranji)",'0631761210,Mechanical Engineering,Un-Aided Autonomous Home University : Autonomous Institute,Autonomous Institute,PWDOPENS,143996,46.7613499,P,S,PWD,B.Tech,2025,4
'06317,"Sharad Institute of Technology College of Engineering, Yadrav(Ichalkaranji)",'0631761210,Mechanical Engineering,Un-Aided Autonomous Home University : Autonomous Institute,Autonomous Institute,GSCS,139063,49.4020979,G,S,SC,B.Tech,2025,4
'06317,"Sharad Institute of Technology College of Engineering, Yadrav(Ichalkaranji)",'0631761210,Mechanical Engineering,Un-Aided Autonomous Home University : Autonomous Institute,Autonomous Institute,GSTS,144544,46.6242967,G,S,ST,B.Tech,2025,4
'06317,"Sharad Institute of Technology College of Engineering, Yadrav(Ichalkaranji)",'0631761210,Mechanical Engineering,Un-Aided Autonomous Home University : Autonomous Institute,Autonomous Institute,GNT3S,143528,47.1396200,G,S,NT3,B.Tech,2025,4
'06317,"Sharad Institute of Technology College of Engineering, Yadrav(Ichalkaranji)",'0631761210,Mechanical Engineering,Un-Aided Autonomous Home University : Autonomous Institute,Autonomous Institute,LSCS,145426,45.9816283,L,S,SC,B.Tech,2025,4
'06317,"Sharad Institute of Technology College of Engineering, Yadrav(Ichalkaranji)",'0631762410,Mechatronics Engineering,Un-Aided Autonomous Home University : Autonomous Institute,Autonomous Institute,GOPENS,116837,60.3213757,G,S,OPEN,B.Tech,2025,4
'06317,"Sharad Institute of Technology College of Engineering, Yadrav(Ichalkaranji)",'0631762410,Mechatronics Engineering,Un-Aided Autonomous Home University : Autonomous Institute,Autonomous Institute,GNT2S,129382,54.1537389,G,S,NT2,B.Tech,2025,4
'06317,"Sharad Institute of Technology College of Engineering, Yadrav(Ichalkaranji)",'0631762410,Mechatronics Engineering,Un-Aided Autonomous Home University : Autonomous Institute,Autonomous Institute,GSEBCS,124061,57.0133407,G,S,SEBC,B.Tech,2025,4
'06317,"Sharad Institute of Technology College of Engineering, Yadrav(Ichalkaranji)",'0631762410,Mechatronics Engineering,Un-Aided Autonomous Home University : Autonomous Institute,Autonomous Institute,LOPENS,113724,61.6834321,L,S,OPEN,B.Tech,2025,4
'06317,"Sharad Institute of Technology College of Engineering, Yadrav(Ichalkaranji)",'0631762410,Mechatronics Engineering,Un-Aided Autonomous Home University : Autonomous Institute,Autonomous Institute,LSCS,95871,69.0979021,L,S,SC,B.Tech,2025,4
'06317,"Sharad Institute of Technology College of Engineering, Yadrav(Ichalkaranji)",'0631784410,Electronics and Computer Engineering,Un-Aided Autonomous Home University : Autonomous Institute,Autonomous Institute,GOPENS,84008,73.6159498,G,S,OPEN,B.Tech,2025,4
'06317,"Sharad Institute of Technology College of Engineering, Yadrav(Ichalkaranji)",'0631784410,Electronics and Computer Engineering,Un-Aided Autonomous Home University : Autonomous Institute,Autonomous Institute,GSEBCS,100432,67.2177090,G,S,SEBC,B.Tech,2025,4
'06317,"Sharad Institute of Technology College of Engineering, Yadrav(Ichalkaranji)",'0631784410,Electronics and Computer Engineering,Un-Aided Autonomous Home University : Autonomous Institute,Autonomous Institute,LOPENS,65589,79.9809712,L,S,OPEN,B.Tech,2025,4
'06317,"Sharad Institute of Technology College of Engineering, Yadrav(Ichalkaranji)",'0631784410,Electronics and Computer Engineering,Un-Aided Autonomous Home University : Autonomous Institute,Autonomous Institute,EWS,38245,88.7271830,E,S,EWS,B.Tech,2025,4
'06317,"Sharad Institute of Technology College of Engineering, Yadrav(Ichalkaranji)",'0631784410,Electronics and Computer Engineering,Un-Aided Autonomous Home University : Autonomous Institute,Autonomous Institute,DEFSEBCS,125512,56.2929777,D,S,SEBC,B.Tech,2025,4
'06317,"Sharad Institute of Technology College of Engineering, Yadrav(Ichalkaranji)",'0631784410,Electronics and Computer Engineering,Un-Aided Autonomous Home University : Autonomous Institute,Autonomous Institute,PWDSCS,187471,16.6909773,P,S,PWD,B.Tech,2025,4
'06317,"Sharad Institute of Technology College of Engineering, Yadrav(Ichalkaranji)",'0631784410,Electronics and Computer Engineering,Un-Aided Autonomous Home University : Autonomous Institute,Autonomous Institute,GNT3S,88926,71.6607627,G,S,NT3,B.Tech,2025,4
'06317,"Sharad Institute of Technology College of Engineering, Yadrav(Ichalkaranji)",'0631791610,Automation and Robotics,Un-Aided Autonomous Home University : Autonomous Institute,Autonomous Institute,GOPENS,102437,66.3795642,G,S,OPEN,B.Tech,2025,4
'06317,"Sharad Institute of Technology College of Engineering, Yadrav(Ichalkaranji)",'0631791610,Automation and Robotics,Un-Aided Autonomous Home University : Autonomous Institute,Autonomous Institute,GOBCS,105731,65.3084343,G,S,OBC,B.Tech,2025,4
'06317,"Sharad Institute of Technology College of Engineering, Yadrav(Ichalkaranji)",'0631791610,Automation and Robotics,Un-Aided Autonomous Home University : Autonomous Institute,Autonomous Institute,DEFOPENS,107990,63.8244514,D,S,OPEN,B.Tech,2025,4
'06317,"Sharad Institute of Technology College of Engineering, Yadrav(Ichalkaranji)",'0631791610,Automation and Robotics,Un-Aided Autonomous Home University : Autonomous Institute,Autonomous Institute,GSCS,109553,63.4714222,G,S,SC,B.Tech,2025,4
'06317,"Sharad Institute of Technology College of Engineering, Yadrav(Ichalkaranji)",'0631799510,Artificial Intelligence and Data Science,Un-Aided Autonomous Home University : Autonomous Institute,Autonomous Institute,GOPENS,52359,84.3018999,G,S,OPEN,B.Tech,2025,4
'06317,"Sharad Institute of Technology College of Engineering, Yadrav(Ichalkaranji)",'0631799510,Artificial Intelligence and Data Science,Un-Aided Autonomous Home University : Autonomous Institute,Autonomous Institute,EWS,42611,87.3285356,E,S,EWS,B.Tech,2025,4
'06317,"Sharad Institute of Technology College of Engineering, Yadrav(Ichalkaranji)",'0631799510,Artificial Intelligence and Data Science,Un-Aided Autonomous Home University : Autonomous Institute,Autonomous Institute,GSTS,77647,75.6522650,G,S,ST,B.Tech,2025,4
'06317,"Sharad Institute of Technology College of Engineering, Yadrav(Ichalkaranji)",'0631799510,Artificial Intelligence and Data Science,Un-Aided Autonomous Home University : Autonomous Institute,Autonomous Institute,LSTS,61207,81.3270637,L,S,ST,B.Tech,2025,4
'06319,"Shahajirao Patil Vikas Pratishthan, S.B.Patil College of Engineering, Vangali, Tal. Indapur",'0631919110,Civil Engineering,Un-Aided,Unknown,GOPENH,129146,54.4314351,G,H,OPEN,B.Tech,2025,4
'06319,"Shahajirao Patil Vikas Pratishthan, S.B.Patil College of Engineering, Vangali, Tal. Indapur",'0631919110,Civil Engineering,Un-Aided,Unknown,GOBCH,192314,12.5776664,G,H,OBC,B.Tech,2025,4
'06319,"Shahajirao Patil Vikas Pratishthan, S.B.Patil College of Engineering, Vangali, Tal. Indapur",'0631919110,Civil Engineering,Un-Aided,Unknown,GSEBCH,165042,33.4650350,G,H,SEBC,B.Tech,2025,4
'06319,"Shahajirao Patil Vikas Pratishthan, S.B.Patil College of Engineering, Vangali, Tal. Indapur",'0631924510,Computer Engineering,Un-Aided,Unknown,GOPENH,85570,73.1347962,G,H,OPEN,B.Tech,2025,4
'06319,"Shahajirao Patil Vikas Pratishthan, S.B.Patil College of Engineering, Vangali, Tal. Indapur",'0631924510,Computer Engineering,Un-Aided,Unknown,GNT2H,110101,63.2914656,G,H,NT2,B.Tech,2025,4
'06319,"Shahajirao Patil Vikas Pratishthan, S.B.Patil College of Engineering, Vangali, Tal. Indapur",'0631924510,Computer Engineering,Un-Aided,Unknown,GNT3H,178520,24.6987745,G,H,NT3,B.Tech,2025,4
'06319,"Shahajirao Patil Vikas Pratishthan, S.B.Patil College of Engineering, Vangali, Tal. Indapur",'0631924510,Computer Engineering,Un-Aided,Unknown,LOPENH,58271,82.3736697,L,H,OPEN,B.Tech,2025,4
'06319,"Shahajirao Patil Vikas Pratishthan, S.B.Patil College of Engineering, Vangali, Tal. Indapur",'0631924510,Computer Engineering,Un-Aided,Unknown,LOBCH,84513,73.4722277,L,H,OBC,B.Tech,2025,4
'06319,"Shahajirao Patil Vikas Pratishthan, S.B.Patil College of Engineering, Vangali, Tal. Indapur",'0631924510,Computer Engineering,Un-Aided,Unknown,LSTH,84222,73.5570613,L,H,ST,B.Tech,2025,4
'06319,"Shahajirao Patil Vikas Pratishthan, S.B.Patil College of Engineering, Vangali, Tal. Indapur",'0631924610,Information Technology,Un-Aided,Unknown,GOPENO,88186,71.8498844,G,O,OPEN,B.Tech,2025,4
'06319,"Shahajirao Patil Vikas Pratishthan, S.B.Patil College of Engineering, Vangali, Tal. Indapur",'0631924610,Information Technology,Un-Aided,Unknown,GSCO,127080,55.2744499,G,O,SC,B.Tech,2025,4
'06319,"Shahajirao Patil Vikas Pratishthan, S.B.Patil College of Engineering, Vangali, Tal. Indapur",'0631924610,Information Technology,Un-Aided,Unknown,GOBCO,113830,61.5619516,G,O,OBC,B.Tech,2025,4
'06319,"Shahajirao Patil Vikas Pratishthan, S.B.Patil College of Engineering, Vangali, Tal. Indapur",'0631924610,Information Technology,Un-Aided,Unknown,GSEBCO,112556,62.1365556,G,O,SEBC,B.Tech,2025,4
'06319,"Shahajirao Patil Vikas Pratishthan, S.B.Patil College of Engineering, Vangali, Tal. Indapur",'0631924610,Information Technology,Un-Aided,Unknown,GSTO,106658,64.7131860,G,O,ST,B.Tech,2025,4
'06319,"Shahajirao Patil Vikas Pratishthan, S.B.Patil College of Engineering, Vangali, Tal. Indapur",'0631924610,Information Technology,Un-Aided,Unknown,LSTO,93639,69.8941051,L,O,ST,B.Tech,2025,4
'06319,"Shahajirao Patil Vikas Pratishthan, S.B.Patil College of Engineering, Vangali, Tal. Indapur",'0631926310,Artificial Intelligence (AI) and Data Science,Un-Aided,Unknown,GOPENO,84687,73.4722277,G,O,OPEN,B.Tech,2025,4
'06319,"Shahajirao Patil Vikas Pratishthan, S.B.Patil College of Engineering, Vangali, Tal. Indapur",'0631926310,Artificial Intelligence (AI) and Data Science,Un-Aided,Unknown,GSCO,176207,25.7272727,G,O,SC,B.Tech,2025,4
'06319,"Shahajirao Patil Vikas Pratishthan, S.B.Patil College of Engineering, Vangali, Tal. Indapur",'0631929310,Electrical Engineering,Un-Aided,Unknown,GOPENH,151474,42.7403863,G,H,OPEN,B.Tech,2025,4
'06319,"Shahajirao Patil Vikas Pratishthan, S.B.Patil College of Engineering, Vangali, Tal. Indapur",'0631929310,Electrical Engineering,Un-Aided,Unknown,GSEBCH,154179,40.0936536,G,H,SEBC,B.Tech,2025,4
'06319,"Shahajirao Patil Vikas Pratishthan, S.B.Patil College of Engineering, Vangali, Tal. Indapur",'0631929310,Electrical Engineering,Un-Aided,Unknown,LOPENH,137956,50.3223138,L,H,OPEN,B.Tech,2025,4
'06319,"Shahajirao Patil Vikas Pratishthan, S.B.Patil College of Engineering, Vangali, Tal. Indapur",'0631929310,Electrical Engineering,Un-Aided,Unknown,LSEBCH,143434,47.1396200,L,H,SEBC,B.Tech,2025,4
'06319,"Shahajirao Patil Vikas Pratishthan, S.B.Patil College of Engineering, Vangali, Tal. Indapur",'0631929310,Electrical Engineering,Un-Aided,Unknown,LSCH,152039,42.6339209,L,H,SC,B.Tech,2025,4
'06319,"Shahajirao Patil Vikas Pratishthan, S.B.Patil College of Engineering, Vangali, Tal. Indapur",'0631937210,Electronics and Telecommunication Engg,Un-Aided,Unknown,GOPENH,113512,61.6834321,G,H,OPEN,B.Tech,2025,4
'06319,"Shahajirao Patil Vikas Pratishthan, S.B.Patil College of Engineering, Vangali, Tal. Indapur",'0631937210,Electronics and Telecommunication Engg,Un-Aided,Unknown,GSCH,144492,46.6242967,G,H,SC,B.Tech,2025,4
'06319,"Shahajirao Patil Vikas Pratishthan, S.B.Patil College of Engineering, Vangali, Tal. Indapur",'0631937210,Electronics and Telecommunication Engg,Un-Aided,Unknown,GOBCH,140131,49.1540892,G,H,OBC,B.Tech,2025,4
'06319,"Shahajirao Patil Vikas Pratishthan, S.B.Patil College of Engineering, Vangali, Tal. Indapur",'0631937210,Electronics and Telecommunication Engg,Un-Aided,Unknown,LOPENH,134987,51.1762787,L,H,OPEN,B.Tech,2025,4
'06319,"Shahajirao Patil Vikas Pratishthan, S.B.Patil College of Engineering, Vangali, Tal. Indapur",'0631937210,Electronics and Telecommunication Engg,Un-Aided,Unknown,GSTH,126981,55.4922986,G,H,ST,B.Tech,2025,4
'06319,"Shahajirao Patil Vikas Pratishthan, S.B.Patil College of Engineering, Vangali, Tal. Indapur",'0631937210,Electronics and Telecommunication Engg,Un-Aided,Unknown,LSTH,135381,50.9683037,L,H,ST,B.Tech,2025,4
'06319,"Shahajirao Patil Vikas Pratishthan, S.B.Patil College of Engineering, Vangali, Tal. Indapur",'0631961210,Mechanical Engineering,Un-Aided,Unknown,GOPENO,105655,65.3084343,G,O,OPEN,B.Tech,2025,4
'06319,"Shahajirao Patil Vikas Pratishthan, S.B.Patil College of Engineering, Vangali, Tal. Indapur",'0631961210,Mechanical Engineering,Un-Aided,Unknown,GVJO,188042,16.4425946,G,O,VJ,B.Tech,2025,4
'06319,"Shahajirao Patil Vikas Pratishthan, S.B.Patil College of Engineering, Vangali, Tal. Indapur",'0631961210,Mechanical Engineering,Un-Aided,Unknown,GNT3O,184523,19.2051273,G,O,NT3,B.Tech,2025,4
'06319,"Shahajirao Patil Vikas Pratishthan, S.B.Patil College of Engineering, Vangali, Tal. Indapur",'0631961210,Mechanical Engineering,Un-Aided,Unknown,GOBCO,116967,60.3213757,G,O,OBC,B.Tech,2025,4
'06319,"Shahajirao Patil Vikas Pratishthan, S.B.Patil College of Engineering, Vangali, Tal. Indapur",'0631961210,Mechanical Engineering,Un-Aided,Unknown,LSTO,123357,57.4017459,L,O,ST,B.Tech,2025,4
'06320,"K.J.'s Educational Institute's K.J.College of Engineering & Management Research, Pisoli",'0632019110,Civil Engineering,Un-Aided,Unknown,GOPENH,137320,50.4913264,G,H,OPEN,B.Tech,2025,4
'06320,"K.J.'s Educational Institute's K.J.College of Engineering & Management Research, Pisoli",'0632019110,Civil Engineering,Un-Aided,Unknown,GOBCH,153886,40.6822054,G,H,OBC,B.Tech,2025,4
'06320,"K.J.'s Educational Institute's K.J.College of Engineering & Management Research, Pisoli",'0632019110,Civil Engineering,Un-Aided,Unknown,LOPENH,154037,40.6822054,L,H,OPEN,B.Tech,2025,4
'06320,"K.J.'s Educational Institute's K.J.College of Engineering & Management Research, Pisoli",'0632019110,Civil Engineering,Un-Aided,Unknown,LOBCH,195604,9.4338928,L,H,OBC,B.Tech,2025,4
'06320,"K.J.'s Educational Institute's K.J.College of Engineering & Management Research, Pisoli",'0632024510,Computer Engineering,Un-Aided,Unknown,GOPENH,51279,84.6215640,G,H,OPEN,B.Tech,2025,4
'06320,"K.J.'s Educational Institute's K.J.College of Engineering & Management Research, Pisoli",'0632024510,Computer Engineering,Un-Aided,Unknown,GSCH,108834,63.5767823,G,H,SC,B.Tech,2025,4
'06320,"K.J.'s Educational Institute's K.J.College of Engineering & Management Research, Pisoli",'0632024510,Computer Engineering,Un-Aided,Unknown,GOBCH,58729,82.2162613,G,H,OBC,B.Tech,2025,4
'06320,"K.J.'s Educational Institute's K.J.College of Engineering & Management Research, Pisoli",'0632024510,Computer Engineering,Un-Aided,Unknown,GSEBCH,73247,77.1631566,G,H,SEBC,B.Tech,2025,4
'06320,"K.J.'s Educational Institute's K.J.College of Engineering & Management Research, Pisoli",'0632024510,Computer Engineering,Un-Aided,Unknown,LOPENH,51792,84.4950314,L,H,OPEN,B.Tech,2025,4
'06320,"K.J.'s Educational Institute's K.J.College of Engineering & Management Research, Pisoli",'0632024510,Computer Engineering,Un-Aided,Unknown,LSCH,108923,63.5767823,L,H,SC,B.Tech,2025,4
'06320,"K.J.'s Educational Institute's K.J.College of Engineering & Management Research, Pisoli",'0632024510,Computer Engineering,Un-Aided,Unknown,PWDOPENH,63793,80.7175218,P,H,PWD,B.Tech,2025,4
'06320,"K.J.'s Educational Institute's K.J.College of Engineering & Management Research, Pisoli",'0632024510,Computer Engineering,Un-Aided,Unknown,GSTH,65097,80.0000000,G,H,ST,B.Tech,2025,4
'06320,"K.J.'s Educational Institute's K.J.College of Engineering & Management Research, Pisoli",'0632029310,Electrical Engineering,Un-Aided,Unknown,GOPENO,58726,82.2162613,G,O,OPEN,B.Tech,2025,4
'06320,"K.J.'s Educational Institute's K.J.College of Engineering & Management Research, Pisoli",'0632029310,Electrical Engineering,Un-Aided,Unknown,GSCO,77858,75.6522650,G,O,SC,B.Tech,2025,4
'06320,"K.J.'s Educational Institute's K.J.College of Engineering & Management Research, Pisoli",'0632037210,Electronics and Telecommunication Engg,Un-Aided,Unknown,GOPENH,87392,72.1363369,G,H,OPEN,B.Tech,2025,4
'06320,"K.J.'s Educational Institute's K.J.College of Engineering & Management Research, Pisoli",'0632037210,Electronics and Telecommunication Engg,Un-Aided,Unknown,GSCH,123461,57.4017459,G,H,SC,B.Tech,2025,4
'06320,"K.J.'s Educational Institute's K.J.College of Engineering & Management Research, Pisoli",'0632037210,Electronics and Telecommunication Engg,Un-Aided,Unknown,GOBCH,90228,71.4755245,G,H,OBC,B.Tech,2025,4
'06320,"K.J.'s Educational Institute's K.J.College of Engineering & Management Research, Pisoli",'0632037210,Electronics and Telecommunication Engg,Un-Aided,Unknown,LOPENH,78436,75.4880541,L,H,OPEN,B.Tech,2025,4
'06320,"K.J.'s Educational Institute's K.J.College of Engineering & Management Research, Pisoli",'0632037210,Electronics and Telecommunication Engg,Un-Aided,Unknown,LSCH,160558,36.1811489,L,H,SC,B.Tech,2025,4
'06320,"K.J.'s Educational Institute's K.J.College of Engineering & Management Research, Pisoli",'0632037210,Electronics and Telecommunication Engg,Un-Aided,Unknown,GSTH,92178,70.5072010,G,H,ST,B.Tech,2025,4
'06320,"K.J.'s Educational Institute's K.J.College of Engineering & Management Research, Pisoli",'0632037810,Electronics Engineering ( VLSI Design and Technology),Un-Aided,Unknown,GOPENH,116056,60.4378874,G,H,OPEN,B.Tech,2025,4
'06320,"K.J.'s Educational Institute's K.J.College of Engineering & Management Research, Pisoli",'0632037810,Electronics Engineering ( VLSI Design and Technology),Un-Aided,Unknown,LOBCH,117551,60.2517483,L,H,OBC,B.Tech,2025,4
'06320,"K.J.'s Educational Institute's K.J.College of Engineering & Management Research, Pisoli",'0632037810,Electronics Engineering ( VLSI Design and Technology),Un-Aided,Unknown,PWDOPENH,107091,64.3871019,P,H,PWD,B.Tech,2025,4
'06320,"K.J.'s Educational Institute's K.J.College of Engineering & Management Research, Pisoli",'0632061210,Mechanical Engineering,Un-Aided,Unknown,GOPENH,136260,50.7016833,G,H,OPEN,B.Tech,2025,4
'06320,"K.J.'s Educational Institute's K.J.College of Engineering & Management Research, Pisoli",'0632061210,Mechanical Engineering,Un-Aided,Unknown,LOPENH,133203,52.3622324,L,H,OPEN,B.Tech,2025,4
'06320,"K.J.'s Educational Institute's K.J.College of Engineering & Management Research, Pisoli",'0632061210,Mechanical Engineering,Un-Aided,Unknown,LOBCH,158600,38.3392226,L,H,OBC,B.Tech,2025,4
'06320,"K.J.'s Educational Institute's K.J.College of Engineering & Management Research, Pisoli",'0632061210,Mechanical Engineering,Un-Aided,Unknown,PWDOPENH,141176,47.8905633,P,H,PWD,B.Tech,2025,4
'06320,"K.J.'s Educational Institute's K.J.College of Engineering & Management Research, Pisoli",'0632061210,Mechanical Engineering,Un-Aided,Unknown,PWDOBCH,150625,43.0314730,P,H,PWD,B.Tech,2025,4
'06320,"K.J.'s Educational Institute's K.J.College of Engineering & Management Research, Pisoli",'0632061210,Mechanical Engineering,Un-Aided,Unknown,GSTH,147391,44.5303298,G,H,ST,B.Tech,2025,4
'06320,"K.J.'s Educational Institute's K.J.College of Engineering & Management Research, Pisoli",'0632061210,Mechanical Engineering,Un-Aided,Unknown,GNT1H,143546,47.0502678,G,H,NT1,B.Tech,2025,4
'06320,"K.J.'s Educational Institute's K.J.College of Engineering & Management Research, Pisoli",'0632061210,Mechanical Engineering,Un-Aided,Unknown,LSTH,140347,49.1540892,L,H,ST,B.Tech,2025,4
'06320,"K.J.'s Educational Institute's K.J.College of Engineering & Management Research, Pisoli",'0632092810,Electronics and Communication(Advanced Communication Technology),Un-Aided,Unknown,GOBCH,102072,66.3866132,G,H,OBC,B.Tech,2025,4
'06320,"K.J.'s Educational Institute's K.J.College of Engineering & Management Research, Pisoli",'0632092810,Electronics and Communication(Advanced Communication Technology),Un-Aided,Unknown,LOPENH,105315,65.5190641,L,H,OPEN,B.Tech,2025,4
'06320,"K.J.'s Educational Institute's K.J.College of Engineering & Management Research, Pisoli",'0632092810,Electronics and Communication(Advanced Communication Technology),Un-Aided,Unknown,LSCH,164138,35.1590106,L,H,SC,B.Tech,2025,4
'06321,"Vidya Vikas Pratishthan Institute of Engineering and Technology, Solapur",'0632119110,Civil Engineering,Un-Aided Home University : Punyashlok Ahilyadevi Holkar Solapur University,Punyashlok Ahilyadevi Holkar Solapur University,GOPENH,195440,9.6906054,G,H,OPEN,B.Tech,2025,4
'06321,"Vidya Vikas Pratishthan Institute of Engineering and Technology, Solapur",'0632124210,Computer Science and Engineering,Un-Aided Home University : Punyashlok Ahilyadevi Holkar Solapur University,Punyashlok Ahilyadevi Holkar Solapur University,GOPENH,77671,75.6522650,G,H,OPEN,B.Tech,2025,4
'06321,"Vidya Vikas Pratishthan Institute of Engineering and Technology, Solapur",'0632124210,Computer Science and Engineering,Un-Aided Home University : Punyashlok Ahilyadevi Holkar Solapur University,Punyashlok Ahilyadevi Holkar Solapur University,LOPENH,175385,25.9683560,L,H,OPEN,B.Tech,2025,4
'06321,"Vidya Vikas Pratishthan Institute of Engineering and Technology, Solapur",'0632124210,Computer Science and Engineering,Un-Aided Home University : Punyashlok Ahilyadevi Holkar Solapur University,Punyashlok Ahilyadevi Holkar Solapur University,PWDOBCH,124179,56.8426573,P,H,PWD,B.Tech,2025,4
'06321,"Vidya Vikas Pratishthan Institute of Engineering and Technology, Solapur",'0632124210,Computer Science and Engineering,Un-Aided Home University : Punyashlok Ahilyadevi Holkar Solapur University,Punyashlok Ahilyadevi Holkar Solapur University,GSCH,184607,19.2051273,G,H,SC,B.Tech,2025,4
'06321,"Vidya Vikas Pratishthan Institute of Engineering and Technology, Solapur",'0632124210,Computer Science and Engineering,Un-Aided Home University : Punyashlok Ahilyadevi Holkar Solapur University,Punyashlok Ahilyadevi Holkar Solapur University,GSTH,181518,22.0358020,G,H,ST,B.Tech,2025,4
'06321,"Vidya Vikas Pratishthan Institute of Engineering and Technology, Solapur",'0632124210,Computer Science and Engineering,Un-Aided Home University : Punyashlok Ahilyadevi Holkar Solapur University,Punyashlok Ahilyadevi Holkar Solapur University,GSEBCH,167444,32.1650475,G,H,SEBC,B.Tech,2025,4
'06321,"Vidya Vikas Pratishthan Institute of Engineering and Technology, Solapur",'0632124210,Computer Science and Engineering,Un-Aided Home University : Punyashlok Ahilyadevi Holkar Solapur University,Punyashlok Ahilyadevi Holkar Solapur University,LSEBCH,170233,29.8059527,L,H,SEBC,B.Tech,2025,4
'06321,"Vidya Vikas Pratishthan Institute of Engineering and Technology, Solapur",'0632129310,Electrical Engineering,Un-Aided Home University : Punyashlok Ahilyadevi Holkar Solapur University,Punyashlok Ahilyadevi Holkar Solapur University,GOPENO,133253,52.3622324,G,O,OPEN,B.Tech,2025,4
'06321,"Vidya Vikas Pratishthan Institute of Engineering and Technology, Solapur",'0632129310,Electrical Engineering,Un-Aided Home University : Punyashlok Ahilyadevi Holkar Solapur University,Punyashlok Ahilyadevi Holkar Solapur University,GSCO,134144,51.7009371,G,O,SC,B.Tech,2025,4
'06321,"Vidya Vikas Pratishthan Institute of Engineering and Technology, Solapur",'0632129310,Electrical Engineering,Un-Aided Home University : Punyashlok Ahilyadevi Holkar Solapur University,Punyashlok Ahilyadevi Holkar Solapur University,GSEBCO,201297,3.2502633,G,O,SEBC,B.Tech,2025,4
'06321,"Vidya Vikas Pratishthan Institute of Engineering and Technology, Solapur",'0632129310,Electrical Engineering,Un-Aided Home University : Punyashlok Ahilyadevi Holkar Solapur University,Punyashlok Ahilyadevi Holkar Solapur University,LSEBCO,178259,24.7167509,L,O,SEBC,B.Tech,2025,4
'06321,"Vidya Vikas Pratishthan Institute of Engineering and Technology, Solapur",'0632137210,Electronics and Telecommunication Engg,Un-Aided Home University : Punyashlok Ahilyadevi Holkar Solapur University,Punyashlok Ahilyadevi Holkar Solapur University,GOPENH,202623,1.6335772,G,H,OPEN,B.Tech,2025,4
'06321,"Vidya Vikas Pratishthan Institute of Engineering and Technology, Solapur",'0632137210,Electronics and Telecommunication Engg,Un-Aided Home University : Punyashlok Ahilyadevi Holkar Solapur University,Punyashlok Ahilyadevi Holkar Solapur University,PWDOPENH,188315,16.1743072,P,H,PWD,B.Tech,2025,4
'06321,"Vidya Vikas Pratishthan Institute of Engineering and Technology, Solapur",'0632161210,Mechanical Engineering,Un-Aided Home University : Punyashlok Ahilyadevi Holkar Solapur University,Punyashlok Ahilyadevi Holkar Solapur University,LOPENO,198428,6.4874627,L,O,OPEN,B.Tech,2025,4
'06321,"Vidya Vikas Pratishthan Institute of Engineering and Technology, Solapur",'0632199510,Artificial Intelligence and Data Science,Un-Aided Home University : Punyashlok Ahilyadevi Holkar Solapur University,Punyashlok Ahilyadevi Holkar Solapur University,GOPENH,194498,10.4252003,G,H,OPEN,B.Tech,2025,4
'06322,"Shree Gajanan Maharaj Shikshan Prasarak Manda'l Sharadchandra Pawar College of Engineering, Dumbarwadi",'0632224510,Computer Engineering,Un-Aided,Unknown,GOPENH,139433,49.3416227,G,H,OPEN,B.Tech,2025,4
'06322,"Shree Gajanan Maharaj Shikshan Prasarak Manda'l Sharadchandra Pawar College of Engineering, Dumbarwadi",'0632224510,Computer Engineering,Un-Aided,Unknown,GSEBCH,188268,16.1743072,G,H,SEBC,B.Tech,2025,4
'06322,"Shree Gajanan Maharaj Shikshan Prasarak Manda'l Sharadchandra Pawar College of Engineering, Dumbarwadi",'0632224510,Computer Engineering,Un-Aided,Unknown,LOPENH,142128,47.7841578,L,H,OPEN,B.Tech,2025,4
'06322,"Shree Gajanan Maharaj Shikshan Prasarak Manda'l Sharadchandra Pawar College of Engineering, Dumbarwadi",'0632224510,Computer Engineering,Un-Aided,Unknown,GVJH,149042,43.6588740,G,H,VJ,B.Tech,2025,4
'06322,"Shree Gajanan Maharaj Shikshan Prasarak Manda'l Sharadchandra Pawar College of Engineering, Dumbarwadi",'0632224510,Computer Engineering,Un-Aided,Unknown,LVJH,143765,47.0502678,L,H,VJ,B.Tech,2025,4
'06322,"Shree Gajanan Maharaj Shikshan Prasarak Manda'l Sharadchandra Pawar College of Engineering, Dumbarwadi",'0632237210,Electronics and Telecommunication Engg,Un-Aided,Unknown,GOPENH,177999,24.8659004,G,H,OPEN,B.Tech,2025,4
'06322,"Shree Gajanan Maharaj Shikshan Prasarak Manda'l Sharadchandra Pawar College of Engineering, Dumbarwadi",'0632237210,Electronics and Telecommunication Engg,Un-Aided,Unknown,GOBCH,191487,13.3124347,G,H,OBC,B.Tech,2025,4
'06322,"Shree Gajanan Maharaj Shikshan Prasarak Manda'l Sharadchandra Pawar College of Engineering, Dumbarwadi",'0632237210,Electronics and Telecommunication Engg,Un-Aided,Unknown,LOPENH,175891,25.7272727,L,H,OPEN,B.Tech,2025,4
'06322,"Shree Gajanan Maharaj Shikshan Prasarak Manda'l Sharadchandra Pawar College of Engineering, Dumbarwadi",'0632237210,Electronics and Telecommunication Engg,Un-Aided,Unknown,GNT2H,200559,4.1433524,G,H,NT2,B.Tech,2025,4
'06322,"Shree Gajanan Maharaj Shikshan Prasarak Manda'l Sharadchandra Pawar College of Engineering, Dumbarwadi",'0632237210,Electronics and Telecommunication Engg,Un-Aided,Unknown,LNT1H,192806,11.9485358,L,H,NT1,B.Tech,2025,4
'06322,"Shree Gajanan Maharaj Shikshan Prasarak Manda'l Sharadchandra Pawar College of Engineering, Dumbarwadi",'0632261210,Mechanical Engineering,Un-Aided,Unknown,GOPENH,200013,4.7274462,G,H,OPEN,B.Tech,2025,4
'06322,"Shree Gajanan Maharaj Shikshan Prasarak Manda'l Sharadchandra Pawar College of Engineering, Dumbarwadi",'0632261210,Mechanical Engineering,Un-Aided,Unknown,LOPENH,187814,16.5215865,L,H,OPEN,B.Tech,2025,4
'06322,"Shree Gajanan Maharaj Shikshan Prasarak Manda'l Sharadchandra Pawar College of Engineering, Dumbarwadi",'0632292110,Artificial Intelligence and Machine Learning,Un-Aided,Unknown,LOPENH,121228,58.2180677,L,H,OPEN,B.Tech,2025,4
'06322,"Shree Gajanan Maharaj Shikshan Prasarak Manda'l Sharadchandra Pawar College of Engineering, Dumbarwadi",'0632292110,Artificial Intelligence and Machine Learning,Un-Aided,Unknown,LOBCH,181779,21.6174291,L,H,OBC,B.Tech,2025,4
'06322,"Shree Gajanan Maharaj Shikshan Prasarak Manda'l Sharadchandra Pawar College of Engineering, Dumbarwadi",'0632292110,Artificial Intelligence and Machine Learning,Un-Aided,Unknown,LNT2H,161911,35.9909439,L,H,NT2,B.Tech,2025,4
'06322,"Shree Gajanan Maharaj Shikshan Prasarak Manda'l Sharadchandra Pawar College of Engineering, Dumbarwadi",'0632292110,Artificial Intelligence and Machine Learning,Un-Aided,Unknown,GSCH,151461,42.7403863,G,H,SC,B.Tech,2025,4
'06322,"Shree Gajanan Maharaj Shikshan Prasarak Manda'l Sharadchandra Pawar College of Engineering, Dumbarwadi",'0632292110,Artificial Intelligence and Machine Learning,Un-Aided,Unknown,GSTH,142108,47.7841578,G,H,ST,B.Tech,2025,4
'06324,Rajgad Technical Campus,'0632419110,Civil Engineering,Un-Aided,Unknown,GOBCH,196689,8.3381964,G,H,OBC,B.Tech,2025,4
'06324,Rajgad Technical Campus,'0632424510,Computer Engineering,Un-Aided,Unknown,GOPENH,128113,54.5872518,G,H,OPEN,B.Tech,2025,4
'06324,Rajgad Technical Campus,'0632424510,Computer Engineering,Un-Aided,Unknown,GSCH,152133,42.6339209,G,H,SC,B.Tech,2025,4
'06324,Rajgad Technical Campus,'0632424510,Computer Engineering,Un-Aided,Unknown,GNT2H,193239,11.6988417,G,H,NT2,B.Tech,2025,4
'06324,Rajgad Technical Campus,'0632424510,Computer Engineering,Un-Aided,Unknown,GOBCH,146745,45.3566434,G,H,OBC,B.Tech,2025,4
'06324,Rajgad Technical Campus,'0632424510,Computer Engineering,Un-Aided,Unknown,LOPENH,105249,65.5190641,L,H,OPEN,B.Tech,2025,4
'06324,Rajgad Technical Campus,'0632424510,Computer Engineering,Un-Aided,Unknown,LOBCH,111605,62.8632493,L,H,OBC,B.Tech,2025,4
'06324,Rajgad Technical Campus,'0632424510,Computer Engineering,Un-Aided,Unknown,PWDOPENH,129593,54.1537389,P,H,PWD,B.Tech,2025,4
'06324,Rajgad Technical Campus,'0632424510,Computer Engineering,Un-Aided,Unknown,PWDOBCH,133991,52.1817116,P,H,PWD,B.Tech,2025,4
'06324,Rajgad Technical Campus,'0632424510,Computer Engineering,Un-Aided,Unknown,GSTH,128453,54.5739657,G,H,ST,B.Tech,2025,4
'06324,Rajgad Technical Campus,'0632426310,Artificial Intelligence (AI) and Data Science,Un-Aided,Unknown,GOPENH,107663,64.2631037,G,H,OPEN,B.Tech,2025,4
'06324,Rajgad Technical Campus,'0632426310,Artificial Intelligence (AI) and Data Science,Un-Aided,Unknown,GSCH,176609,25.4741362,G,H,SC,B.Tech,2025,4
'06324,Rajgad Technical Campus,'0632426310,Artificial Intelligence (AI) and Data Science,Un-Aided,Unknown,GOBCH,149720,43.5338318,G,H,OBC,B.Tech,2025,4
'06324,Rajgad Technical Campus,'0632426310,Artificial Intelligence (AI) and Data Science,Un-Aided,Unknown,LOBCH,133041,52.5968356,L,H,OBC,B.Tech,2025,4
'06324,Rajgad Technical Campus,'0632426310,Artificial Intelligence (AI) and Data Science,Un-Aided,Unknown,LSCH,187622,16.5233632,L,H,SC,B.Tech,2025,4
'06324,Rajgad Technical Campus,'0632426310,Artificial Intelligence (AI) and Data Science,Un-Aided,Unknown,GSTH,125805,55.9381337,G,H,ST,B.Tech,2025,4
'06324,Rajgad Technical Campus,'0632437210,Electronics and Telecommunication Engg,Un-Aided,Unknown,GOPENH,124585,56.6213771,G,H,OPEN,B.Tech,2025,4
'06324,Rajgad Technical Campus,'0632437210,Electronics and Telecommunication Engg,Un-Aided,Unknown,GSEBCH,142566,47.3563218,G,H,SEBC,B.Tech,2025,4
'06324,Rajgad Technical Campus,'0632437210,Electronics and Telecommunication Engg,Un-Aided,Unknown,PWDOPENH,155411,39.7546871,P,H,PWD,B.Tech,2025,4
'06324,Rajgad Technical Campus,'0632437210,Electronics and Telecommunication Engg,Un-Aided,Unknown,GSCH,149658,43.5338318,G,H,SC,B.Tech,2025,4
'06324,Rajgad Technical Campus,'0632437210,Electronics and Telecommunication Engg,Un-Aided,Unknown,LSCH,153007,41.4458186,L,H,SC,B.Tech,2025,4
'06324,Rajgad Technical Campus,'0632461210,Mechanical Engineering,Un-Aided,Unknown,GOBCH,193536,11.4786688,G,H,OBC,B.Tech,2025,4
'06324,Rajgad Technical Campus,'0632461210,Mechanical Engineering,Un-Aided,Unknown,PWDOBCH,198734,6.2359571,P,H,PWD,B.Tech,2025,4
'06324,Rajgad Technical Campus,'0632461210,Mechanical Engineering,Un-Aided,Unknown,GSCH,158391,38.3392226,G,H,SC,B.Tech,2025,4
'06324,Rajgad Technical Campus,'0632461210,Mechanical Engineering,Un-Aided,Unknown,GNT3H,161019,36.1161649,G,H,NT3,B.Tech,2025,4
'06325,"Alard Charitable Trust's Alard College of Engineering and Management, Pune",'0632519110,Civil Engineering,Un-Aided Linguistic Minority - Hindi,Unknown,GOPENH,176211,25.7272727,G,H,OPEN,B.Tech,2025,4
'06325,"Alard Charitable Trust's Alard College of Engineering and Management, Pune",'0632519110,Civil Engineering,Un-Aided Linguistic Minority - Hindi,Unknown,LOPENH,172334,28.8537986,L,H,OPEN,B.Tech,2025,4
'06325,"Alard Charitable Trust's Alard College of Engineering and Management, Pune",'0632524510,Computer Engineering,Un-Aided Linguistic Minority - Hindi,Unknown,GOPENH,45881,86.3462208,G,H,OPEN,B.Tech,2025,4
'06325,"Alard Charitable Trust's Alard College of Engineering and Management, Pune",'0632524510,Computer Engineering,Un-Aided Linguistic Minority - Hindi,Unknown,LOPENH,38086,88.7615737,L,H,OPEN,B.Tech,2025,4
'06325,"Alard Charitable Trust's Alard College of Engineering and Management, Pune",'0632525710,Computer Science and Design,Un-Aided Linguistic Minority - Hindi,Unknown,GOPENH,73498,77.1618860,G,H,OPEN,B.Tech,2025,4
'06325,"Alard Charitable Trust's Alard College of Engineering and Management, Pune",'0632529310,Electrical Engineering,Un-Aided Linguistic Minority - Hindi,Unknown,GOPENO,58641,82.3322294,G,O,OPEN,B.Tech,2025,4
'06325,"Alard Charitable Trust's Alard College of Engineering and Management, Pune",'0632537210,Electronics and Telecommunication Engg,Un-Aided Linguistic Minority - Hindi,Unknown,GOPENH,74197,77.0149774,G,H,OPEN,B.Tech,2025,4
'06325,"Alard Charitable Trust's Alard College of Engineering and Management, Pune",'0632537810,Electronics Engineering ( VLSI Design and Technology),Un-Aided Linguistic Minority - Hindi,Unknown,GOPENH,105704,65.3084343,G,H,OPEN,B.Tech,2025,4
'06325,"Alard Charitable Trust's Alard College of Engineering and Management, Pune",'0632561210,Mechanical Engineering,Un-Aided Linguistic Minority - Hindi,Unknown,LOPENH,141056,47.8905633,L,H,OPEN,B.Tech,2025,4
'06325,"Alard Charitable Trust's Alard College of Engineering and Management, Pune",'0632592110,Artificial Intelligence and Machine Learning,Un-Aided Linguistic Minority - Hindi,Unknown,LOPENO,44824,86.6759630,L,O,OPEN,B.Tech,2025,4
'06325,"Alard Charitable Trust's Alard College of Engineering and Management, Pune",'0632593310,Electronics and Communication (Advanced Communication Technology),Un-Aided Linguistic Minority - Hindi,Unknown,MI,64175,80.4732503,M,I,MI,B.Tech,2025,4
'06326,Karmayogi Institute of Technology,'0632619110,Civil Engineering,Un-Aided Home University : Punyashlok Ahilyadevi Holkar Solapur University,Punyashlok Ahilyadevi Holkar Solapur University,GOPENH,130104,54.0903901,G,H,OPEN,B.Tech,2025,4
'06326,Karmayogi Institute of Technology,'0632619110,Civil Engineering,Un-Aided Home University : Punyashlok Ahilyadevi Holkar Solapur University,Punyashlok Ahilyadevi Holkar Solapur University,GSEBCH,153220,41.4458186,G,H,SEBC,B.Tech,2025,4
'06326,Karmayogi Institute of Technology,'0632619110,Civil Engineering,Un-Aided Home University : Punyashlok Ahilyadevi Holkar Solapur University,Punyashlok Ahilyadevi Holkar Solapur University,LOBCH,150375,43.1964993,L,H,OBC,B.Tech,2025,4
'06326,Karmayogi Institute of Technology,'0632619110,Civil Engineering,Un-Aided Home University : Punyashlok Ahilyadevi Holkar Solapur University,Punyashlok Ahilyadevi Holkar Solapur University,GSCH,172772,28.6767287,G,H,SC,B.Tech,2025,4
'06326,Karmayogi Institute of Technology,'0632619110,Civil Engineering,Un-Aided Home University : Punyashlok Ahilyadevi Holkar Solapur University,Punyashlok Ahilyadevi Holkar Solapur University,GNT1H,187922,16.5215865,G,H,NT1,B.Tech,2025,4
'06326,Karmayogi Institute of Technology,'0632619110,Civil Engineering,Un-Aided Home University : Punyashlok Ahilyadevi Holkar Solapur University,Punyashlok Ahilyadevi Holkar Solapur University,LNT3H,189885,14.9055715,L,H,NT3,B.Tech,2025,4
'06326,Karmayogi Institute of Technology,'0632624210,Computer Science and Engineering,Un-Aided Home University : Punyashlok Ahilyadevi Holkar Solapur University,Punyashlok Ahilyadevi Holkar Solapur University,GOPENH,104981,65.6307130,G,H,OPEN,B.Tech,2025,4
'06326,Karmayogi Institute of Technology,'0632624210,Computer Science and Engineering,Un-Aided Home University : Punyashlok Ahilyadevi Holkar Solapur University,Punyashlok Ahilyadevi Holkar Solapur University,GOBCH,122572,57.5410529,G,H,OBC,B.Tech,2025,4
'06326,Karmayogi Institute of Technology,'0632624210,Computer Science and Engineering,Un-Aided Home University : Punyashlok Ahilyadevi Holkar Solapur University,Punyashlok Ahilyadevi Holkar Solapur University,GSTH,124639,56.6213771,G,H,ST,B.Tech,2025,4
'06326,Karmayogi Institute of Technology,'0632637210,Electronics and Telecommunication Engg,Un-Aided Home University : Punyashlok Ahilyadevi Holkar Solapur University,Punyashlok Ahilyadevi Holkar Solapur University,LOBCO,200456,4.3158445,L,O,OBC,B.Tech,2025,4
'06326,Karmayogi Institute of Technology,'0632637210,Electronics and Telecommunication Engg,Un-Aided Home University : Punyashlok Ahilyadevi Holkar Solapur University,Punyashlok Ahilyadevi Holkar Solapur University,GNT1O,102839,66.2972028,G,O,NT1,B.Tech,2025,4
'06326,Karmayogi Institute of Technology,'0632661210,Mechanical Engineering,Un-Aided Home University : Punyashlok Ahilyadevi Holkar Solapur University,Punyashlok Ahilyadevi Holkar Solapur University,GOPENH,170711,29.5314685,G,H,OPEN,B.Tech,2025,4
'06326,Karmayogi Institute of Technology,'0632661210,Mechanical Engineering,Un-Aided Home University : Punyashlok Ahilyadevi Holkar Solapur University,Punyashlok Ahilyadevi Holkar Solapur University,LOPENH,144961,46.3957696,L,H,OPEN,B.Tech,2025,4
'06326,Karmayogi Institute of Technology,'0632661210,Mechanical Engineering,Un-Aided Home University : Punyashlok Ahilyadevi Holkar Solapur University,Punyashlok Ahilyadevi Holkar Solapur University,PWDOPENH,166394,32.5451434,P,H,PWD,B.Tech,2025,4
'06326,Karmayogi Institute of Technology,'0632661210,Mechanical Engineering,Un-Aided Home University : Punyashlok Ahilyadevi Holkar Solapur University,Punyashlok Ahilyadevi Holkar Solapur University,GVJH,173354,28.3463753,G,H,VJ,B.Tech,2025,4
'06326,Karmayogi Institute of Technology,'0632661210,Mechanical Engineering,Un-Aided Home University : Punyashlok Ahilyadevi Holkar Solapur University,Punyashlok Ahilyadevi Holkar Solapur University,GNT1H,177303,25.0722391,G,H,NT1,B.Tech,2025,4
'06326,Karmayogi Institute of Technology,'0632661210,Mechanical Engineering,Un-Aided Home University : Punyashlok Ahilyadevi Holkar Solapur University,Punyashlok Ahilyadevi Holkar Solapur University,GNT3H,182556,21.5408750,G,H,NT3,B.Tech,2025,4
'06402,"NEW INSTITUTE OF TECHNOLOGY,KOLHAPUR",'0640224210,Computer Science and Engineering,Un-Aided Home University : Shivaji University,Shivaji University,GOPENH,129629,54.1537389,G,H,OPEN,B.Tech,2025,4
'06402,"NEW INSTITUTE OF TECHNOLOGY,KOLHAPUR",'0640224210,Computer Science and Engineering,Un-Aided Home University : Shivaji University,Shivaji University,GNT1H,203298,0.6633907,G,H,NT1,B.Tech,2025,4
'06402,"NEW INSTITUTE OF TECHNOLOGY,KOLHAPUR",'0640224210,Computer Science and Engineering,Un-Aided Home University : Shivaji University,Shivaji University,GOBCH,162677,35.7798895,G,H,OBC,B.Tech,2025,4
'06402,"NEW INSTITUTE OF TECHNOLOGY,KOLHAPUR",'0640224210,Computer Science and Engineering,Un-Aided Home University : Shivaji University,Shivaji University,LOPENH,103806,65.8992965,L,H,OPEN,B.Tech,2025,4
'06402,"NEW INSTITUTE OF TECHNOLOGY,KOLHAPUR",'0640224210,Computer Science and Engineering,Un-Aided Home University : Shivaji University,Shivaji University,LSEBCH,141352,47.8905633,L,H,SEBC,B.Tech,2025,4
'06402,"NEW INSTITUTE OF TECHNOLOGY,KOLHAPUR",'0640224210,Computer Science and Engineering,Un-Aided Home University : Shivaji University,Shivaji University,PWDOPENH,140269,49.1540892,P,H,PWD,B.Tech,2025,4
'06402,"NEW INSTITUTE OF TECHNOLOGY,KOLHAPUR",'0640224210,Computer Science and Engineering,Un-Aided Home University : Shivaji University,Shivaji University,GSTH,134256,51.7009371,G,H,ST,B.Tech,2025,4
'06402,"NEW INSTITUTE OF TECHNOLOGY,KOLHAPUR",'0640225910,Mechanical and Mechatronics Engineering (Additive Manufacturing),Un-Aided Home University : Shivaji University,Shivaji University,GOPENH,130852,53.6771201,G,H,OPEN,B.Tech,2025,4
'06402,"NEW INSTITUTE OF TECHNOLOGY,KOLHAPUR",'0640225910,Mechanical and Mechatronics Engineering (Additive Manufacturing),Un-Aided Home University : Shivaji University,Shivaji University,GOBCH,179468,22.9939635,G,H,OBC,B.Tech,2025,4
'06402,"NEW INSTITUTE OF TECHNOLOGY,KOLHAPUR",'0640225910,Mechanical and Mechatronics Engineering (Additive Manufacturing),Un-Aided Home University : Shivaji University,Shivaji University,LOPENH,165504,33.0802795,L,H,OPEN,B.Tech,2025,4
'06402,"NEW INSTITUTE OF TECHNOLOGY,KOLHAPUR",'0640257310,"Electrical, Electronics and Power",Un-Aided Home University : Shivaji University,Shivaji University,GOPENH,165746,32.6791073,G,H,OPEN,B.Tech,2025,4
'06402,"NEW INSTITUTE OF TECHNOLOGY,KOLHAPUR",'0640257310,"Electrical, Electronics and Power",Un-Aided Home University : Shivaji University,Shivaji University,LOBCH,198938,5.9918095,L,H,OBC,B.Tech,2025,4
'06402,"NEW INSTITUTE OF TECHNOLOGY,KOLHAPUR",'0640257310,"Electrical, Electronics and Power",Un-Aided Home University : Shivaji University,Shivaji University,PWDOPENH,151564,42.7403863,P,H,PWD,B.Tech,2025,4
'06402,"NEW INSTITUTE OF TECHNOLOGY,KOLHAPUR",'0640257310,"Electrical, Electronics and Power",Un-Aided Home University : Shivaji University,Shivaji University,GSCH,187281,16.8604050,G,H,SC,B.Tech,2025,4
'06402,"NEW INSTITUTE OF TECHNOLOGY,KOLHAPUR",'0640257310,"Electrical, Electronics and Power",Un-Aided Home University : Shivaji University,Shivaji University,GSTH,198245,6.6801689,G,H,ST,B.Tech,2025,4
'06402,"NEW INSTITUTE OF TECHNOLOGY,KOLHAPUR",'0640257310,"Electrical, Electronics and Power",Un-Aided Home University : Shivaji University,Shivaji University,GNT3H,166578,32.5451434,G,H,NT3,B.Tech,2025,4
'06402,"NEW INSTITUTE OF TECHNOLOGY,KOLHAPUR",'0640257310,"Electrical, Electronics and Power",Un-Aided Home University : Shivaji University,Shivaji University,GOBCH,167059,32.3446384,G,H,OBC,B.Tech,2025,4
'06402,"NEW INSTITUTE OF TECHNOLOGY,KOLHAPUR",'0640257310,"Electrical, Electronics and Power",Un-Aided Home University : Shivaji University,Shivaji University,PWDOBCH,200726,3.9396716,P,H,PWD,B.Tech,2025,4
'06402,"NEW INSTITUTE OF TECHNOLOGY,KOLHAPUR",'0640291110,Computer Science and Engineering(Artificial Intelligence and Machine Learning),Un-Aided Home University : Shivaji University,Shivaji University,GOPENH,113038,61.7969670,G,H,OPEN,B.Tech,2025,4
'06402,"NEW INSTITUTE OF TECHNOLOGY,KOLHAPUR",'0640291110,Computer Science and Engineering(Artificial Intelligence and Machine Learning),Un-Aided Home University : Shivaji University,Shivaji University,LOPENH,112368,62.1365556,L,H,OPEN,B.Tech,2025,4
'06402,"NEW INSTITUTE OF TECHNOLOGY,KOLHAPUR",'0640291110,Computer Science and Engineering(Artificial Intelligence and Machine Learning),Un-Aided Home University : Shivaji University,Shivaji University,PWDOPENH,119539,58.8994542,P,H,PWD,B.Tech,2025,4
'06444,"Shriram Institute Of Engineering & Technology, (Poly), Paniv",'0644419110,Civil Engineering,Un-Aided Home University : Punyashlok Ahilyadevi Holkar Solapur University,Punyashlok Ahilyadevi Holkar Solapur University,GOPENO,199708,5.1955268,G,O,OPEN,B.Tech,2025,4
'06444,"Shriram Institute Of Engineering & Technology, (Poly), Paniv",'0644424510,Computer Engineering,Un-Aided Home University : Punyashlok Ahilyadevi Holkar Solapur University,Punyashlok Ahilyadevi Holkar Solapur University,GOPENO,183386,20.2849168,G,O,OPEN,B.Tech,2025,4
'06444,"Shriram Institute Of Engineering & Technology, (Poly), Paniv",'0644461210,Mechanical Engineering,Un-Aided Home University : Punyashlok Ahilyadevi Holkar Solapur University,Punyashlok Ahilyadevi Holkar Solapur University,GOPENH,137551,50.3223138,G,H,OPEN,B.Tech,2025,4
'06444,"Shriram Institute Of Engineering & Technology, (Poly), Paniv",'0644461210,Mechanical Engineering,Un-Aided Home University : Punyashlok Ahilyadevi Holkar Solapur University,Punyashlok Ahilyadevi Holkar Solapur University,GSCH,150124,43.4652257,G,H,SC,B.Tech,2025,4
'06444,"Shriram Institute Of Engineering & Technology, (Poly), Paniv",'0644461210,Mechanical Engineering,Un-Aided Home University : Punyashlok Ahilyadevi Holkar Solapur University,Punyashlok Ahilyadevi Holkar Solapur University,GNT1H,200849,3.7828281,G,H,NT1,B.Tech,2025,4
'06444,"Shriram Institute Of Engineering & Technology, (Poly), Paniv",'0644461210,Mechanical Engineering,Un-Aided Home University : Punyashlok Ahilyadevi Holkar Solapur University,Punyashlok Ahilyadevi Holkar Solapur University,GNT3H,168098,32.0884521,G,H,NT3,B.Tech,2025,4
'06466,"Shree Santkrupa Shikshan Sanstha, Shree Santkrupa Institute Of Engineering & Technology, Karad",'0646624210,Computer Science and Engineering,Un-Aided Home University : Shivaji University,Shivaji University,GOPENH,183982,19.7061157,G,H,OPEN,B.Tech,2025,4
'06466,"Shree Santkrupa Shikshan Sanstha, Shree Santkrupa Institute Of Engineering & Technology, Karad",'0646629310,Electrical Engineering,Un-Aided Home University : Shivaji University,Shivaji University,GSEBCH,108763,63.5767823,G,H,SEBC,B.Tech,2025,4
'06466,"Shree Santkrupa Shikshan Sanstha, Shree Santkrupa Institute Of Engineering & Technology, Karad",'0646629310,Electrical Engineering,Un-Aided Home University : Shivaji University,Shivaji University,GSCH,203276,0.6861721,G,H,SC,B.Tech,2025,4
'06466,"Shree Santkrupa Shikshan Sanstha, Shree Santkrupa Institute Of Engineering & Technology, Karad",'0646629310,Electrical Engineering,Un-Aided Home University : Shivaji University,Shivaji University,GOBCH,184353,19.2944893,G,H,OBC,B.Tech,2025,4
'06466,"Shree Santkrupa Shikshan Sanstha, Shree Santkrupa Institute Of Engineering & Technology, Karad",'0646629310,Electrical Engineering,Un-Aided Home University : Shivaji University,Shivaji University,LSCH,163138,35.6771832,L,H,SC,B.Tech,2025,4
'06466,"Shree Santkrupa Shikshan Sanstha, Shree Santkrupa Institute Of Engineering & Technology, Karad",'0646661210,Mechanical Engineering,Un-Aided Home University : Shivaji University,Shivaji University,DEFOPENS,94072,69.8498837,D,S,OPEN,B.Tech,2025,4
'06467,"Swami Vivekanand Institute Of Technology, Solapur",'0646724210,Computer Science and Engineering,Un-Aided,Unknown,GOPENH,83090,73.6345056,G,H,OPEN,B.Tech,2025,4
'06467,"Swami Vivekanand Institute Of Technology, Solapur",'0646724210,Computer Science and Engineering,Un-Aided,Unknown,LOPENH,133989,52.1817116,L,H,OPEN,B.Tech,2025,4
'06467,"Swami Vivekanand Institute Of Technology, Solapur",'0646724210,Computer Science and Engineering,Un-Aided,Unknown,LSEBCH,136037,50.8281802,L,H,SEBC,B.Tech,2025,4
'06467,"Swami Vivekanand Institute Of Technology, Solapur",'0646724210,Computer Science and Engineering,Un-Aided,Unknown,PWDOPENH,140800,48.5587427,P,H,PWD,B.Tech,2025,4
'06467,"Swami Vivekanand Institute Of Technology, Solapur",'0646724210,Computer Science and Engineering,Un-Aided,Unknown,GSCH,156623,39.3601986,G,H,SC,B.Tech,2025,4
'06467,"Swami Vivekanand Institute Of Technology, Solapur",'0646724210,Computer Science and Engineering,Un-Aided,Unknown,GNT1H,138343,49.7291102,G,H,NT1,B.Tech,2025,4
'06467,"Swami Vivekanand Institute Of Technology, Solapur",'0646724210,Computer Science and Engineering,Un-Aided,Unknown,LSCH,84987,73.4354379,L,H,SC,B.Tech,2025,4
'06467,"Swami Vivekanand Institute Of Technology, Solapur",'0646724610,Information Technology,Un-Aided,Unknown,GOPENH,152242,42.2674623,G,H,OPEN,B.Tech,2025,4
'06467,"Swami Vivekanand Institute Of Technology, Solapur",'0646724610,Information Technology,Un-Aided,Unknown,LSEBCH,169507,31.5596589,L,H,SEBC,B.Tech,2025,4
'06467,"Swami Vivekanand Institute Of Technology, Solapur",'0646724610,Information Technology,Un-Aided,Unknown,GSTH,167972,32.1281783,G,H,ST,B.Tech,2025,4
'06467,"Swami Vivekanand Institute Of Technology, Solapur",'0646729310,Electrical Engineering,Un-Aided,Unknown,GOPENH,200546,4.1433524,G,H,OPEN,B.Tech,2025,4
'06467,"Swami Vivekanand Institute Of Technology, Solapur",'0646729310,Electrical Engineering,Un-Aided,Unknown,LOPENH,191170,13.4300699,L,H,OPEN,B.Tech,2025,4
'06467,"Swami Vivekanand Institute Of Technology, Solapur",'0646729310,Electrical Engineering,Un-Aided,Unknown,LNT2H,184131,19.4484962,L,H,NT2,B.Tech,2025,4
'06467,"Swami Vivekanand Institute Of Technology, Solapur",'0646737210,Electronics and Telecommunication Engg,Un-Aided,Unknown,GOPENO,191067,13.6137728,G,O,OPEN,B.Tech,2025,4
'06468,"Swami Vivekananda Shikshan Sanstha, Dr. Bapuji Salunkhe Institute Of Engineering & Technology,Kolhapur",'0646824210,Computer Science and Engineering,Un-Aided Home University : Shivaji University,Shivaji University,GOPENH,105802,65.3084343,G,H,OPEN,B.Tech,2025,4
'06468,"Swami Vivekananda Shikshan Sanstha, Dr. Bapuji Salunkhe Institute Of Engineering & Technology,Kolhapur",'0646824210,Computer Science and Engineering,Un-Aided Home University : Shivaji University,Shivaji University,LOPENH,99157,68.1117918,L,H,OPEN,B.Tech,2025,4
'06468,"Swami Vivekananda Shikshan Sanstha, Dr. Bapuji Salunkhe Institute Of Engineering & Technology,Kolhapur",'0646824210,Computer Science and Engineering,Un-Aided Home University : Shivaji University,Shivaji University,PWDSEBCH,126758,55.4922986,P,H,PWD,B.Tech,2025,4
'06468,"Swami Vivekananda Shikshan Sanstha, Dr. Bapuji Salunkhe Institute Of Engineering & Technology,Kolhapur",'0646824210,Computer Science and Engineering,Un-Aided Home University : Shivaji University,Shivaji University,GSTH,114499,61.1295449,G,H,ST,B.Tech,2025,4
'06468,"Swami Vivekananda Shikshan Sanstha, Dr. Bapuji Salunkhe Institute Of Engineering & Technology,Kolhapur",'0646829310,Electrical Engineering,Un-Aided Home University : Shivaji University,Shivaji University,GOBCO,114924,60.9090909,G,O,OBC,B.Tech,2025,4
'06468,"Swami Vivekananda Shikshan Sanstha, Dr. Bapuji Salunkhe Institute Of Engineering & Technology,Kolhapur",'0646837210,Electronics and Telecommunication Engg,Un-Aided Home University : Shivaji University,Shivaji University,GOPENH,128532,54.5739657,G,H,OPEN,B.Tech,2025,4
'06468,"Swami Vivekananda Shikshan Sanstha, Dr. Bapuji Salunkhe Institute Of Engineering & Technology,Kolhapur",'0646837210,Electronics and Telecommunication Engg,Un-Aided Home University : Shivaji University,Shivaji University,GSEBCH,146747,45.3566434,G,H,SEBC,B.Tech,2025,4
'06468,"Swami Vivekananda Shikshan Sanstha, Dr. Bapuji Salunkhe Institute Of Engineering & Technology,Kolhapur",'0646837210,Electronics and Telecommunication Engg,Un-Aided Home University : Shivaji University,Shivaji University,LOPENH,138975,49.4020979,L,H,OPEN,B.Tech,2025,4
'06468,"Swami Vivekananda Shikshan Sanstha, Dr. Bapuji Salunkhe Institute Of Engineering & Technology,Kolhapur",'0646837210,Electronics and Telecommunication Engg,Un-Aided Home University : Shivaji University,Shivaji University,GSCH,146947,45.2322221,G,H,SC,B.Tech,2025,4
'06468,"Swami Vivekananda Shikshan Sanstha, Dr. Bapuji Salunkhe Institute Of Engineering & Technology,Kolhapur",'0646837210,Electronics and Telecommunication Engg,Un-Aided Home University : Shivaji University,Shivaji University,GSTH,144277,46.7613499,G,H,ST,B.Tech,2025,4
'06468,"Swami Vivekananda Shikshan Sanstha, Dr. Bapuji Salunkhe Institute Of Engineering & Technology,Kolhapur",'0646884410,Electronics and Computer Engineering,Un-Aided Home University : Shivaji University,Shivaji University,GOPENO,172623,28.6767287,G,O,OPEN,B.Tech,2025,4
'06468,"Swami Vivekananda Shikshan Sanstha, Dr. Bapuji Salunkhe Institute Of Engineering & Technology,Kolhapur",'0646884410,Electronics and Computer Engineering,Un-Aided Home University : Shivaji University,Shivaji University,LOPENO,122350,57.6249683,L,O,OPEN,B.Tech,2025,4
'06468,"Swami Vivekananda Shikshan Sanstha, Dr. Bapuji Salunkhe Institute Of Engineering & Technology,Kolhapur",'0646884410,Electronics and Computer Engineering,Un-Aided Home University : Shivaji University,Shivaji University,GSCO,178594,24.6987745,G,O,SC,B.Tech,2025,4
'06468,"Swami Vivekananda Shikshan Sanstha, Dr. Bapuji Salunkhe Institute Of Engineering & Technology,Kolhapur",'0646891110,Computer Science and Engineering(Artificial Intelligence and Machine Learning),Un-Aided Home University : Shivaji University,Shivaji University,GOBCH,133465,52.3622324,G,H,OBC,B.Tech,2025,4
'06468,"Swami Vivekananda Shikshan Sanstha, Dr. Bapuji Salunkhe Institute Of Engineering & Technology,Kolhapur",'0646891110,Computer Science and Engineering(Artificial Intelligence and Machine Learning),Un-Aided Home University : Shivaji University,Shivaji University,LOPENH,128292,54.5872518,L,H,OPEN,B.Tech,2025,4
'06468,"Swami Vivekananda Shikshan Sanstha, Dr. Bapuji Salunkhe Institute Of Engineering & Technology,Kolhapur",'0646891110,Computer Science and Engineering(Artificial Intelligence and Machine Learning),Un-Aided Home University : Shivaji University,Shivaji University,LSTH,133570,52.3622324,L,H,ST,B.Tech,2025,4
'06545,"Samarth Education Trust's Arvind Gavali College Of Engineering Panwalewadi, Varye,Satara.",'0654524210,Computer Science and Engineering,Un-Aided Autonomous Home University : Autonomous Institute,Autonomous Institute,GOPENS,141292,47.8905633,G,S,OPEN,B.Tech,2025,4
'06545,"Samarth Education Trust's Arvind Gavali College Of Engineering Panwalewadi, Varye,Satara.",'0654524210,Computer Science and Engineering,Un-Aided Autonomous Home University : Autonomous Institute,Autonomous Institute,LOPENS,113313,61.7969670,L,S,OPEN,B.Tech,2025,4
'06545,"Samarth Education Trust's Arvind Gavali College Of Engineering Panwalewadi, Varye,Satara.",'0654524210,Computer Science and Engineering,Un-Aided Autonomous Home University : Autonomous Institute,Autonomous Institute,LSCS,197279,7.8234926,L,S,SC,B.Tech,2025,4
'06545,"Samarth Education Trust's Arvind Gavali College Of Engineering Panwalewadi, Varye,Satara.",'0654524210,Computer Science and Engineering,Un-Aided Autonomous Home University : Autonomous Institute,Autonomous Institute,PWDOPENS,127763,55.1895416,P,S,PWD,B.Tech,2025,4
'06545,"Samarth Education Trust's Arvind Gavali College Of Engineering Panwalewadi, Varye,Satara.",'0654524210,Computer Science and Engineering,Un-Aided Autonomous Home University : Autonomous Institute,Autonomous Institute,GOBCS,148767,43.7443400,G,S,OBC,B.Tech,2025,4
'06545,"Samarth Education Trust's Arvind Gavali College Of Engineering Panwalewadi, Varye,Satara.",'0654524210,Computer Science and Engineering,Un-Aided Autonomous Home University : Autonomous Institute,Autonomous Institute,LSTS,125012,56.5039753,L,S,ST,B.Tech,2025,4
'06545,"Samarth Education Trust's Arvind Gavali College Of Engineering Panwalewadi, Varye,Satara.",'0654526310,Artificial Intelligence (AI) and Data Science,Un-Aided Autonomous Home University : Autonomous Institute,Autonomous Institute,GOPENS,133222,52.3622324,G,S,OPEN,B.Tech,2025,4
'06545,"Samarth Education Trust's Arvind Gavali College Of Engineering Panwalewadi, Varye,Satara.",'0654526310,Artificial Intelligence (AI) and Data Science,Un-Aided Autonomous Home University : Autonomous Institute,Autonomous Institute,GSEBCS,146676,45.3566434,G,S,SEBC,B.Tech,2025,4
'06545,"Samarth Education Trust's Arvind Gavali College Of Engineering Panwalewadi, Varye,Satara.",'0654526310,Artificial Intelligence (AI) and Data Science,Un-Aided Autonomous Home University : Autonomous Institute,Autonomous Institute,LOPENS,85598,73.1347962,L,S,OPEN,B.Tech,2025,4
'06545,"Samarth Education Trust's Arvind Gavali College Of Engineering Panwalewadi, Varye,Satara.",'0654526310,Artificial Intelligence (AI) and Data Science,Un-Aided Autonomous Home University : Autonomous Institute,Autonomous Institute,LOBCS,114351,61.1295449,L,S,OBC,B.Tech,2025,4
'06545,"Samarth Education Trust's Arvind Gavali College Of Engineering Panwalewadi, Varye,Satara.",'0654526310,Artificial Intelligence (AI) and Data Science,Un-Aided Autonomous Home University : Autonomous Institute,Autonomous Institute,GOBCS,136614,50.7016833,G,S,OBC,B.Tech,2025,4
'06545,"Samarth Education Trust's Arvind Gavali College Of Engineering Panwalewadi, Varye,Satara.",'0654529310,Electrical Engineering,Un-Aided Autonomous Home University : Autonomous Institute,Autonomous Institute,GSEBCS,195307,9.7858898,G,S,SEBC,B.Tech,2025,4
'06545,"Samarth Education Trust's Arvind Gavali College Of Engineering Panwalewadi, Varye,Satara.",'0654529310,Electrical Engineering,Un-Aided Autonomous Home University : Autonomous Institute,Autonomous Institute,LOPENS,203445,0.4242696,L,S,OPEN,B.Tech,2025,4
'06545,"Samarth Education Trust's Arvind Gavali College Of Engineering Panwalewadi, Varye,Satara.",'0654537210,Electronics and Telecommunication Engg,Un-Aided Autonomous Home University : Autonomous Institute,Autonomous Institute,GOPENS,152846,41.7471281,G,S,OPEN,B.Tech,2025,4
'06545,"Samarth Education Trust's Arvind Gavali College Of Engineering Panwalewadi, Varye,Satara.",'0654537210,Electronics and Telecommunication Engg,Un-Aided Autonomous Home University : Autonomous Institute,Autonomous Institute,GOBCS,172724,28.6767287,G,S,OBC,B.Tech,2025,4
'06545,"Samarth Education Trust's Arvind Gavali College Of Engineering Panwalewadi, Varye,Satara.",'0654537210,Electronics and Telecommunication Engg,Un-Aided Autonomous Home University : Autonomous Institute,Autonomous Institute,LNT2S,168847,31.9280223,L,S,NT2,B.Tech,2025,4
'06545,"Samarth Education Trust's Arvind Gavali College Of Engineering Panwalewadi, Varye,Satara.",'0654537210,Electronics and Telecommunication Engg,Un-Aided Autonomous Home University : Autonomous Institute,Autonomous Institute,PWDOPENS,190445,14.0716041,P,S,PWD,B.Tech,2025,4
'06545,"Samarth Education Trust's Arvind Gavali College Of Engineering Panwalewadi, Varye,Satara.",'0654537210,Electronics and Telecommunication Engg,Un-Aided Autonomous Home University : Autonomous Institute,Autonomous Institute,GSTS,193269,11.6988417,G,S,ST,B.Tech,2025,4
'06545,"Samarth Education Trust's Arvind Gavali College Of Engineering Panwalewadi, Varye,Satara.",'0654561210,Mechanical Engineering,Un-Aided Autonomous Home University : Autonomous Institute,Autonomous Institute,LOPENS,174999,26.6274079,L,S,OPEN,B.Tech,2025,4
'06545,"Samarth Education Trust's Arvind Gavali College Of Engineering Panwalewadi, Varye,Satara.",'0654561210,Mechanical Engineering,Un-Aided Autonomous Home University : Autonomous Institute,Autonomous Institute,GSCS,138104,49.7291102,G,S,SC,B.Tech,2025,4
'06545,"Samarth Education Trust's Arvind Gavali College Of Engineering Panwalewadi, Varye,Satara.",'0654561210,Mechanical Engineering,Un-Aided Autonomous Home University : Autonomous Institute,Autonomous Institute,LSTS,161848,35.9909439,L,S,ST,B.Tech,2025,4
'06545,"Samarth Education Trust's Arvind Gavali College Of Engineering Panwalewadi, Varye,Satara.",'0654584410,Electronics and Computer Engineering,Un-Aided Autonomous Home University : Autonomous Institute,Autonomous Institute,GOPENS,195787,9.3356129,G,S,OPEN,B.Tech,2025,4
'06545,"Samarth Education Trust's Arvind Gavali College Of Engineering Panwalewadi, Varye,Satara.",'0654584410,Electronics and Computer Engineering,Un-Aided Autonomous Home University : Autonomous Institute,Autonomous Institute,GSEBCS,200431,4.3158445,G,S,SEBC,B.Tech,2025,4
'06545,"Samarth Education Trust's Arvind Gavali College Of Engineering Panwalewadi, Varye,Satara.",'0654584410,Electronics and Computer Engineering,Un-Aided Autonomous Home University : Autonomous Institute,Autonomous Institute,TFWS,183669,19.8246656,T,S,TFWS,B.Tech,2025,4
'06545,"Samarth Education Trust's Arvind Gavali College Of Engineering Panwalewadi, Varye,Satara.",'0654584410,Electronics and Computer Engineering,Un-Aided Autonomous Home University : Autonomous Institute,Autonomous Institute,GNT2S,202018,2.4406683,G,S,NT2,B.Tech,2025,4
'06545,"Samarth Education Trust's Arvind Gavali College Of Engineering Panwalewadi, Varye,Satara.",'0654584410,Electronics and Computer Engineering,Un-Aided Autonomous Home University : Autonomous Institute,Autonomous Institute,LSCS,194178,10.8523619,L,S,SC,B.Tech,2025,4
'06609,"Jaihind College Of Engineering,Kuran",'0660919110,Civil Engineering,Un-Aided,Unknown,GOPENH,128855,54.4314351,G,H,OPEN,B.Tech,2025,4
'06609,"Jaihind College Of Engineering,Kuran",'0660919110,Civil Engineering,Un-Aided,Unknown,GSCH,140045,49.2256217,G,H,SC,B.Tech,2025,4
'06609,"Jaihind College Of Engineering,Kuran",'0660924510,Computer Engineering,Un-Aided,Unknown,GOPENH,92232,70.5072010,G,H,OPEN,B.Tech,2025,4
'06609,"Jaihind College Of Engineering,Kuran",'0660924510,Computer Engineering,Un-Aided,Unknown,GNT2H,99965,67.8210479,G,H,NT2,B.Tech,2025,4
'06609,"Jaihind College Of Engineering,Kuran",'0660924510,Computer Engineering,Un-Aided,Unknown,GOBCH,112042,62.1412608,G,H,OBC,B.Tech,2025,4
'06609,"Jaihind College Of Engineering,Kuran",'0660924510,Computer Engineering,Un-Aided,Unknown,GSEBCH,114106,61.5619516,G,H,SEBC,B.Tech,2025,4
'06609,"Jaihind College Of Engineering,Kuran",'0660924510,Computer Engineering,Un-Aided,Unknown,LOPENH,45204,86.6223776,L,H,OPEN,B.Tech,2025,4
'06609,"Jaihind College Of Engineering,Kuran",'0660924510,Computer Engineering,Un-Aided,Unknown,LOBCH,80798,74.9785452,L,H,OBC,B.Tech,2025,4
'06609,"Jaihind College Of Engineering,Kuran",'0660924510,Computer Engineering,Un-Aided,Unknown,LVJH,170787,29.4125763,L,H,VJ,B.Tech,2025,4
'06609,"Jaihind College Of Engineering,Kuran",'0660926310,Artificial Intelligence (AI) and Data Science,Un-Aided,Unknown,GOPENH,48827,85.4112341,G,H,OPEN,B.Tech,2025,4
'06609,"Jaihind College Of Engineering,Kuran",'0660926310,Artificial Intelligence (AI) and Data Science,Un-Aided,Unknown,GOBCH,73993,77.0149774,G,H,OBC,B.Tech,2025,4
'06609,"Jaihind College Of Engineering,Kuran",'0660926310,Artificial Intelligence (AI) and Data Science,Un-Aided,Unknown,PWDSCH,137798,50.3223138,P,H,PWD,B.Tech,2025,4
'06609,"Jaihind College Of Engineering,Kuran",'0660926310,Artificial Intelligence (AI) and Data Science,Un-Aided,Unknown,GSTH,118244,59.3210117,G,H,ST,B.Tech,2025,4
'06609,"Jaihind College Of Engineering,Kuran",'0660937210,Electronics and Telecommunication Engg,Un-Aided,Unknown,GOPENH,128171,54.5872518,G,H,OPEN,B.Tech,2025,4
'06609,"Jaihind College Of Engineering,Kuran",'0660937210,Electronics and Telecommunication Engg,Un-Aided,Unknown,GOBCH,131106,53.6060165,G,H,OBC,B.Tech,2025,4
'06609,"Jaihind College Of Engineering,Kuran",'0660937210,Electronics and Telecommunication Engg,Un-Aided,Unknown,GSEBCH,164693,33.6209084,G,H,SEBC,B.Tech,2025,4
'06609,"Jaihind College Of Engineering,Kuran",'0660937210,Electronics and Telecommunication Engg,Un-Aided,Unknown,LOBCH,126141,55.9381337,L,H,OBC,B.Tech,2025,4
'06609,"Jaihind College Of Engineering,Kuran",'0660937210,Electronics and Telecommunication Engg,Un-Aided,Unknown,PWDOBCH,134495,51.5716400,P,H,PWD,B.Tech,2025,4
'06609,"Jaihind College Of Engineering,Kuran",'0660937210,Electronics and Telecommunication Engg,Un-Aided,Unknown,GSCH,142584,47.3563218,G,H,SC,B.Tech,2025,4
'06609,"Jaihind College Of Engineering,Kuran",'0660937210,Electronics and Telecommunication Engg,Un-Aided,Unknown,GNT2H,134190,51.7009371,G,H,NT2,B.Tech,2025,4
'06609,"Jaihind College Of Engineering,Kuran",'0660961210,Mechanical Engineering,Un-Aided,Unknown,GOBCH,143293,47.1396200,G,H,OBC,B.Tech,2025,4
'06609,"Jaihind College Of Engineering,Kuran",'0660961210,Mechanical Engineering,Un-Aided,Unknown,LOPENH,147029,45.2322221,L,H,OPEN,B.Tech,2025,4
'06609,"Jaihind College Of Engineering,Kuran",'0660961210,Mechanical Engineering,Un-Aided,Unknown,LOBCH,153731,41.4020979,L,H,OBC,B.Tech,2025,4
'06609,"Jaihind College Of Engineering,Kuran",'0660961210,Mechanical Engineering,Un-Aided,Unknown,GSEBCH,150268,43.1964993,G,H,SEBC,B.Tech,2025,4
'06609,"Jaihind College Of Engineering,Kuran",'0660984410,Electronics and Computer Engineering,Un-Aided,Unknown,GOBCH,124000,57.0133407,G,H,OBC,B.Tech,2025,4
'06609,"Jaihind College Of Engineering,Kuran",'0660984410,Electronics and Computer Engineering,Un-Aided,Unknown,PWDOPENH,123724,57.0133407,P,H,PWD,B.Tech,2025,4
'06609,"Jaihind College Of Engineering,Kuran",'0660984410,Electronics and Computer Engineering,Un-Aided,Unknown,LNT3H,124663,56.6213771,L,H,NT3,B.Tech,2025,4
'06622,ISBM College Of Engineering Pune,'0662224510,Computer Engineering,Un-Aided Linguistic Minority - Hindi,Unknown,GOPENH,64392,80.3575863,G,H,OPEN,B.Tech,2025,4
'06622,ISBM College Of Engineering Pune,'0662224510,Computer Engineering,Un-Aided Linguistic Minority - Hindi,Unknown,LOPENH,66431,79.7946282,L,H,OPEN,B.Tech,2025,4
'06622,ISBM College Of Engineering Pune,'0662237210,Electronics and Telecommunication Engg,Un-Aided Linguistic Minority - Hindi,Unknown,GOPENO,56527,82.8811189,G,O,OPEN,B.Tech,2025,4
'06622,ISBM College Of Engineering Pune,'0662237810,Electronics Engineering ( VLSI Design and Technology),Un-Aided Linguistic Minority - Hindi,Unknown,GOPENH,101806,66.4263323,G,H,OPEN,B.Tech,2025,4
'06622,ISBM College Of Engineering Pune,'0662237810,Electronics Engineering ( VLSI Design and Technology),Un-Aided Linguistic Minority - Hindi,Unknown,LOPENH,77485,75.6538462,L,H,OPEN,B.Tech,2025,4
'06622,ISBM College Of Engineering Pune,'0662256610,Computer Science,Un-Aided Linguistic Minority - Hindi,Unknown,GOPENH,65060,80.0000000,G,H,OPEN,B.Tech,2025,4
'06622,ISBM College Of Engineering Pune,'0662256610,Computer Science,Un-Aided Linguistic Minority - Hindi,Unknown,LOPENH,50133,85.0571556,L,H,OPEN,B.Tech,2025,4
'06622,ISBM College Of Engineering Pune,'0662261210,Mechanical Engineering,Un-Aided Linguistic Minority - Hindi,Unknown,GOPENH,112702,62.0615406,G,H,OPEN,B.Tech,2025,4
'06622,ISBM College Of Engineering Pune,'0662292110,Artificial Intelligence and Machine Learning,Un-Aided Linguistic Minority - Hindi,Unknown,GOPENH,72829,77.5384615,G,H,OPEN,B.Tech,2025,4
'06622,ISBM College Of Engineering Pune,'0662292110,Artificial Intelligence and Machine Learning,Un-Aided Linguistic Minority - Hindi,Unknown,LOPENH,63149,80.9669596,L,H,OPEN,B.Tech,2025,4
'06622,ISBM College Of Engineering Pune,'0662299510,Artificial Intelligence and Data Science,Un-Aided Linguistic Minority - Hindi,Unknown,GOPENH,63566,80.7807182,G,H,OPEN,B.Tech,2025,4
'06622,ISBM College Of Engineering Pune,'0662299510,Artificial Intelligence and Data Science,Un-Aided Linguistic Minority - Hindi,Unknown,LOPENH,49419,85.1919561,L,H,OPEN,B.Tech,2025,4
'06625,"Universal College of Engineering & Research, Sasewadi",'0662519110,Civil Engineering,Un-Aided,Unknown,GOPENH,183666,19.8246656,G,H,OPEN,B.Tech,2025,4
'06625,"Universal College of Engineering & Research, Sasewadi",'0662519110,Civil Engineering,Un-Aided,Unknown,GSEBCH,202095,2.3757781,G,H,SEBC,B.Tech,2025,4
'06625,"Universal College of Engineering & Research, Sasewadi",'0662519110,Civil Engineering,Un-Aided,Unknown,LOPENH,198407,6.4874627,L,H,OPEN,B.Tech,2025,4
'06625,"Universal College of Engineering & Research, Sasewadi",'0662519110,Civil Engineering,Un-Aided,Unknown,GSTH,196805,8.0990652,G,H,ST,B.Tech,2025,4
'06625,"Universal College of Engineering & Research, Sasewadi",'0662524510,Computer Engineering,Un-Aided,Unknown,GSCH,165555,33.0802795,G,H,SC,B.Tech,2025,4
'06625,"Universal College of Engineering & Research, Sasewadi",'0662524510,Computer Engineering,Un-Aided,Unknown,GOBCH,156159,39.6653303,G,H,OBC,B.Tech,2025,4
'06625,"Universal College of Engineering & Research, Sasewadi",'0662524510,Computer Engineering,Un-Aided,Unknown,LSEBCH,161126,36.1161649,L,H,SEBC,B.Tech,2025,4
'06625,"Universal College of Engineering & Research, Sasewadi",'0662529310,Electrical Engineering,Un-Aided,Unknown,GOPENH,132473,52.8806012,G,H,OPEN,B.Tech,2025,4
'06625,"Universal College of Engineering & Research, Sasewadi",'0662529310,Electrical Engineering,Un-Aided,Unknown,GVJH,172419,28.8537986,G,H,VJ,B.Tech,2025,4
'06625,"Universal College of Engineering & Research, Sasewadi",'0662529310,Electrical Engineering,Un-Aided,Unknown,GOBCH,181986,21.6174291,G,H,OBC,B.Tech,2025,4
'06625,"Universal College of Engineering & Research, Sasewadi",'0662529310,Electrical Engineering,Un-Aided,Unknown,LSTH,175892,25.7272727,L,H,ST,B.Tech,2025,4
'06625,"Universal College of Engineering & Research, Sasewadi",'0662529310,Electrical Engineering,Un-Aided,Unknown,LOBCH,178296,24.7167509,L,H,OBC,B.Tech,2025,4
'06625,"Universal College of Engineering & Research, Sasewadi",'0662561210,Mechanical Engineering,Un-Aided,Unknown,GOPENH,198451,6.4874627,G,H,OPEN,B.Tech,2025,4
'06625,"Universal College of Engineering & Research, Sasewadi",'0662561210,Mechanical Engineering,Un-Aided,Unknown,LNT2H,192021,12.9554081,L,H,NT2,B.Tech,2025,4
'06628,"Dattakala Group Of Institutions, Swami - Chincholi Tal. Daund Dist. Pune",'0662819110,Civil Engineering,Un-Aided,Unknown,LOBCH,147809,44.2599775,L,H,OBC,B.Tech,2025,4
'06628,"Dattakala Group Of Institutions, Swami - Chincholi Tal. Daund Dist. Pune",'0662824510,Computer Engineering,Un-Aided,Unknown,GOPENH,129884,54.0903901,G,H,OPEN,B.Tech,2025,4
'06628,"Dattakala Group Of Institutions, Swami - Chincholi Tal. Daund Dist. Pune",'0662824510,Computer Engineering,Un-Aided,Unknown,GSCH,157467,39.2328654,G,H,SC,B.Tech,2025,4
'06628,"Dattakala Group Of Institutions, Swami - Chincholi Tal. Daund Dist. Pune",'0662824510,Computer Engineering,Un-Aided,Unknown,GOBCH,173617,28.3031822,G,H,OBC,B.Tech,2025,4
'06628,"Dattakala Group Of Institutions, Swami - Chincholi Tal. Daund Dist. Pune",'0662824510,Computer Engineering,Un-Aided,Unknown,LOPENH,107590,64.2631037,L,H,OPEN,B.Tech,2025,4
'06628,"Dattakala Group Of Institutions, Swami - Chincholi Tal. Daund Dist. Pune",'0662824510,Computer Engineering,Un-Aided,Unknown,LOBCH,168791,31.9280223,L,H,OBC,B.Tech,2025,4
'06628,"Dattakala Group Of Institutions, Swami - Chincholi Tal. Daund Dist. Pune",'0662824510,Computer Engineering,Un-Aided,Unknown,LVJH,160898,36.1811489,L,H,VJ,B.Tech,2025,4
'06628,"Dattakala Group Of Institutions, Swami - Chincholi Tal. Daund Dist. Pune",'0662824510,Computer Engineering,Un-Aided,Unknown,GSTH,144423,46.6242967,G,H,ST,B.Tech,2025,4
'06628,"Dattakala Group Of Institutions, Swami - Chincholi Tal. Daund Dist. Pune",'0662826310,Artificial Intelligence (AI) and Data Science,Un-Aided,Unknown,GOPENH,132762,52.5968356,G,H,OPEN,B.Tech,2025,4
'06628,"Dattakala Group Of Institutions, Swami - Chincholi Tal. Daund Dist. Pune",'0662826310,Artificial Intelligence (AI) and Data Science,Un-Aided,Unknown,GSCH,203638,0.1619552,G,H,SC,B.Tech,2025,4
'06628,"Dattakala Group Of Institutions, Swami - Chincholi Tal. Daund Dist. Pune",'0662826310,Artificial Intelligence (AI) and Data Science,Un-Aided,Unknown,GOBCH,164827,33.6209084,G,H,OBC,B.Tech,2025,4
'06628,"Dattakala Group Of Institutions, Swami - Chincholi Tal. Daund Dist. Pune",'0662826310,Artificial Intelligence (AI) and Data Science,Un-Aided,Unknown,LOBCH,155517,39.7546871,L,H,OBC,B.Tech,2025,4
'06628,"Dattakala Group Of Institutions, Swami - Chincholi Tal. Daund Dist. Pune",'0662826310,Artificial Intelligence (AI) and Data Science,Un-Aided,Unknown,PWDOBCH,164828,33.6209084,P,H,PWD,B.Tech,2025,4
'06628,"Dattakala Group Of Institutions, Swami - Chincholi Tal. Daund Dist. Pune",'0662829310,Electrical Engineering,Un-Aided,Unknown,GOPENH,153239,41.4458186,G,H,OPEN,B.Tech,2025,4
'06628,"Dattakala Group Of Institutions, Swami - Chincholi Tal. Daund Dist. Pune",'0662829310,Electrical Engineering,Un-Aided,Unknown,GSCH,156180,39.6653303,G,H,SC,B.Tech,2025,4
'06628,"Dattakala Group Of Institutions, Swami - Chincholi Tal. Daund Dist. Pune",'0662829310,Electrical Engineering,Un-Aided,Unknown,LSCH,172938,28.4151863,L,H,SC,B.Tech,2025,4
'06628,"Dattakala Group Of Institutions, Swami - Chincholi Tal. Daund Dist. Pune",'0662861210,Mechanical Engineering,Un-Aided,Unknown,GOPENH,144829,46.3957696,G,H,OPEN,B.Tech,2025,4
'06628,"Dattakala Group Of Institutions, Swami - Chincholi Tal. Daund Dist. Pune",'0662861210,Mechanical Engineering,Un-Aided,Unknown,GOBCH,194980,9.9651616,G,H,OBC,B.Tech,2025,4
'06628,"Dattakala Group Of Institutions, Swami - Chincholi Tal. Daund Dist. Pune",'0662861210,Mechanical Engineering,Un-Aided,Unknown,LOBCH,167416,32.1650475,L,H,OBC,B.Tech,2025,4
'06628,"Dattakala Group Of Institutions, Swami - Chincholi Tal. Daund Dist. Pune",'0662884410,Electronics and Computer Engineering,Un-Aided,Unknown,GOPENH,184148,19.4484962,G,H,OPEN,B.Tech,2025,4
'06628,"Dattakala Group Of Institutions, Swami - Chincholi Tal. Daund Dist. Pune",'0662884410,Electronics and Computer Engineering,Un-Aided,Unknown,LSEBCH,161588,36.0836122,L,H,SEBC,B.Tech,2025,4
'06628,"Dattakala Group Of Institutions, Swami - Chincholi Tal. Daund Dist. Pune",'0662884410,Electronics and Computer Engineering,Un-Aided,Unknown,GSCH,198296,6.5434100,G,H,SC,B.Tech,2025,4
'06628,"Dattakala Group Of Institutions, Swami - Chincholi Tal. Daund Dist. Pune",'0662884410,Electronics and Computer Engineering,Un-Aided,Unknown,GSTH,190081,14.7567322,G,H,ST,B.Tech,2025,4
'06628,"Dattakala Group Of Institutions, Swami - Chincholi Tal. Daund Dist. Pune",'0662884410,Electronics and Computer Engineering,Un-Aided,Unknown,GVJH,202359,2.0436563,G,H,VJ,B.Tech,2025,4
'06628,"Dattakala Group Of Institutions, Swami - Chincholi Tal. Daund Dist. Pune",'0662884410,Electronics and Computer Engineering,Un-Aided,Unknown,GNT3H,192228,12.5776664,G,H,NT3,B.Tech,2025,4
'06632,Navsahyadri Education Society's Group of Institutions,'0663219110,Civil Engineering,Un-Aided,Unknown,GOPENH,156539,39.5742169,G,H,OPEN,B.Tech,2025,4
'06632,Navsahyadri Education Society's Group of Institutions,'0663219110,Civil Engineering,Un-Aided,Unknown,GOBCH,176385,25.5643537,G,H,OBC,B.Tech,2025,4
'06632,Navsahyadri Education Society's Group of Institutions,'0663224510,Computer Engineering,Un-Aided,Unknown,GOPENH,110298,63.2914656,G,H,OPEN,B.Tech,2025,4
'06632,Navsahyadri Education Society's Group of Institutions,'0663224510,Computer Engineering,Un-Aided,Unknown,GSCH,170025,30.2606300,G,H,SC,B.Tech,2025,4
'06632,Navsahyadri Education Society's Group of Institutions,'0663224510,Computer Engineering,Un-Aided,Unknown,GVJH,203143,0.8610772,G,H,VJ,B.Tech,2025,4
'06632,Navsahyadri Education Society's Group of Institutions,'0663224510,Computer Engineering,Un-Aided,Unknown,GNT1H,153817,40.6822054,G,H,NT1,B.Tech,2025,4
'06632,Navsahyadri Education Society's Group of Institutions,'0663224510,Computer Engineering,Un-Aided,Unknown,GOBCH,118854,59.2797111,G,H,OBC,B.Tech,2025,4
'06632,Navsahyadri Education Society's Group of Institutions,'0663224510,Computer Engineering,Un-Aided,Unknown,GSEBCH,119662,58.8994542,G,H,SEBC,B.Tech,2025,4
'06632,Navsahyadri Education Society's Group of Institutions,'0663224510,Computer Engineering,Un-Aided,Unknown,LOPENH,95328,69.3295893,L,H,OPEN,B.Tech,2025,4
'06632,Navsahyadri Education Society's Group of Institutions,'0663224510,Computer Engineering,Un-Aided,Unknown,LOBCH,103672,65.8992965,L,H,OBC,B.Tech,2025,4
'06632,Navsahyadri Education Society's Group of Institutions,'0663224510,Computer Engineering,Un-Aided,Unknown,PWDOPENH,100540,67.1459332,P,H,PWD,B.Tech,2025,4
'06632,Navsahyadri Education Society's Group of Institutions,'0663224510,Computer Engineering,Un-Aided,Unknown,GSTH,116087,60.4378874,G,H,ST,B.Tech,2025,4
'06632,Navsahyadri Education Society's Group of Institutions,'0663224510,Computer Engineering,Un-Aided,Unknown,LSTH,108564,63.6512871,L,H,ST,B.Tech,2025,4
'06632,Navsahyadri Education Society's Group of Institutions,'0663229310,Electrical Engineering,Un-Aided,Unknown,GOPENH,127391,55.2744499,G,H,OPEN,B.Tech,2025,4
'06632,Navsahyadri Education Society's Group of Institutions,'0663229310,Electrical Engineering,Un-Aided,Unknown,GOBCH,147497,44.5303298,G,H,OBC,B.Tech,2025,4
'06632,Navsahyadri Education Society's Group of Institutions,'0663229310,Electrical Engineering,Un-Aided,Unknown,GSEBCH,171192,29.2375397,G,H,SEBC,B.Tech,2025,4
'06632,Navsahyadri Education Society's Group of Institutions,'0663237210,Electronics and Telecommunication Engg,Un-Aided,Unknown,GOPENH,110788,63.2000580,G,H,OPEN,B.Tech,2025,4
'06632,Navsahyadri Education Society's Group of Institutions,'0663237210,Electronics and Telecommunication Engg,Un-Aided,Unknown,GOBCH,111619,62.8632493,G,H,OBC,B.Tech,2025,4
'06632,Navsahyadri Education Society's Group of Institutions,'0663237210,Electronics and Telecommunication Engg,Un-Aided,Unknown,GSEBCH,134245,51.7009371,G,H,SEBC,B.Tech,2025,4
'06632,Navsahyadri Education Society's Group of Institutions,'0663237210,Electronics and Telecommunication Engg,Un-Aided,Unknown,LOPENH,116866,60.3213757,L,H,OPEN,B.Tech,2025,4
'06632,Navsahyadri Education Society's Group of Institutions,'0663261210,Mechanical Engineering,Un-Aided,Unknown,GOBCH,174011,28.2789485,G,H,OBC,B.Tech,2025,4
'06632,Navsahyadri Education Society's Group of Institutions,'0663261210,Mechanical Engineering,Un-Aided,Unknown,GSEBCH,170488,29.5314685,G,H,SEBC,B.Tech,2025,4
'06632,Navsahyadri Education Society's Group of Institutions,'0663261210,Mechanical Engineering,Un-Aided,Unknown,LOPENH,152033,42.6339209,L,H,OPEN,B.Tech,2025,4
'06632,Navsahyadri Education Society's Group of Institutions,'0663261210,Mechanical Engineering,Un-Aided,Unknown,LSEBCH,175830,25.8355418,L,H,SEBC,B.Tech,2025,4
'06632,Navsahyadri Education Society's Group of Institutions,'0663292110,Artificial Intelligence and Machine Learning,Un-Aided,Unknown,GOPENH,94442,69.4936445,G,H,OPEN,B.Tech,2025,4
'06632,Navsahyadri Education Society's Group of Institutions,'0663292110,Artificial Intelligence and Machine Learning,Un-Aided,Unknown,GSCH,98551,68.1164395,G,H,SC,B.Tech,2025,4
'06632,Navsahyadri Education Society's Group of Institutions,'0663292110,Artificial Intelligence and Machine Learning,Un-Aided,Unknown,GNT2H,144030,46.7613499,G,H,NT2,B.Tech,2025,4
'06632,Navsahyadri Education Society's Group of Institutions,'0663292110,Artificial Intelligence and Machine Learning,Un-Aided,Unknown,GSEBCH,100182,67.2177090,G,H,SEBC,B.Tech,2025,4
'06632,Navsahyadri Education Society's Group of Institutions,'0663292110,Artificial Intelligence and Machine Learning,Un-Aided,Unknown,LNT2H,129256,54.1537389,L,H,NT2,B.Tech,2025,4
'06632,Navsahyadri Education Society's Group of Institutions,'0663292110,Artificial Intelligence and Machine Learning,Un-Aided,Unknown,GSTH,100306,67.2177090,G,H,ST,B.Tech,2025,4
'06632,Navsahyadri Education Society's Group of Institutions,'0663299510,Artificial Intelligence and Data Science,Un-Aided,Unknown,GOPENH,85844,72.8948543,G,H,OPEN,B.Tech,2025,4
'06632,Navsahyadri Education Society's Group of Institutions,'0663299510,Artificial Intelligence and Data Science,Un-Aided,Unknown,GOBCH,98497,68.2382408,G,H,OBC,B.Tech,2025,4
'06632,Navsahyadri Education Society's Group of Institutions,'0663299510,Artificial Intelligence and Data Science,Un-Aided,Unknown,PWDOPENH,83241,73.6345056,P,H,PWD,B.Tech,2025,4
'06634,"KJEI's Trinity Academy of Engineering, Yewalewadi, Pune",'0663419110,Civil Engineering,Un-Aided,Unknown,GNT1H,155155,39.9024730,G,H,NT1,B.Tech,2025,4
'06634,"KJEI's Trinity Academy of Engineering, Yewalewadi, Pune",'0663424510,Computer Engineering,Un-Aided,Unknown,GOPENO,93562,69.8941051,G,O,OPEN,B.Tech,2025,4
'06634,"KJEI's Trinity Academy of Engineering, Yewalewadi, Pune",'0663424510,Computer Engineering,Un-Aided,Unknown,GOBCO,116935,60.3213757,G,O,OBC,B.Tech,2025,4
'06634,"KJEI's Trinity Academy of Engineering, Yewalewadi, Pune",'0663424510,Computer Engineering,Un-Aided,Unknown,GSEBCO,118401,59.3210117,G,O,SEBC,B.Tech,2025,4
'06634,"KJEI's Trinity Academy of Engineering, Yewalewadi, Pune",'0663424510,Computer Engineering,Un-Aided,Unknown,GSTO,107715,64.2631037,G,O,ST,B.Tech,2025,4
'06634,"KJEI's Trinity Academy of Engineering, Yewalewadi, Pune",'0663424610,Information Technology,Un-Aided,Unknown,GOPENH,64740,80.3531469,G,H,OPEN,B.Tech,2025,4
'06634,"KJEI's Trinity Academy of Engineering, Yewalewadi, Pune",'0663424610,Information Technology,Un-Aided,Unknown,GOBCH,64933,80.0000000,G,H,OBC,B.Tech,2025,4
'06634,"KJEI's Trinity Academy of Engineering, Yewalewadi, Pune",'0663424610,Information Technology,Un-Aided,Unknown,LSCH,123185,57.4376852,L,H,SC,B.Tech,2025,4
'06634,"KJEI's Trinity Academy of Engineering, Yewalewadi, Pune",'0663424610,Information Technology,Un-Aided,Unknown,PWDSCH,86037,72.8948543,P,H,PWD,B.Tech,2025,4
'06634,"KJEI's Trinity Academy of Engineering, Yewalewadi, Pune",'0663424610,Information Technology,Un-Aided,Unknown,PWDOBCH,64377,80.3575863,P,H,PWD,B.Tech,2025,4
'06634,"KJEI's Trinity Academy of Engineering, Yewalewadi, Pune",'0663424610,Information Technology,Un-Aided,Unknown,LSTH,58363,82.3736697,L,H,ST,B.Tech,2025,4
'06634,"KJEI's Trinity Academy of Engineering, Yewalewadi, Pune",'0663437210,Electronics and Telecommunication Engg,Un-Aided,Unknown,GOPENH,81791,74.5404987,G,H,OPEN,B.Tech,2025,4
'06634,"KJEI's Trinity Academy of Engineering, Yewalewadi, Pune",'0663437210,Electronics and Telecommunication Engg,Un-Aided,Unknown,GOBCH,82098,74.0630785,G,H,OBC,B.Tech,2025,4
'06634,"KJEI's Trinity Academy of Engineering, Yewalewadi, Pune",'0663437210,Electronics and Telecommunication Engg,Un-Aided,Unknown,GSEBCH,83487,73.6328536,G,H,SEBC,B.Tech,2025,4
'06634,"KJEI's Trinity Academy of Engineering, Yewalewadi, Pune",'0663437210,Electronics and Telecommunication Engg,Un-Aided,Unknown,LOPENH,70820,78.4242636,L,H,OPEN,B.Tech,2025,4
'06634,"KJEI's Trinity Academy of Engineering, Yewalewadi, Pune",'0663437210,Electronics and Telecommunication Engg,Un-Aided,Unknown,LOBCH,83478,73.6328536,L,H,OBC,B.Tech,2025,4
'06634,"KJEI's Trinity Academy of Engineering, Yewalewadi, Pune",'0663437210,Electronics and Telecommunication Engg,Un-Aided,Unknown,PWDSEBCH,91141,71.0971787,P,H,PWD,B.Tech,2025,4
'06634,"KJEI's Trinity Academy of Engineering, Yewalewadi, Pune",'0663437210,Electronics and Telecommunication Engg,Un-Aided,Unknown,GSTH,84652,73.4722277,G,H,ST,B.Tech,2025,4
'06634,"KJEI's Trinity Academy of Engineering, Yewalewadi, Pune",'0663461210,Mechanical Engineering,Un-Aided,Unknown,GOPENH,120818,58.4401523,G,H,OPEN,B.Tech,2025,4
'06634,"KJEI's Trinity Academy of Engineering, Yewalewadi, Pune",'0663461210,Mechanical Engineering,Un-Aided,Unknown,GOBCH,130325,53.7591782,G,H,OBC,B.Tech,2025,4
'06634,"KJEI's Trinity Academy of Engineering, Yewalewadi, Pune",'0663461210,Mechanical Engineering,Un-Aided,Unknown,LOPENH,127246,55.2744499,L,H,OPEN,B.Tech,2025,4
'06635,Samarth College of Engineering and Management,'0663519110,Civil Engineering,Un-Aided,Unknown,GOPENH,101318,66.9039004,G,H,OPEN,B.Tech,2025,4
'06635,Samarth College of Engineering and Management,'0663519110,Civil Engineering,Un-Aided,Unknown,GSEBCH,180009,22.8214173,G,H,SEBC,B.Tech,2025,4
'06635,Samarth College of Engineering and Management,'0663519110,Civil Engineering,Un-Aided,Unknown,LSCH,183103,20.6428039,L,H,SC,B.Tech,2025,4
'06635,Samarth College of Engineering and Management,'0663524510,Computer Engineering,Un-Aided,Unknown,GOPENH,101209,66.9498069,G,H,OPEN,B.Tech,2025,4
'06635,Samarth College of Engineering and Management,'0663524510,Computer Engineering,Un-Aided,Unknown,GSCH,168029,32.1281783,G,H,SC,B.Tech,2025,4
'06635,Samarth College of Engineering and Management,'0663524510,Computer Engineering,Un-Aided,Unknown,GVJH,189613,15.1144829,G,H,VJ,B.Tech,2025,4
'06635,Samarth College of Engineering and Management,'0663524510,Computer Engineering,Un-Aided,Unknown,GOBCH,105187,65.5190641,G,H,OBC,B.Tech,2025,4
'06635,Samarth College of Engineering and Management,'0663524510,Computer Engineering,Un-Aided,Unknown,LOPENH,92970,70.2628092,L,H,OPEN,B.Tech,2025,4
'06635,Samarth College of Engineering and Management,'0663524510,Computer Engineering,Un-Aided,Unknown,LNT1H,153637,41.4020979,L,H,NT1,B.Tech,2025,4
'06635,Samarth College of Engineering and Management,'0663524510,Computer Engineering,Un-Aided,Unknown,GSTH,115179,60.8775137,G,H,ST,B.Tech,2025,4
'06635,Samarth College of Engineering and Management,'0663529310,Electrical Engineering,Un-Aided,Unknown,GOPENH,141045,47.8905633,G,H,OPEN,B.Tech,2025,4
'06635,Samarth College of Engineering and Management,'0663529310,Electrical Engineering,Un-Aided,Unknown,PWDOPENH,138180,49.7291102,P,H,PWD,B.Tech,2025,4
'06635,Samarth College of Engineering and Management,'0663529310,Electrical Engineering,Un-Aided,Unknown,PWDOBCH,147356,44.5303298,P,H,PWD,B.Tech,2025,4
'06635,Samarth College of Engineering and Management,'0663529310,Electrical Engineering,Un-Aided,Unknown,GSCH,171166,29.2375397,G,H,SC,B.Tech,2025,4
'06635,Samarth College of Engineering and Management,'0663529310,Electrical Engineering,Un-Aided,Unknown,GSEBCH,177216,25.2088452,G,H,SEBC,B.Tech,2025,4
'06635,Samarth College of Engineering and Management,'0663529310,Electrical Engineering,Un-Aided,Unknown,LVJH,152597,41.7471281,L,H,VJ,B.Tech,2025,4
'06635,Samarth College of Engineering and Management,'0663537210,Electronics and Telecommunication Engg,Un-Aided,Unknown,GOPENH,129335,54.1537389,G,H,OPEN,B.Tech,2025,4
'06635,Samarth College of Engineering and Management,'0663537210,Electronics and Telecommunication Engg,Un-Aided,Unknown,GOBCH,133348,52.3622324,G,H,OBC,B.Tech,2025,4
'06635,Samarth College of Engineering and Management,'0663537210,Electronics and Telecommunication Engg,Un-Aided,Unknown,GSEBCH,174605,26.7336064,G,H,SEBC,B.Tech,2025,4
'06635,Samarth College of Engineering and Management,'0663537210,Electronics and Telecommunication Engg,Un-Aided,Unknown,LOBCH,121537,57.8195751,L,H,OBC,B.Tech,2025,4
'06635,Samarth College of Engineering and Management,'0663537210,Electronics and Telecommunication Engg,Un-Aided,Unknown,GSTH,135180,51.1762787,G,H,ST,B.Tech,2025,4
'06635,Samarth College of Engineering and Management,'0663537210,Electronics and Telecommunication Engg,Un-Aided,Unknown,LSCH,133366,52.3622324,L,H,SC,B.Tech,2025,4
'06635,Samarth College of Engineering and Management,'0663561210,Mechanical Engineering,Un-Aided,Unknown,GNT2H,182994,20.6428039,G,H,NT2,B.Tech,2025,4
'06635,Samarth College of Engineering and Management,'0663561210,Mechanical Engineering,Un-Aided,Unknown,LOPENH,147763,44.2599775,L,H,OPEN,B.Tech,2025,4
'06635,Samarth College of Engineering and Management,'0663561210,Mechanical Engineering,Un-Aided,Unknown,LOBCH,176823,25.4595013,L,H,OBC,B.Tech,2025,4
'06635,Samarth College of Engineering and Management,'0663561210,Mechanical Engineering,Un-Aided,Unknown,GSCH,158868,38.2479385,G,H,SC,B.Tech,2025,4
'06635,Samarth College of Engineering and Management,'0663591210,Computer Science and Engineering(Data Science),Un-Aided,Unknown,GOPENH,115029,60.9090909,G,H,OPEN,B.Tech,2025,4
'06635,Samarth College of Engineering and Management,'0663592110,Artificial Intelligence and Machine Learning,Un-Aided,Unknown,GOPENH,115735,60.6344780,G,H,OPEN,B.Tech,2025,4
'06640,"N. B. Navale Sinhgad College of Engineering, Kegaon, solapur",'0664019110,Civil Engineering,Un-Aided,Unknown,GOPENH,125786,56.2929777,G,H,OPEN,B.Tech,2025,4
'06640,"N. B. Navale Sinhgad College of Engineering, Kegaon, solapur",'0664024210,Computer Science and Engineering,Un-Aided,Unknown,GOPENH,66071,79.8919296,G,H,OPEN,B.Tech,2025,4
'06640,"N. B. Navale Sinhgad College of Engineering, Kegaon, solapur",'0664024210,Computer Science and Engineering,Un-Aided,Unknown,GOBCH,73518,77.1618860,G,H,OBC,B.Tech,2025,4
'06640,"N. B. Navale Sinhgad College of Engineering, Kegaon, solapur",'0664024210,Computer Science and Engineering,Un-Aided,Unknown,LOPENH,62034,81.1324174,L,H,OPEN,B.Tech,2025,4
'06640,"N. B. Navale Sinhgad College of Engineering, Kegaon, solapur",'0664024210,Computer Science and Engineering,Un-Aided,Unknown,PWDOPENH,75004,76.8973331,P,H,PWD,B.Tech,2025,4
'06640,"N. B. Navale Sinhgad College of Engineering, Kegaon, solapur",'0664024210,Computer Science and Engineering,Un-Aided,Unknown,GSTH,72733,77.5384615,G,H,ST,B.Tech,2025,4
'06640,"N. B. Navale Sinhgad College of Engineering, Kegaon, solapur",'0664024210,Computer Science and Engineering,Un-Aided,Unknown,LSTH,68347,79.0279720,L,H,ST,B.Tech,2025,4
'06640,"N. B. Navale Sinhgad College of Engineering, Kegaon, solapur",'0664029310,Electrical Engineering,Un-Aided,Unknown,GOPENH,131211,53.6060165,G,H,OPEN,B.Tech,2025,4
'06640,"N. B. Navale Sinhgad College of Engineering, Kegaon, solapur",'0664029310,Electrical Engineering,Un-Aided,Unknown,GOBCH,153045,41.4458186,G,H,OBC,B.Tech,2025,4
'06640,"N. B. Navale Sinhgad College of Engineering, Kegaon, solapur",'0664029310,Electrical Engineering,Un-Aided,Unknown,LOPENH,111127,62.9184580,L,H,OPEN,B.Tech,2025,4
'06640,"N. B. Navale Sinhgad College of Engineering, Kegaon, solapur",'0664029310,Electrical Engineering,Un-Aided,Unknown,LNT2H,111598,62.8632493,L,H,NT2,B.Tech,2025,4
'06640,"N. B. Navale Sinhgad College of Engineering, Kegaon, solapur",'0664029310,Electrical Engineering,Un-Aided,Unknown,LSEBCH,119712,58.8994542,L,H,SEBC,B.Tech,2025,4
'06640,"N. B. Navale Sinhgad College of Engineering, Kegaon, solapur",'0664029310,Electrical Engineering,Un-Aided,Unknown,PWDOPENH,136881,50.5909012,P,H,PWD,B.Tech,2025,4
'06640,"N. B. Navale Sinhgad College of Engineering, Kegaon, solapur",'0664029310,Electrical Engineering,Un-Aided,Unknown,GNT1H,138082,49.7291102,G,H,NT1,B.Tech,2025,4
'06640,"N. B. Navale Sinhgad College of Engineering, Kegaon, solapur",'0664037210,Electronics and Telecommunication Engg,Un-Aided,Unknown,GOPENO,118719,59.2797111,G,O,OPEN,B.Tech,2025,4
'06640,"N. B. Navale Sinhgad College of Engineering, Kegaon, solapur",'0664037210,Electronics and Telecommunication Engg,Un-Aided,Unknown,LOPENO,145209,45.9816283,L,O,OPEN,B.Tech,2025,4
'06640,"N. B. Navale Sinhgad College of Engineering, Kegaon, solapur",'0664061210,Mechanical Engineering,Un-Aided,Unknown,GOPENH,109876,63.3986014,G,H,OPEN,B.Tech,2025,4
'06640,"N. B. Navale Sinhgad College of Engineering, Kegaon, solapur",'0664061210,Mechanical Engineering,Un-Aided,Unknown,GSCH,152335,42.2674623,G,H,SC,B.Tech,2025,4
'06640,"N. B. Navale Sinhgad College of Engineering, Kegaon, solapur",'0664061210,Mechanical Engineering,Un-Aided,Unknown,GNT2H,154310,40.0936536,G,H,NT2,B.Tech,2025,4
'06640,"N. B. Navale Sinhgad College of Engineering, Kegaon, solapur",'0664061210,Mechanical Engineering,Un-Aided,Unknown,GOBCH,121213,58.2180677,G,H,OBC,B.Tech,2025,4
'06640,"N. B. Navale Sinhgad College of Engineering, Kegaon, solapur",'0664061210,Mechanical Engineering,Un-Aided,Unknown,LSEBCH,139821,49.2256217,L,H,SEBC,B.Tech,2025,4
'06640,"N. B. Navale Sinhgad College of Engineering, Kegaon, solapur",'0664061210,Mechanical Engineering,Un-Aided,Unknown,PWDOPENH,94508,69.4936445,P,H,PWD,B.Tech,2025,4
'06640,"N. B. Navale Sinhgad College of Engineering, Kegaon, solapur",'0664061210,Mechanical Engineering,Un-Aided,Unknown,GSTH,132578,52.8806012,G,H,ST,B.Tech,2025,4
'06640,"N. B. Navale Sinhgad College of Engineering, Kegaon, solapur",'0664061210,Mechanical Engineering,Un-Aided,Unknown,GVJH,149797,43.4652257,G,H,VJ,B.Tech,2025,4
'06640,"N. B. Navale Sinhgad College of Engineering, Kegaon, solapur",'0664061210,Mechanical Engineering,Un-Aided,Unknown,LVJH,141683,47.8015007,L,H,VJ,B.Tech,2025,4
'06643,"S K N Sinhgad College of Engineering, Korti Tal. Pandharpur Dist Solapur",'0664319110,Civil Engineering,Un-Aided,Unknown,LSTO,93159,70.2628092,L,O,ST,B.Tech,2025,4
'06643,"S K N Sinhgad College of Engineering, Korti Tal. Pandharpur Dist Solapur",'0664324210,Computer Science and Engineering,Un-Aided,Unknown,EWS,185267,18.9335664,E,S,EWS,B.Tech,2025,4
'06643,"S K N Sinhgad College of Engineering, Korti Tal. Pandharpur Dist Solapur",'0664329310,Electrical Engineering,Un-Aided,Unknown,LSEBCO,92694,70.5005064,L,O,SEBC,B.Tech,2025,4
'06643,"S K N Sinhgad College of Engineering, Korti Tal. Pandharpur Dist Solapur",'0664329310,Electrical Engineering,Un-Aided,Unknown,GSTO,123419,57.4017459,G,O,ST,B.Tech,2025,4
'06643,"S K N Sinhgad College of Engineering, Korti Tal. Pandharpur Dist Solapur",'0664337210,Electronics and Telecommunication Engg,Un-Aided,Unknown,DEFOPENS,64468,80.3575863,D,S,OPEN,B.Tech,2025,4
'06643,"S K N Sinhgad College of Engineering, Korti Tal. Pandharpur Dist Solapur",'0664361210,Mechanical Engineering,Un-Aided,Unknown,GOBCH,108374,63.6512871,G,H,OBC,B.Tech,2025,4
'06644,"Shri. Ambabai Talim Sanstha's Sanjay Bhokare Group of Institutes, Miraj",'0664419110,Civil Engineering,Un-Aided Autonomous Home University : Autonomous Institute,Autonomous Institute,GOPENS,181741,22.0346747,G,S,OPEN,B.Tech,2025,4
'06644,"Shri. Ambabai Talim Sanstha's Sanjay Bhokare Group of Institutes, Miraj",'0664419110,Civil Engineering,Un-Aided Autonomous Home University : Autonomous Institute,Autonomous Institute,GSEBCS,188585,15.8481365,G,S,SEBC,B.Tech,2025,4
'06644,"Shri. Ambabai Talim Sanstha's Sanjay Bhokare Group of Institutes, Miraj",'0664424510,Computer Engineering,Un-Aided Autonomous Home University : Autonomous Institute,Autonomous Institute,GOBCS,188812,15.8201150,G,S,OBC,B.Tech,2025,4
'06644,"Shri. Ambabai Talim Sanstha's Sanjay Bhokare Group of Institutes, Miraj",'0664424510,Computer Engineering,Un-Aided Autonomous Home University : Autonomous Institute,Autonomous Institute,LOPENS,177323,25.0722391,L,S,OPEN,B.Tech,2025,4
'06644,"Shri. Ambabai Talim Sanstha's Sanjay Bhokare Group of Institutes, Miraj",'0664424510,Computer Engineering,Un-Aided Autonomous Home University : Autonomous Institute,Autonomous Institute,GNT3S,171919,28.9849310,G,S,NT3,B.Tech,2025,4
'06644,"Shri. Ambabai Talim Sanstha's Sanjay Bhokare Group of Institutes, Miraj",'0664424510,Computer Engineering,Un-Aided Autonomous Home University : Autonomous Institute,Autonomous Institute,LSEBCS,187698,16.5233632,L,S,SEBC,B.Tech,2025,4
'06644,"Shri. Ambabai Talim Sanstha's Sanjay Bhokare Group of Institutes, Miraj",'0664429310,Electrical Engineering,Un-Aided Autonomous Home University : Autonomous Institute,Autonomous Institute,GOPENS,170758,29.4125763,G,S,OPEN,B.Tech,2025,4
'06644,"Shri. Ambabai Talim Sanstha's Sanjay Bhokare Group of Institutes, Miraj",'0664429310,Electrical Engineering,Un-Aided Autonomous Home University : Autonomous Institute,Autonomous Institute,GSCS,178531,24.6987745,G,S,SC,B.Tech,2025,4
'06644,"Shri. Ambabai Talim Sanstha's Sanjay Bhokare Group of Institutes, Miraj",'0664437210,Electronics and Telecommunication Engg,Un-Aided Autonomous Home University : Autonomous Institute,Autonomous Institute,GOPENS,180392,22.4248107,G,S,OPEN,B.Tech,2025,4
'06644,"Shri. Ambabai Talim Sanstha's Sanjay Bhokare Group of Institutes, Miraj",'0664490010,Electronics and Computer Science,Un-Aided Autonomous Home University : Autonomous Institute,Autonomous Institute,GOPENS,197773,7.1923077,G,S,OPEN,B.Tech,2025,4
'06644,"Shri. Ambabai Talim Sanstha's Sanjay Bhokare Group of Institutes, Miraj",'0664490010,Electronics and Computer Science,Un-Aided Autonomous Home University : Autonomous Institute,Autonomous Institute,PWDOPENS,195244,9.7858898,P,S,PWD,B.Tech,2025,4
'06644,"Shri. Ambabai Talim Sanstha's Sanjay Bhokare Group of Institutes, Miraj",'0664491110,Computer Science and Engineering(Artificial Intelligence and Machine Learning),Un-Aided Autonomous Home University : Autonomous Institute,Autonomous Institute,GOPENS,179034,23.4701479,G,S,OPEN,B.Tech,2025,4
'06644,"Shri. Ambabai Talim Sanstha's Sanjay Bhokare Group of Institutes, Miraj",'0664491110,Computer Science and Engineering(Artificial Intelligence and Machine Learning),Un-Aided Autonomous Home University : Autonomous Institute,Autonomous Institute,GSEBCS,183121,20.6428039,G,S,SEBC,B.Tech,2025,4
'06644,"Shri. Ambabai Talim Sanstha's Sanjay Bhokare Group of Institutes, Miraj",'0664491110,Computer Science and Engineering(Artificial Intelligence and Machine Learning),Un-Aided Autonomous Home University : Autonomous Institute,Autonomous Institute,LOPENS,175515,25.9683560,L,S,OPEN,B.Tech,2025,4
'06649,"TSSM's Bhivarabai Sawant College of Engineering and Research, Narhe, Pune",'0664919110,Civil Engineering,Un-Aided,Unknown,GOPENH,139815,49.2256217,G,H,OPEN,B.Tech,2025,4
'06649,"TSSM's Bhivarabai Sawant College of Engineering and Research, Narhe, Pune",'0664919110,Civil Engineering,Un-Aided,Unknown,GVJH,151080,42.9247346,G,H,VJ,B.Tech,2025,4
'06649,"TSSM's Bhivarabai Sawant College of Engineering and Research, Narhe, Pune",'0664919110,Civil Engineering,Un-Aided,Unknown,GNT2H,159625,37.1950556,G,H,NT2,B.Tech,2025,4
'06649,"TSSM's Bhivarabai Sawant College of Engineering and Research, Narhe, Pune",'0664919110,Civil Engineering,Un-Aided,Unknown,LOPENH,118849,59.2797111,L,H,OPEN,B.Tech,2025,4
'06649,"TSSM's Bhivarabai Sawant College of Engineering and Research, Narhe, Pune",'0664919110,Civil Engineering,Un-Aided,Unknown,PWDOPENH,138611,49.6043895,P,H,PWD,B.Tech,2025,4
'06649,"TSSM's Bhivarabai Sawant College of Engineering and Research, Narhe, Pune",'0664919110,Civil Engineering,Un-Aided,Unknown,LSTH,125905,55.9381337,L,H,ST,B.Tech,2025,4
'06649,"TSSM's Bhivarabai Sawant College of Engineering and Research, Narhe, Pune",'0664924510,Computer Engineering,Un-Aided,Unknown,GOPENH,49345,85.2053352,G,H,OPEN,B.Tech,2025,4
'06649,"TSSM's Bhivarabai Sawant College of Engineering and Research, Narhe, Pune",'0664924510,Computer Engineering,Un-Aided,Unknown,GNT3H,72030,78.0104170,G,H,NT3,B.Tech,2025,4
'06649,"TSSM's Bhivarabai Sawant College of Engineering and Research, Narhe, Pune",'0664924510,Computer Engineering,Un-Aided,Unknown,GOBCH,54977,83.4741816,G,H,OBC,B.Tech,2025,4
'06649,"TSSM's Bhivarabai Sawant College of Engineering and Research, Narhe, Pune",'0664924510,Computer Engineering,Un-Aided,Unknown,GSEBCH,50215,84.9728618,G,H,SEBC,B.Tech,2025,4
'06649,"TSSM's Bhivarabai Sawant College of Engineering and Research, Narhe, Pune",'0664924510,Computer Engineering,Un-Aided,Unknown,LOPENH,46079,86.2351996,L,H,OPEN,B.Tech,2025,4
'06649,"TSSM's Bhivarabai Sawant College of Engineering and Research, Narhe, Pune",'0664924510,Computer Engineering,Un-Aided,Unknown,LNT3H,51945,84.4950314,L,H,NT3,B.Tech,2025,4
'06649,"TSSM's Bhivarabai Sawant College of Engineering and Research, Narhe, Pune",'0664924510,Computer Engineering,Un-Aided,Unknown,PWDSEBCH,46963,85.9646097,P,H,PWD,B.Tech,2025,4
'06649,"TSSM's Bhivarabai Sawant College of Engineering and Research, Narhe, Pune",'0664929310,Electrical Engineering,Un-Aided,Unknown,GOPENO,35615,89.5128900,G,O,OPEN,B.Tech,2025,4
'06649,"TSSM's Bhivarabai Sawant College of Engineering and Research, Narhe, Pune",'0664937210,Electronics and Telecommunication Engg,Un-Aided,Unknown,GOPENH,72353,77.9513058,G,H,OPEN,B.Tech,2025,4
'06649,"TSSM's Bhivarabai Sawant College of Engineering and Research, Narhe, Pune",'0664937210,Electronics and Telecommunication Engg,Un-Aided,Unknown,GOBCH,77980,75.6075065,G,H,OBC,B.Tech,2025,4
'06649,"TSSM's Bhivarabai Sawant College of Engineering and Research, Narhe, Pune",'0664937210,Electronics and Telecommunication Engg,Un-Aided,Unknown,LOPENH,59556,82.1124479,L,H,OPEN,B.Tech,2025,4
'06649,"TSSM's Bhivarabai Sawant College of Engineering and Research, Narhe, Pune",'0664937210,Electronics and Telecommunication Engg,Un-Aided,Unknown,PWDOPENH,71529,78.2396759,P,H,PWD,B.Tech,2025,4
'06649,"TSSM's Bhivarabai Sawant College of Engineering and Research, Narhe, Pune",'0664961210,Mechanical Engineering,Un-Aided,Unknown,GSCO,87366,72.1363369,G,O,SC,B.Tech,2025,4
'06649,"TSSM's Bhivarabai Sawant College of Engineering and Research, Narhe, Pune",'0664961210,Mechanical Engineering,Un-Aided,Unknown,GOBCO,57945,82.4521073,G,O,OBC,B.Tech,2025,4
'06649,"TSSM's Bhivarabai Sawant College of Engineering and Research, Narhe, Pune",'0664961210,Mechanical Engineering,Un-Aided,Unknown,GSEBCO,48530,85.5207245,G,O,SEBC,B.Tech,2025,4
'06649,"TSSM's Bhivarabai Sawant College of Engineering and Research, Narhe, Pune",'0664961210,Mechanical Engineering,Un-Aided,Unknown,LOPENO,47972,85.8461538,L,O,OPEN,B.Tech,2025,4
'06714,"APPASAHEB ALIAS SA.RE.PATIL INSTITUTE OF TECHNOLOGY, Dattanagar Tal-Shirol, Dist Kolhapur",'0671424210,Computer Science and Engineering,Un-Aided Home University : Shivaji University,Shivaji University,GOPENH,160276,36.2260120,G,H,OPEN,B.Tech,2025,4
'06714,"APPASAHEB ALIAS SA.RE.PATIL INSTITUTE OF TECHNOLOGY, Dattanagar Tal-Shirol, Dist Kolhapur",'0671429310,Electrical Engineering,Un-Aided Home University : Shivaji University,Shivaji University,LOBCO,170123,29.8059527,L,O,OBC,B.Tech,2025,4
'06714,"APPASAHEB ALIAS SA.RE.PATIL INSTITUTE OF TECHNOLOGY, Dattanagar Tal-Shirol, Dist Kolhapur",'0671437210,Electronics and Telecommunication Engg,Un-Aided Home University : Shivaji University,Shivaji University,GOPENH,185836,18.5475444,G,H,OPEN,B.Tech,2025,4
'06714,"APPASAHEB ALIAS SA.RE.PATIL INSTITUTE OF TECHNOLOGY, Dattanagar Tal-Shirol, Dist Kolhapur",'0671437210,Electronics and Telecommunication Engg,Un-Aided Home University : Shivaji University,Shivaji University,GOBCH,199337,5.6196618,G,H,OBC,B.Tech,2025,4
'06714,"APPASAHEB ALIAS SA.RE.PATIL INSTITUTE OF TECHNOLOGY, Dattanagar Tal-Shirol, Dist Kolhapur",'0671437210,Electronics and Telecommunication Engg,Un-Aided Home University : Shivaji University,Shivaji University,LOPENH,167111,32.3446384,L,H,OPEN,B.Tech,2025,4
'06714,"APPASAHEB ALIAS SA.RE.PATIL INSTITUTE OF TECHNOLOGY, Dattanagar Tal-Shirol, Dist Kolhapur",'0671437210,Electronics and Telecommunication Engg,Un-Aided Home University : Shivaji University,Shivaji University,LNT2H,177357,25.0722391,L,H,NT2,B.Tech,2025,4
'06714,"APPASAHEB ALIAS SA.RE.PATIL INSTITUTE OF TECHNOLOGY, Dattanagar Tal-Shirol, Dist Kolhapur",'0671437210,Electronics and Telecommunication Engg,Un-Aided Home University : Shivaji University,Shivaji University,LOBCH,189093,15.4704064,L,H,OBC,B.Tech,2025,4
'06714,"APPASAHEB ALIAS SA.RE.PATIL INSTITUTE OF TECHNOLOGY, Dattanagar Tal-Shirol, Dist Kolhapur",'0671461210,Mechanical Engineering,Un-Aided Home University : Shivaji University,Shivaji University,GOPENH,198583,6.3882064,G,H,OPEN,B.Tech,2025,4
'06714,"APPASAHEB ALIAS SA.RE.PATIL INSTITUTE OF TECHNOLOGY, Dattanagar Tal-Shirol, Dist Kolhapur",'0671461210,Mechanical Engineering,Un-Aided Home University : Shivaji University,Shivaji University,LOPENH,196872,7.9877752,L,H,OPEN,B.Tech,2025,4
'06715,Babasaheb Phadtare Engineering & Technology Kalamb-Walchandnagar Tal Indapur Dist Pune,'0671524510,Computer Engineering,Un-Aided Home University : Savitribai Phule Pune University,Savitribai Phule Pune University,GNT2H,188190,16.1743072,G,H,NT2,B.Tech,2025,4
'06715,Babasaheb Phadtare Engineering & Technology Kalamb-Walchandnagar Tal Indapur Dist Pune,'0671524510,Computer Engineering,Un-Aided Home University : Savitribai Phule Pune University,Savitribai Phule Pune University,GSEBCH,141158,47.8905633,G,H,SEBC,B.Tech,2025,4
'06715,Babasaheb Phadtare Engineering & Technology Kalamb-Walchandnagar Tal Indapur Dist Pune,'0671524510,Computer Engineering,Un-Aided Home University : Savitribai Phule Pune University,Savitribai Phule Pune University,LOPENH,132410,52.8806012,L,H,OPEN,B.Tech,2025,4
'06715,Babasaheb Phadtare Engineering & Technology Kalamb-Walchandnagar Tal Indapur Dist Pune,'0671524510,Computer Engineering,Un-Aided Home University : Savitribai Phule Pune University,Savitribai Phule Pune University,GSTH,159862,36.5248856,G,H,ST,B.Tech,2025,4
'06715,Babasaheb Phadtare Engineering & Technology Kalamb-Walchandnagar Tal Indapur Dist Pune,'0671524510,Computer Engineering,Un-Aided Home University : Savitribai Phule Pune University,Savitribai Phule Pune University,GOBCH,194345,10.8523619,G,H,OBC,B.Tech,2025,4
'06715,Babasaheb Phadtare Engineering & Technology Kalamb-Walchandnagar Tal Indapur Dist Pune,'0671561210,Mechanical Engineering,Un-Aided Home University : Savitribai Phule Pune University,Savitribai Phule Pune University,GOPENH,186453,17.8544822,G,H,OPEN,B.Tech,2025,4
'06732,"Ajeenkya DY Patil School of Engineering, Lohegaon, Pune",'0673219110,Civil Engineering,Un-Aided,Unknown,GOPENH,67505,79.6033896,G,H,OPEN,B.Tech,2025,4
'06732,"Ajeenkya DY Patil School of Engineering, Lohegaon, Pune",'0673219110,Civil Engineering,Un-Aided,Unknown,GOBCH,103097,66.2972028,G,H,OBC,B.Tech,2025,4
'06732,"Ajeenkya DY Patil School of Engineering, Lohegaon, Pune",'0673219110,Civil Engineering,Un-Aided,Unknown,LOPENH,66552,79.7185003,L,H,OPEN,B.Tech,2025,4
'06732,"Ajeenkya DY Patil School of Engineering, Lohegaon, Pune",'0673219110,Civil Engineering,Un-Aided,Unknown,LNT1H,125701,56.2929777,L,H,NT1,B.Tech,2025,4
'06732,"Ajeenkya DY Patil School of Engineering, Lohegaon, Pune",'0673224510,Computer Engineering,Un-Aided,Unknown,GOPENO,49055,85.2260888,G,O,OPEN,B.Tech,2025,4
'06732,"Ajeenkya DY Patil School of Engineering, Lohegaon, Pune",'0673224510,Computer Engineering,Un-Aided,Unknown,GNT3O,114130,61.5619516,G,O,NT3,B.Tech,2025,4
'06732,"Ajeenkya DY Patil School of Engineering, Lohegaon, Pune",'0673224510,Computer Engineering,Un-Aided,Unknown,GOBCO,92693,70.5005064,G,O,OBC,B.Tech,2025,4
'06732,"Ajeenkya DY Patil School of Engineering, Lohegaon, Pune",'0673237210,Electronics and Telecommunication Engg,Un-Aided,Unknown,GOPENH,28688,91.6321516,G,H,OPEN,B.Tech,2025,4
'06732,"Ajeenkya DY Patil School of Engineering, Lohegaon, Pune",'0673237210,Electronics and Telecommunication Engg,Un-Aided,Unknown,GSCH,79903,75.1927485,G,H,SC,B.Tech,2025,4
'06732,"Ajeenkya DY Patil School of Engineering, Lohegaon, Pune",'0673237210,Electronics and Telecommunication Engg,Un-Aided,Unknown,GSEBCH,37744,88.8689717,G,H,SEBC,B.Tech,2025,4
'06732,"Ajeenkya DY Patil School of Engineering, Lohegaon, Pune",'0673237210,Electronics and Telecommunication Engg,Un-Aided,Unknown,LOPENH,35617,89.5128900,L,H,OPEN,B.Tech,2025,4
'06732,"Ajeenkya DY Patil School of Engineering, Lohegaon, Pune",'0673237210,Electronics and Telecommunication Engg,Un-Aided,Unknown,LSCH,78076,75.6075065,L,H,SC,B.Tech,2025,4
'06732,"Ajeenkya DY Patil School of Engineering, Lohegaon, Pune",'0673237210,Electronics and Telecommunication Engg,Un-Aided,Unknown,GSTH,38460,88.6328671,G,H,ST,B.Tech,2025,4
'06732,"Ajeenkya DY Patil School of Engineering, Lohegaon, Pune",'0673261210,Mechanical Engineering,Un-Aided,Unknown,GOPENH,61274,81.3270637,G,H,OPEN,B.Tech,2025,4
'06732,"Ajeenkya DY Patil School of Engineering, Lohegaon, Pune",'0673261210,Mechanical Engineering,Un-Aided,Unknown,GSCH,71682,78.1688442,G,H,SC,B.Tech,2025,4
'06732,"Ajeenkya DY Patil School of Engineering, Lohegaon, Pune",'0673261210,Mechanical Engineering,Un-Aided,Unknown,GNT2H,96701,68.8687467,G,H,NT2,B.Tech,2025,4
'06732,"Ajeenkya DY Patil School of Engineering, Lohegaon, Pune",'0673261210,Mechanical Engineering,Un-Aided,Unknown,GOBCH,64379,80.3575863,G,H,OBC,B.Tech,2025,4
'06732,"Ajeenkya DY Patil School of Engineering, Lohegaon, Pune",'0673261210,Mechanical Engineering,Un-Aided,Unknown,GSEBCH,71537,78.2396759,G,H,SEBC,B.Tech,2025,4
'06732,"Ajeenkya DY Patil School of Engineering, Lohegaon, Pune",'0673261210,Mechanical Engineering,Un-Aided,Unknown,LOPENH,55022,83.4741816,L,H,OPEN,B.Tech,2025,4
'06732,"Ajeenkya DY Patil School of Engineering, Lohegaon, Pune",'0673261210,Mechanical Engineering,Un-Aided,Unknown,LNT1H,100898,66.9498069,L,H,NT1,B.Tech,2025,4
'06732,"Ajeenkya DY Patil School of Engineering, Lohegaon, Pune",'0673261210,Mechanical Engineering,Un-Aided,Unknown,PWDOPENH,49409,85.1919561,P,H,PWD,B.Tech,2025,4
'06732,"Ajeenkya DY Patil School of Engineering, Lohegaon, Pune",'0673261210,Mechanical Engineering,Un-Aided,Unknown,GSTH,69014,78.6729363,G,H,ST,B.Tech,2025,4
'06732,"Ajeenkya DY Patil School of Engineering, Lohegaon, Pune",'0673299510,Artificial Intelligence and Data Science,Un-Aided,Unknown,GOPENH,20843,93.9463602,G,H,OPEN,B.Tech,2025,4
'06754,"International Institute of Information Technology (I²IT), Pune.",'0675424510,Computer Engineering,Un-Aided Autonomous,Unknown,GOPENS,14254,95.9185080,G,S,OPEN,B.Tech,2025,4
'06754,"International Institute of Information Technology (I²IT), Pune.",'0675424510,Computer Engineering,Un-Aided Autonomous,Unknown,GSCS,35669,89.4914664,G,S,SC,B.Tech,2025,4
'06754,"International Institute of Information Technology (I²IT), Pune.",'0675424510,Computer Engineering,Un-Aided Autonomous,Unknown,GSTS,120433,58.6907687,G,S,ST,B.Tech,2025,4
'06754,"International Institute of Information Technology (I²IT), Pune.",'0675424510,Computer Engineering,Un-Aided Autonomous,Unknown,GOBCS,15454,95.5839161,G,S,OBC,B.Tech,2025,4
'06754,"International Institute of Information Technology (I²IT), Pune.",'0675424510,Computer Engineering,Un-Aided Autonomous,Unknown,GSEBCS,16021,95.3983854,G,S,SEBC,B.Tech,2025,4
'06754,"International Institute of Information Technology (I²IT), Pune.",'0675424510,Computer Engineering,Un-Aided Autonomous,Unknown,LOPENS,13272,96.1861934,L,S,OPEN,B.Tech,2025,4
'06754,"International Institute of Information Technology (I²IT), Pune.",'0675424510,Computer Engineering,Un-Aided Autonomous,Unknown,LSTS,195791,9.3356129,L,S,ST,B.Tech,2025,4
'06754,"International Institute of Information Technology (I²IT), Pune.",'0675424510,Computer Engineering,Un-Aided Autonomous,Unknown,LOBCS,13155,96.2382445,L,S,OBC,B.Tech,2025,4
'06754,"International Institute of Information Technology (I²IT), Pune.",'0675424510,Computer Engineering,Un-Aided Autonomous,Unknown,DEFSCS,118799,59.2797111,D,S,SC,B.Tech,2025,4
'06754,"International Institute of Information Technology (I²IT), Pune.",'0675424510,Computer Engineering,Un-Aided Autonomous,Unknown,TFWS,14794,95.7536628,T,S,TFWS,B.Tech,2025,4
'06754,"International Institute of Information Technology (I²IT), Pune.",'0675424510,Computer Engineering,Un-Aided Autonomous,Unknown,EWS,25538,92.5540912,E,S,EWS,B.Tech,2025,4
'06754,"International Institute of Information Technology (I²IT), Pune.",'0675424510,Computer Engineering,Un-Aided Autonomous,Unknown,PWDSCS,35922,89.3717407,P,S,PWD,B.Tech,2025,4
'06754,"International Institute of Information Technology (I²IT), Pune.",'0675424510,Computer Engineering,Un-Aided Autonomous,Unknown,ORPHAN,14392,95.8681150,O,N,ORPHAN,B.Tech,2025,4
'06754,"International Institute of Information Technology (I²IT), Pune.",'0675424610,Information Technology,Un-Aided Autonomous,Unknown,GOPENS,16792,95.1359923,G,S,OPEN,B.Tech,2025,4
'06754,"International Institute of Information Technology (I²IT), Pune.",'0675424610,Information Technology,Un-Aided Autonomous,Unknown,GSCS,38152,88.7615737,G,S,SC,B.Tech,2025,4
'06754,"International Institute of Information Technology (I²IT), Pune.",'0675424610,Information Technology,Un-Aided Autonomous,Unknown,GSTS,110669,63.2000580,G,S,ST,B.Tech,2025,4
'06754,"International Institute of Information Technology (I²IT), Pune.",'0675424610,Information Technology,Un-Aided Autonomous,Unknown,GVJS,36963,89.1256809,G,S,VJ,B.Tech,2025,4
'06754,"International Institute of Information Technology (I²IT), Pune.",'0675424610,Information Technology,Un-Aided Autonomous,Unknown,GOBCS,17336,94.9982450,G,S,OBC,B.Tech,2025,4
'06754,"International Institute of Information Technology (I²IT), Pune.",'0675424610,Information Technology,Un-Aided Autonomous,Unknown,GSEBCS,18378,94.7364547,G,S,SEBC,B.Tech,2025,4
'06754,"International Institute of Information Technology (I²IT), Pune.",'0675424610,Information Technology,Un-Aided Autonomous,Unknown,LOPENS,15372,95.5914356,L,S,OPEN,B.Tech,2025,4
'06754,"International Institute of Information Technology (I²IT), Pune.",'0675424610,Information Technology,Un-Aided Autonomous,Unknown,LSCS,43659,87.0316109,L,S,SC,B.Tech,2025,4
'06754,"International Institute of Information Technology (I²IT), Pune.",'0675424610,Information Technology,Un-Aided Autonomous,Unknown,LOBCS,16642,95.2281725,L,S,OBC,B.Tech,2025,4
'06754,"International Institute of Information Technology (I²IT), Pune.",'0675424610,Information Technology,Un-Aided Autonomous,Unknown,LSEBCS,17173,95.0533796,L,S,SEBC,B.Tech,2025,4
'06754,"International Institute of Information Technology (I²IT), Pune.",'0675424610,Information Technology,Un-Aided Autonomous,Unknown,TFWS,16854,95.1329723,T,S,TFWS,B.Tech,2025,4
'06754,"International Institute of Information Technology (I²IT), Pune.",'0675424610,Information Technology,Un-Aided Autonomous,Unknown,EWS,28634,91.6544074,E,S,EWS,B.Tech,2025,4
'06754,"International Institute of Information Technology (I²IT), Pune.",'0675424610,Information Technology,Un-Aided Autonomous,Unknown,LSTS,132223,53.2228937,L,S,ST,B.Tech,2025,4
'06754,"International Institute of Information Technology (I²IT), Pune.",'0675424610,Information Technology,Un-Aided Autonomous,Unknown,PWDSCS,38516,88.6282029,P,S,PWD,B.Tech,2025,4
'06754,"International Institute of Information Technology (I²IT), Pune.",'0675424610,Information Technology,Un-Aided Autonomous,Unknown,PWDOBCS,17198,95.0533796,P,S,PWD,B.Tech,2025,4
'06754,"International Institute of Information Technology (I²IT), Pune.",'0675424610,Information Technology,Un-Aided Autonomous,Unknown,ORPHAN,16852,95.1329723,O,N,ORPHAN,B.Tech,2025,4
'06754,"International Institute of Information Technology (I²IT), Pune.",'0675437210,Electronics and Telecommunication Engg,Un-Aided Autonomous,Unknown,GOPENS,19052,94.4932607,G,S,OPEN,B.Tech,2025,4
'06754,"International Institute of Information Technology (I²IT), Pune.",'0675437210,Electronics and Telecommunication Engg,Un-Aided Autonomous,Unknown,GSCS,42147,87.4135301,G,S,SC,B.Tech,2025,4
'06754,"International Institute of Information Technology (I²IT), Pune.",'0675437210,Electronics and Telecommunication Engg,Un-Aided Autonomous,Unknown,GOBCS,20593,94.0166833,G,S,OBC,B.Tech,2025,4
'06754,"International Institute of Information Technology (I²IT), Pune.",'0675437210,Electronics and Telecommunication Engg,Un-Aided Autonomous,Unknown,GSEBCS,19232,94.4637991,G,S,SEBC,B.Tech,2025,4
'06754,"International Institute of Information Technology (I²IT), Pune.",'0675437210,Electronics and Telecommunication Engg,Un-Aided Autonomous,Unknown,LOPENS,17752,94.8490546,L,S,OPEN,B.Tech,2025,4
'06754,"International Institute of Information Technology (I²IT), Pune.",'0675437210,Electronics and Telecommunication Engg,Un-Aided Autonomous,Unknown,LOBCS,20547,94.0544184,L,S,OBC,B.Tech,2025,4
'06754,"International Institute of Information Technology (I²IT), Pune.",'0675437210,Electronics and Telecommunication Engg,Un-Aided Autonomous,Unknown,DEFOPENS,37276,88.9773781,D,S,OPEN,B.Tech,2025,4
'06754,"International Institute of Information Technology (I²IT), Pune.",'0675437210,Electronics and Telecommunication Engg,Un-Aided Autonomous,Unknown,EWS,39928,88.1719651,E,S,EWS,B.Tech,2025,4
'06754,"International Institute of Information Technology (I²IT), Pune.",'0675437210,Electronics and Telecommunication Engg,Un-Aided Autonomous,Unknown,PWDOPENS,18068,94.7823058,P,S,PWD,B.Tech,2025,4
'06755,"JSPM Narhe Technical Campus, Pune.",'0675519110,Civil Engineering,Un-Aided,Unknown,GOPENH,103745,65.8992965,G,H,OPEN,B.Tech,2025,4
'06755,"JSPM Narhe Technical Campus, Pune.",'0675519110,Civil Engineering,Un-Aided,Unknown,GSCH,187379,16.8604050,G,H,SC,B.Tech,2025,4
'06755,"JSPM Narhe Technical Campus, Pune.",'0675519110,Civil Engineering,Un-Aided,Unknown,GOBCH,115692,60.6344780,G,H,OBC,B.Tech,2025,4
'06755,"JSPM Narhe Technical Campus, Pune.",'0675519110,Civil Engineering,Un-Aided,Unknown,LOPENH,93017,70.2628092,L,H,OPEN,B.Tech,2025,4
'06755,"JSPM Narhe Technical Campus, Pune.",'0675519110,Civil Engineering,Un-Aided,Unknown,LSCH,169753,30.2606300,L,H,SC,B.Tech,2025,4
'06755,"JSPM Narhe Technical Campus, Pune.",'0675519110,Civil Engineering,Un-Aided,Unknown,LNT2H,121554,57.8195751,L,H,NT2,B.Tech,2025,4
'06755,"JSPM Narhe Technical Campus, Pune.",'0675519110,Civil Engineering,Un-Aided,Unknown,LSTH,119512,58.8994542,L,H,ST,B.Tech,2025,4
'06755,"JSPM Narhe Technical Campus, Pune.",'0675524510,Computer Engineering,Un-Aided,Unknown,GOPENH,33517,90.1404001,G,H,OPEN,B.Tech,2025,4
'06755,"JSPM Narhe Technical Campus, Pune.",'0675524510,Computer Engineering,Un-Aided,Unknown,GSCH,53574,83.9020979,G,H,SC,B.Tech,2025,4
'06755,"JSPM Narhe Technical Campus, Pune.",'0675524510,Computer Engineering,Un-Aided,Unknown,GNT1H,47771,85.8501253,G,H,NT1,B.Tech,2025,4
'06755,"JSPM Narhe Technical Campus, Pune.",'0675524510,Computer Engineering,Un-Aided,Unknown,GOBCH,37130,89.0680212,G,H,OBC,B.Tech,2025,4
'06755,"JSPM Narhe Technical Campus, Pune.",'0675524510,Computer Engineering,Un-Aided,Unknown,GSEBCH,38573,88.6282029,G,H,SEBC,B.Tech,2025,4
'06755,"JSPM Narhe Technical Campus, Pune.",'0675524510,Computer Engineering,Un-Aided,Unknown,LOPENH,32177,90.5881920,L,H,OPEN,B.Tech,2025,4
'06755,"JSPM Narhe Technical Campus, Pune.",'0675524510,Computer Engineering,Un-Aided,Unknown,LSCH,65551,79.9809712,L,H,SC,B.Tech,2025,4
'06755,"JSPM Narhe Technical Campus, Pune.",'0675524510,Computer Engineering,Un-Aided,Unknown,LOBCH,35594,89.5128900,L,H,OBC,B.Tech,2025,4
'06755,"JSPM Narhe Technical Campus, Pune.",'0675524510,Computer Engineering,Un-Aided,Unknown,PWDOBCH,36145,89.2945239,P,H,PWD,B.Tech,2025,4
'06755,"JSPM Narhe Technical Campus, Pune.",'0675524510,Computer Engineering,Un-Aided,Unknown,GSTH,33558,90.1404001,G,H,ST,B.Tech,2025,4
'06755,"JSPM Narhe Technical Campus, Pune.",'0675524510,Computer Engineering,Un-Aided,Unknown,LSTH,33651,90.1133687,L,H,ST,B.Tech,2025,4
'06755,"JSPM Narhe Technical Campus, Pune.",'0675526310,Artificial Intelligence (AI) and Data Science,Un-Aided,Unknown,GOBCH,36601,89.1962092,G,H,OBC,B.Tech,2025,4
'06755,"JSPM Narhe Technical Campus, Pune.",'0675526310,Artificial Intelligence (AI) and Data Science,Un-Aided,Unknown,GSEBCH,37184,89.0414266,G,H,SEBC,B.Tech,2025,4
'06755,"JSPM Narhe Technical Campus, Pune.",'0675526310,Artificial Intelligence (AI) and Data Science,Un-Aided,Unknown,LOBCH,33895,90.0449693,L,H,OBC,B.Tech,2025,4
'06755,"JSPM Narhe Technical Campus, Pune.",'0675526310,Artificial Intelligence (AI) and Data Science,Un-Aided,Unknown,PWDOPENH,30562,91.0510720,P,H,PWD,B.Tech,2025,4
'06755,"JSPM Narhe Technical Campus, Pune.",'0675537210,Electronics and Telecommunication Engg,Un-Aided,Unknown,GOPENH,50532,84.8811189,G,H,OPEN,B.Tech,2025,4
'06755,"JSPM Narhe Technical Campus, Pune.",'0675537210,Electronics and Telecommunication Engg,Un-Aided,Unknown,GVJH,152688,41.7471281,G,H,VJ,B.Tech,2025,4
'06755,"JSPM Narhe Technical Campus, Pune.",'0675537210,Electronics and Telecommunication Engg,Un-Aided,Unknown,GSEBCH,67353,79.6033896,G,H,SEBC,B.Tech,2025,4
'06755,"JSPM Narhe Technical Campus, Pune.",'0675537210,Electronics and Telecommunication Engg,Un-Aided,Unknown,LOBCH,49800,85.1002266,L,H,OBC,B.Tech,2025,4
'06755,"JSPM Narhe Technical Campus, Pune.",'0675537210,Electronics and Telecommunication Engg,Un-Aided,Unknown,GSTH,55331,83.3397246,G,H,ST,B.Tech,2025,4
'06755,"JSPM Narhe Technical Campus, Pune.",'0675561210,Mechanical Engineering,Un-Aided,Unknown,GOPENH,91603,70.7504568,G,H,OPEN,B.Tech,2025,4
'06755,"JSPM Narhe Technical Campus, Pune.",'0675561210,Mechanical Engineering,Un-Aided,Unknown,GSCH,134073,51.7009371,G,H,SC,B.Tech,2025,4
'06755,"JSPM Narhe Technical Campus, Pune.",'0675561210,Mechanical Engineering,Un-Aided,Unknown,GOBCH,97561,68.4702591,G,H,OBC,B.Tech,2025,4
'06755,"JSPM Narhe Technical Campus, Pune.",'0675561210,Mechanical Engineering,Un-Aided,Unknown,LOPENH,97014,68.4887011,L,H,OPEN,B.Tech,2025,4
'06755,"JSPM Narhe Technical Campus, Pune.",'0675561210,Mechanical Engineering,Un-Aided,Unknown,LOBCH,111705,62.1412608,L,H,OBC,B.Tech,2025,4
'06755,"JSPM Narhe Technical Campus, Pune.",'0675561210,Mechanical Engineering,Un-Aided,Unknown,PWDOPENH,55774,83.2058578,P,H,PWD,B.Tech,2025,4
'06755,"JSPM Narhe Technical Campus, Pune.",'0675561210,Mechanical Engineering,Un-Aided,Unknown,GSTH,97880,68.3753318,G,H,ST,B.Tech,2025,4
'06755,"JSPM Narhe Technical Campus, Pune.",'0675561210,Mechanical Engineering,Un-Aided,Unknown,LSTH,78682,75.4048881,L,H,ST,B.Tech,2025,4
'06756,"Fabtech Technical Campus College of Engineering and Research, Sangola",'0675619110,Civil Engineering,Un-Aided Autonomous Home University : Autonomous Institute,Autonomous Institute,GOPENS,167303,32.1650475,G,S,OPEN,B.Tech,2025,4
'06756,"Fabtech Technical Campus College of Engineering and Research, Sangola",'0675619110,Civil Engineering,Un-Aided Autonomous Home University : Autonomous Institute,Autonomous Institute,GOBCS,192305,12.5776664,G,S,OBC,B.Tech,2025,4
'06756,"Fabtech Technical Campus College of Engineering and Research, Sangola",'0675619110,Civil Engineering,Un-Aided Autonomous Home University : Autonomous Institute,Autonomous Institute,DEFOBCS,191645,13.2717448,D,S,OBC,B.Tech,2025,4
'06756,"Fabtech Technical Campus College of Engineering and Research, Sangola",'0675619110,Civil Engineering,Un-Aided Autonomous Home University : Autonomous Institute,Autonomous Institute,PWDOPENS,149269,43.6588740,P,S,PWD,B.Tech,2025,4
'06756,"Fabtech Technical Campus College of Engineering and Research, Sangola",'0675619110,Civil Engineering,Un-Aided Autonomous Home University : Autonomous Institute,Autonomous Institute,GNT1S,170515,29.5314685,G,S,NT1,B.Tech,2025,4
'06756,"Fabtech Technical Campus College of Engineering and Research, Sangola",'0675619110,Civil Engineering,Un-Aided Autonomous Home University : Autonomous Institute,Autonomous Institute,GNT3S,171136,29.2375397,G,S,NT3,B.Tech,2025,4
'06756,"Fabtech Technical Campus College of Engineering and Research, Sangola",'0675624210,Computer Science and Engineering,Un-Aided Autonomous Home University : Autonomous Institute,Autonomous Institute,GOPENS,77246,75.6538462,G,S,OPEN,B.Tech,2025,4
'06756,"Fabtech Technical Campus College of Engineering and Research, Sangola",'0675624210,Computer Science and Engineering,Un-Aided Autonomous Home University : Autonomous Institute,Autonomous Institute,GOBCS,134642,51.5716400,G,S,OBC,B.Tech,2025,4
'06756,"Fabtech Technical Campus College of Engineering and Research, Sangola",'0675624210,Computer Science and Engineering,Un-Aided Autonomous Home University : Autonomous Institute,Autonomous Institute,GSEBCS,94146,69.8498837,G,S,SEBC,B.Tech,2025,4
'06756,"Fabtech Technical Campus College of Engineering and Research, Sangola",'0675624210,Computer Science and Engineering,Un-Aided Autonomous Home University : Autonomous Institute,Autonomous Institute,LSTS,98496,68.2382408,L,S,ST,B.Tech,2025,4
'06756,"Fabtech Technical Campus College of Engineering and Research, Sangola",'0675629310,Electrical Engineering,Un-Aided Autonomous Home University : Autonomous Institute,Autonomous Institute,GOBCS,155921,39.6653303,G,S,OBC,B.Tech,2025,4
'06756,"Fabtech Technical Campus College of Engineering and Research, Sangola",'0675629310,Electrical Engineering,Un-Aided Autonomous Home University : Autonomous Institute,Autonomous Institute,LOPENS,169800,30.2606300,L,S,OPEN,B.Tech,2025,4
'06756,"Fabtech Technical Campus College of Engineering and Research, Sangola",'0675637210,Electronics and Telecommunication Engg,Un-Aided Autonomous Home University : Autonomous Institute,Autonomous Institute,GOPENS,144906,46.3957696,G,S,OPEN,B.Tech,2025,4
'06756,"Fabtech Technical Campus College of Engineering and Research, Sangola",'0675637210,Electronics and Telecommunication Engg,Un-Aided Autonomous Home University : Autonomous Institute,Autonomous Institute,GOBCS,163765,35.4407253,G,S,OBC,B.Tech,2025,4
'06756,"Fabtech Technical Campus College of Engineering and Research, Sangola",'0675637210,Electronics and Telecommunication Engg,Un-Aided Autonomous Home University : Autonomous Institute,Autonomous Institute,GSEBCS,162909,35.6771832,G,S,SEBC,B.Tech,2025,4
'06756,"Fabtech Technical Campus College of Engineering and Research, Sangola",'0675637210,Electronics and Telecommunication Engg,Un-Aided Autonomous Home University : Autonomous Institute,Autonomous Institute,LOPENS,115921,60.6344780,L,S,OPEN,B.Tech,2025,4
'06756,"Fabtech Technical Campus College of Engineering and Research, Sangola",'0675637210,Electronics and Telecommunication Engg,Un-Aided Autonomous Home University : Autonomous Institute,Autonomous Institute,GSCS,147904,44.2599775,G,S,SC,B.Tech,2025,4
'06756,"Fabtech Technical Campus College of Engineering and Research, Sangola",'0675661210,Mechanical Engineering,Un-Aided Autonomous Home University : Autonomous Institute,Autonomous Institute,GOPENS,81958,74.0630785,G,S,OPEN,B.Tech,2025,4
'06756,"Fabtech Technical Campus College of Engineering and Research, Sangola",'0675661210,Mechanical Engineering,Un-Aided Autonomous Home University : Autonomous Institute,Autonomous Institute,GOBCS,173739,28.3031822,G,S,OBC,B.Tech,2025,4
'06756,"Fabtech Technical Campus College of Engineering and Research, Sangola",'0675661210,Mechanical Engineering,Un-Aided Autonomous Home University : Autonomous Institute,Autonomous Institute,GSEBCS,145563,45.9816283,G,S,SEBC,B.Tech,2025,4
'06756,"Fabtech Technical Campus College of Engineering and Research, Sangola",'0675661210,Mechanical Engineering,Un-Aided Autonomous Home University : Autonomous Institute,Autonomous Institute,LOPENS,161255,36.1161649,L,S,OPEN,B.Tech,2025,4
'06756,"Fabtech Technical Campus College of Engineering and Research, Sangola",'0675661210,Mechanical Engineering,Un-Aided Autonomous Home University : Autonomous Institute,Autonomous Institute,LSEBCS,188016,16.4425946,L,S,SEBC,B.Tech,2025,4
'06756,"Fabtech Technical Campus College of Engineering and Research, Sangola",'0675661210,Mechanical Engineering,Un-Aided Autonomous Home University : Autonomous Institute,Autonomous Institute,GSCS,137354,50.4913264,G,S,SC,B.Tech,2025,4
'06756,"Fabtech Technical Campus College of Engineering and Research, Sangola",'0675661210,Mechanical Engineering,Un-Aided Autonomous Home University : Autonomous Institute,Autonomous Institute,GSTS,167830,32.1281783,G,S,ST,B.Tech,2025,4
'06756,"Fabtech Technical Campus College of Engineering and Research, Sangola",'0675661210,Mechanical Engineering,Un-Aided Autonomous Home University : Autonomous Institute,Autonomous Institute,LSCS,153171,41.4458186,L,S,SC,B.Tech,2025,4
'06757,"Yashoda Technical Campus, Wadhe, Satara.",'0675719110,Civil Engineering,Un-Aided Home University : Shivaji University,Shivaji University,GOPENH,147436,44.5303298,G,H,OPEN,B.Tech,2025,4
'06757,"Yashoda Technical Campus, Wadhe, Satara.",'0675719110,Civil Engineering,Un-Aided Home University : Shivaji University,Shivaji University,GSCH,166759,32.4837011,G,H,SC,B.Tech,2025,4
'06757,"Yashoda Technical Campus, Wadhe, Satara.",'0675719110,Civil Engineering,Un-Aided Home University : Shivaji University,Shivaji University,LOPENH,196631,8.5366296,L,H,OPEN,B.Tech,2025,4
'06757,"Yashoda Technical Campus, Wadhe, Satara.",'0675719110,Civil Engineering,Un-Aided Home University : Shivaji University,Shivaji University,LSEBCH,191763,13.2656066,L,H,SEBC,B.Tech,2025,4
'06757,"Yashoda Technical Campus, Wadhe, Satara.",'0675719110,Civil Engineering,Un-Aided Home University : Shivaji University,Shivaji University,GSTH,190255,14.3147873,G,H,ST,B.Tech,2025,4
'06757,"Yashoda Technical Campus, Wadhe, Satara.",'0675719110,Civil Engineering,Un-Aided Home University : Shivaji University,Shivaji University,GVJH,169234,31.9226076,G,H,VJ,B.Tech,2025,4
'06757,"Yashoda Technical Campus, Wadhe, Satara.",'0675724210,Computer Science and Engineering,Un-Aided Home University : Shivaji University,Shivaji University,GOPENO,74403,76.9322569,G,O,OPEN,B.Tech,2025,4
'06757,"Yashoda Technical Campus, Wadhe, Satara.",'0675724210,Computer Science and Engineering,Un-Aided Home University : Shivaji University,Shivaji University,GSEBCO,188182,16.1743072,G,O,SEBC,B.Tech,2025,4
'06757,"Yashoda Technical Campus, Wadhe, Satara.",'0675724210,Computer Science and Engineering,Un-Aided Home University : Shivaji University,Shivaji University,LNT2O,174414,28.1994074,L,O,NT2,B.Tech,2025,4
'06757,"Yashoda Technical Campus, Wadhe, Satara.",'0675726010,Computer Science and Engineering (Cyber Security),Un-Aided Home University : Shivaji University,Shivaji University,GOPENH,151451,42.7403863,G,H,OPEN,B.Tech,2025,4
'06757,"Yashoda Technical Campus, Wadhe, Satara.",'0675726010,Computer Science and Engineering (Cyber Security),Un-Aided Home University : Shivaji University,Shivaji University,GSCH,163203,35.5422955,G,H,SC,B.Tech,2025,4
'06757,"Yashoda Technical Campus, Wadhe, Satara.",'0675726010,Computer Science and Engineering (Cyber Security),Un-Aided Home University : Shivaji University,Shivaji University,GVJH,187480,16.6909773,G,H,VJ,B.Tech,2025,4
'06757,"Yashoda Technical Campus, Wadhe, Satara.",'0675726010,Computer Science and Engineering (Cyber Security),Un-Aided Home University : Shivaji University,Shivaji University,GOBCH,191365,13.3124347,G,H,OBC,B.Tech,2025,4
'06757,"Yashoda Technical Campus, Wadhe, Satara.",'0675726010,Computer Science and Engineering (Cyber Security),Un-Aided Home University : Shivaji University,Shivaji University,GSCH,158266,38.7925588,G,H,SC,B.Tech,2025,4
'06757,"Yashoda Technical Campus, Wadhe, Satara.",'0675726010,Computer Science and Engineering (Cyber Security),Un-Aided Home University : Shivaji University,Shivaji University,PWDSCH,191549,13.2717448,P,H,PWD,B.Tech,2025,4
'06757,"Yashoda Technical Campus, Wadhe, Satara.",'0675726010,Computer Science and Engineering (Cyber Security),Un-Aided Home University : Shivaji University,Shivaji University,PWDOBCH,160523,36.2260120,P,H,PWD,B.Tech,2025,4
'06757,"Yashoda Technical Campus, Wadhe, Satara.",'0675726310,Artificial Intelligence (AI) and Data Science,Un-Aided Home University : Shivaji University,Shivaji University,GSCH,166664,32.5451434,G,H,SC,B.Tech,2025,4
'06757,"Yashoda Technical Campus, Wadhe, Satara.",'0675726610,Robotics and Artificial Intelligence,Un-Aided Home University : Shivaji University,Shivaji University,LOPENH,147801,44.2599775,L,H,OPEN,B.Tech,2025,4
'06757,"Yashoda Technical Campus, Wadhe, Satara.",'0675729310,Electrical Engineering,Un-Aided Home University : Shivaji University,Shivaji University,GOPENH,151881,42.6339209,G,H,OPEN,B.Tech,2025,4
'06757,"Yashoda Technical Campus, Wadhe, Satara.",'0675729310,Electrical Engineering,Un-Aided Home University : Shivaji University,Shivaji University,GSEBCH,189131,15.4704064,G,H,SEBC,B.Tech,2025,4
'06757,"Yashoda Technical Campus, Wadhe, Satara.",'0675729310,Electrical Engineering,Un-Aided Home University : Shivaji University,Shivaji University,LOBCH,114034,61.5619516,L,H,OBC,B.Tech,2025,4
'06757,"Yashoda Technical Campus, Wadhe, Satara.",'0675729310,Electrical Engineering,Un-Aided Home University : Shivaji University,Shivaji University,GSTH,190298,14.3147873,G,H,ST,B.Tech,2025,4
'06757,"Yashoda Technical Campus, Wadhe, Satara.",'0675737210,Electronics and Telecommunication Engg,Un-Aided Home University : Shivaji University,Shivaji University,GOPENH,56340,82.9717485,G,H,OPEN,B.Tech,2025,4
'06757,"Yashoda Technical Campus, Wadhe, Satara.",'0675737210,Electronics and Telecommunication Engg,Un-Aided Home University : Shivaji University,Shivaji University,GOBCH,201233,3.3856527,G,H,OBC,B.Tech,2025,4
'06757,"Yashoda Technical Campus, Wadhe, Satara.",'0675737210,Electronics and Telecommunication Engg,Un-Aided Home University : Shivaji University,Shivaji University,LOPENH,95682,69.2179237,L,H,OPEN,B.Tech,2025,4
'06757,"Yashoda Technical Campus, Wadhe, Satara.",'0675737210,Electronics and Telecommunication Engg,Un-Aided Home University : Shivaji University,Shivaji University,PWDSEBCH,193681,11.1969965,P,H,PWD,B.Tech,2025,4
'06757,"Yashoda Technical Campus, Wadhe, Satara.",'0675737210,Electronics and Telecommunication Engg,Un-Aided Home University : Shivaji University,Shivaji University,GSCH,198990,5.8085422,G,H,SC,B.Tech,2025,4
'06757,"Yashoda Technical Campus, Wadhe, Satara.",'0675737210,Electronics and Telecommunication Engg,Un-Aided Home University : Shivaji University,Shivaji University,GSTH,154156,40.0936536,G,H,ST,B.Tech,2025,4
'06757,"Yashoda Technical Campus, Wadhe, Satara.",'0675737210,Electronics and Telecommunication Engg,Un-Aided Home University : Shivaji University,Shivaji University,GVJH,178546,24.6987745,G,H,VJ,B.Tech,2025,4
'06757,"Yashoda Technical Campus, Wadhe, Satara.",'0675737210,Electronics and Telecommunication Engg,Un-Aided Home University : Shivaji University,Shivaji University,LSTH,178273,24.7167509,L,H,ST,B.Tech,2025,4
'06757,"Yashoda Technical Campus, Wadhe, Satara.",'0675737210,Electronics and Telecommunication Engg,Un-Aided Home University : Shivaji University,Shivaji University,PWDSCH,173825,28.3031822,P,H,PWD,B.Tech,2025,4
'06757,"Yashoda Technical Campus, Wadhe, Satara.",'0675761210,Mechanical Engineering,Un-Aided Home University : Shivaji University,Shivaji University,GOPENH,103811,65.8992965,G,H,OPEN,B.Tech,2025,4
'06757,"Yashoda Technical Campus, Wadhe, Satara.",'0675761210,Mechanical Engineering,Un-Aided Home University : Shivaji University,Shivaji University,LOBCH,158900,38.2479385,L,H,OBC,B.Tech,2025,4
'06758,"Sahyadri Valley College of Engineering & Technology, Rajuri, Pune.",'0675819110,Civil Engineering,Un-Aided,Unknown,GOPENH,185498,18.6473767,G,H,OPEN,B.Tech,2025,4
'06758,"Sahyadri Valley College of Engineering & Technology, Rajuri, Pune.",'0675824510,Computer Engineering,Un-Aided,Unknown,GOPENH,128987,54.4314351,G,H,OPEN,B.Tech,2025,4
'06758,"Sahyadri Valley College of Engineering & Technology, Rajuri, Pune.",'0675824510,Computer Engineering,Un-Aided,Unknown,GNT2H,134945,51.1762787,G,H,NT2,B.Tech,2025,4
'06758,"Sahyadri Valley College of Engineering & Technology, Rajuri, Pune.",'0675824510,Computer Engineering,Un-Aided,Unknown,GNT3H,152271,42.2674623,G,H,NT3,B.Tech,2025,4
'06758,"Sahyadri Valley College of Engineering & Technology, Rajuri, Pune.",'0675824510,Computer Engineering,Un-Aided,Unknown,GOBCH,136393,50.7016833,G,H,OBC,B.Tech,2025,4
'06758,"Sahyadri Valley College of Engineering & Technology, Rajuri, Pune.",'0675824510,Computer Engineering,Un-Aided,Unknown,GSEBCH,168861,31.9280223,G,H,SEBC,B.Tech,2025,4
'06758,"Sahyadri Valley College of Engineering & Technology, Rajuri, Pune.",'0675824510,Computer Engineering,Un-Aided,Unknown,LSCH,128461,54.5739657,L,H,SC,B.Tech,2025,4
'06758,"Sahyadri Valley College of Engineering & Technology, Rajuri, Pune.",'0675824510,Computer Engineering,Un-Aided,Unknown,LVJH,190464,14.0716041,L,H,VJ,B.Tech,2025,4
'06758,"Sahyadri Valley College of Engineering & Technology, Rajuri, Pune.",'0675824510,Computer Engineering,Un-Aided,Unknown,LNT2H,103386,66.1695365,L,H,NT2,B.Tech,2025,4
'06758,"Sahyadri Valley College of Engineering & Technology, Rajuri, Pune.",'0675824510,Computer Engineering,Un-Aided,Unknown,LSEBCH,200364,4.3679994,L,H,SEBC,B.Tech,2025,4
'06758,"Sahyadri Valley College of Engineering & Technology, Rajuri, Pune.",'0675837210,Electronics and Telecommunication Engg,Un-Aided,Unknown,GOPENH,146404,45.3566434,G,H,OPEN,B.Tech,2025,4
'06758,"Sahyadri Valley College of Engineering & Technology, Rajuri, Pune.",'0675837210,Electronics and Telecommunication Engg,Un-Aided,Unknown,GOBCH,155441,39.7546871,G,H,OBC,B.Tech,2025,4
'06758,"Sahyadri Valley College of Engineering & Technology, Rajuri, Pune.",'0675837210,Electronics and Telecommunication Engg,Un-Aided,Unknown,LOPENH,147323,44.5303298,L,H,OPEN,B.Tech,2025,4
'06758,"Sahyadri Valley College of Engineering & Technology, Rajuri, Pune.",'0675837210,Electronics and Telecommunication Engg,Un-Aided,Unknown,LOBCH,150611,43.1964993,L,H,OBC,B.Tech,2025,4
'06758,"Sahyadri Valley College of Engineering & Technology, Rajuri, Pune.",'0675837210,Electronics and Telecommunication Engg,Un-Aided,Unknown,GSTH,155541,39.7546871,G,H,ST,B.Tech,2025,4
'06758,"Sahyadri Valley College of Engineering & Technology, Rajuri, Pune.",'0675861210,Mechanical Engineering,Un-Aided,Unknown,GOPENH,135259,51.1762787,G,H,OPEN,B.Tech,2025,4
'06758,"Sahyadri Valley College of Engineering & Technology, Rajuri, Pune.",'0675861210,Mechanical Engineering,Un-Aided,Unknown,GOBCH,186587,17.7120141,G,H,OBC,B.Tech,2025,4
'06758,"Sahyadri Valley College of Engineering & Technology, Rajuri, Pune.",'0675861210,Mechanical Engineering,Un-Aided,Unknown,LOPENH,159192,37.6293706,L,H,OPEN,B.Tech,2025,4
'06758,"Sahyadri Valley College of Engineering & Technology, Rajuri, Pune.",'0675861210,Mechanical Engineering,Un-Aided,Unknown,LSCH,150222,43.1964993,L,H,SC,B.Tech,2025,4
'06758,"Sahyadri Valley College of Engineering & Technology, Rajuri, Pune.",'0675861210,Mechanical Engineering,Un-Aided,Unknown,LNT1H,168954,31.9280223,L,H,NT1,B.Tech,2025,4
'06758,"Sahyadri Valley College of Engineering & Technology, Rajuri, Pune.",'0675892110,Artificial Intelligence and Machine Learning,Un-Aided,Unknown,GOPENH,115709,60.6344780,G,H,OPEN,B.Tech,2025,4
'06758,"Sahyadri Valley College of Engineering & Technology, Rajuri, Pune.",'0675892110,Artificial Intelligence and Machine Learning,Un-Aided,Unknown,GOBCH,151593,42.7403863,G,H,OBC,B.Tech,2025,4
'06758,"Sahyadri Valley College of Engineering & Technology, Rajuri, Pune.",'0675892110,Artificial Intelligence and Machine Learning,Un-Aided,Unknown,LOPENH,134285,51.7009371,L,H,OPEN,B.Tech,2025,4
'06758,"Sahyadri Valley College of Engineering & Technology, Rajuri, Pune.",'0675892110,Artificial Intelligence and Machine Learning,Un-Aided,Unknown,LSCH,182022,21.6174291,L,H,SC,B.Tech,2025,4
'06758,"Sahyadri Valley College of Engineering & Technology, Rajuri, Pune.",'0675892110,Artificial Intelligence and Machine Learning,Un-Aided,Unknown,LOBCH,158423,38.3392226,L,H,OBC,B.Tech,2025,4
'06758,"Sahyadri Valley College of Engineering & Technology, Rajuri, Pune.",'0675892110,Artificial Intelligence and Machine Learning,Un-Aided,Unknown,LSTH,119521,58.8994542,L,H,ST,B.Tech,2025,4
'06758,"Sahyadri Valley College of Engineering & Technology, Rajuri, Pune.",'0675899510,Artificial Intelligence and Data Science,Un-Aided,Unknown,GOPENH,98534,68.1164395,G,H,OPEN,B.Tech,2025,4
'06758,"Sahyadri Valley College of Engineering & Technology, Rajuri, Pune.",'0675899510,Artificial Intelligence and Data Science,Un-Aided,Unknown,GSCH,195294,9.7858898,G,H,SC,B.Tech,2025,4
'06758,"Sahyadri Valley College of Engineering & Technology, Rajuri, Pune.",'0675899510,Artificial Intelligence and Data Science,Un-Aided,Unknown,GNT3H,158892,38.2479385,G,H,NT3,B.Tech,2025,4
'06758,"Sahyadri Valley College of Engineering & Technology, Rajuri, Pune.",'0675899510,Artificial Intelligence and Data Science,Un-Aided,Unknown,GOBCH,143781,47.0502678,G,H,OBC,B.Tech,2025,4
'06758,"Sahyadri Valley College of Engineering & Technology, Rajuri, Pune.",'0675899510,Artificial Intelligence and Data Science,Un-Aided,Unknown,GSEBCH,176458,25.5643537,G,H,SEBC,B.Tech,2025,4
'06758,"Sahyadri Valley College of Engineering & Technology, Rajuri, Pune.",'0675899510,Artificial Intelligence and Data Science,Un-Aided,Unknown,LOPENH,99640,67.8236662,L,H,OPEN,B.Tech,2025,4
'06758,"Sahyadri Valley College of Engineering & Technology, Rajuri, Pune.",'0675899510,Artificial Intelligence and Data Science,Un-Aided,Unknown,LSCH,194161,10.8694881,L,H,SC,B.Tech,2025,4
'06758,"Sahyadri Valley College of Engineering & Technology, Rajuri, Pune.",'0675899510,Artificial Intelligence and Data Science,Un-Aided,Unknown,LOBCH,156280,39.5742169,L,H,OBC,B.Tech,2025,4
'06758,"Sahyadri Valley College of Engineering & Technology, Rajuri, Pune.",'0675899510,Artificial Intelligence and Data Science,Un-Aided,Unknown,LSEBCH,104922,65.6307130,L,H,SEBC,B.Tech,2025,4
'06758,"Sahyadri Valley College of Engineering & Technology, Rajuri, Pune.",'0675899510,Artificial Intelligence and Data Science,Un-Aided,Unknown,GSTH,123133,57.4376852,G,H,ST,B.Tech,2025,4
'06759,"Shree Ramchandra College of Engineering, Lonikand,Pune",'0675919110,Civil Engineering,Un-Aided,Unknown,GOBCH,83749,73.6159498,G,H,OBC,B.Tech,2025,4
'06759,"Shree Ramchandra College of Engineering, Lonikand,Pune",'0675924510,Computer Engineering,Un-Aided,Unknown,GSCO,197673,7.2413793,G,O,SC,B.Tech,2025,4
'06759,"Shree Ramchandra College of Engineering, Lonikand,Pune",'0675924510,Computer Engineering,Un-Aided,Unknown,GNT1O,135835,50.8281802,G,O,NT1,B.Tech,2025,4
'06759,"Shree Ramchandra College of Engineering, Lonikand,Pune",'0675929310,Electrical Engineering,Un-Aided,Unknown,GNT2O,137374,50.4913264,G,O,NT2,B.Tech,2025,4
'06759,"Shree Ramchandra College of Engineering, Lonikand,Pune",'0675929310,Electrical Engineering,Un-Aided,Unknown,LOPENO,91605,70.7504568,L,O,OPEN,B.Tech,2025,4
'06759,"Shree Ramchandra College of Engineering, Lonikand,Pune",'0675961210,Mechanical Engineering,Un-Aided,Unknown,GOPENO,127088,55.2744499,G,O,OPEN,B.Tech,2025,4
'06759,"Shree Ramchandra College of Engineering, Lonikand,Pune",'0675961210,Mechanical Engineering,Un-Aided,Unknown,LOPENO,146991,45.2322221,L,O,OPEN,B.Tech,2025,4
'06759,"Shree Ramchandra College of Engineering, Lonikand,Pune",'0675999510,Artificial Intelligence and Data Science,Un-Aided,Unknown,GSCH,82662,73.8000589,G,H,SC,B.Tech,2025,4
'06759,"Shree Ramchandra College of Engineering, Lonikand,Pune",'0675999510,Artificial Intelligence and Data Science,Un-Aided,Unknown,GSEBCH,81600,74.5404987,G,H,SEBC,B.Tech,2025,4
'06759,"Shree Ramchandra College of Engineering, Lonikand,Pune",'0675999510,Artificial Intelligence and Data Science,Un-Aided,Unknown,LOPENH,80570,75.1620214,L,H,OPEN,B.Tech,2025,4
'06759,"Shree Ramchandra College of Engineering, Lonikand,Pune",'0675999510,Artificial Intelligence and Data Science,Un-Aided,Unknown,LSTH,66977,79.6986029,L,H,ST,B.Tech,2025,4
'06762,"Nanasaheb Mahadik College of Engineering,Walwa, Sangli.",'0676219110,Civil Engineering,Un-Aided Home University : Shivaji University,Shivaji University,GSEBCH,197491,7.6100354,G,H,SEBC,B.Tech,2025,4
'06762,"Nanasaheb Mahadik College of Engineering,Walwa, Sangli.",'0676219110,Civil Engineering,Un-Aided Home University : Shivaji University,Shivaji University,GSTH,201288,3.2502633,G,H,ST,B.Tech,2025,4
'06762,"Nanasaheb Mahadik College of Engineering,Walwa, Sangli.",'0676219110,Civil Engineering,Un-Aided Home University : Shivaji University,Shivaji University,LOBCH,201945,2.5131625,L,H,OBC,B.Tech,2025,4
'06762,"Nanasaheb Mahadik College of Engineering,Walwa, Sangli.",'0676224210,Computer Science and Engineering,Un-Aided Home University : Shivaji University,Shivaji University,GOPENH,160914,36.1811489,G,H,OPEN,B.Tech,2025,4
'06762,"Nanasaheb Mahadik College of Engineering,Walwa, Sangli.",'0676224210,Computer Science and Engineering,Un-Aided Home University : Shivaji University,Shivaji University,GOBCH,183142,20.6428039,G,H,OBC,B.Tech,2025,4
'06762,"Nanasaheb Mahadik College of Engineering,Walwa, Sangli.",'0676224210,Computer Science and Engineering,Un-Aided Home University : Shivaji University,Shivaji University,LOPENH,125913,55.9381337,L,H,OPEN,B.Tech,2025,4
'06762,"Nanasaheb Mahadik College of Engineering,Walwa, Sangli.",'0676224210,Computer Science and Engineering,Un-Aided Home University : Shivaji University,Shivaji University,GSCH,167737,32.1281783,G,H,SC,B.Tech,2025,4
'06762,"Nanasaheb Mahadik College of Engineering,Walwa, Sangli.",'0676224210,Computer Science and Engineering,Un-Aided Home University : Shivaji University,Shivaji University,LOBCH,160496,36.2260120,L,H,OBC,B.Tech,2025,4
'06762,"Nanasaheb Mahadik College of Engineering,Walwa, Sangli.",'0676229310,Electrical Engineering,Un-Aided Home University : Shivaji University,Shivaji University,GOPENH,136086,50.8281802,G,H,OPEN,B.Tech,2025,4
'06762,"Nanasaheb Mahadik College of Engineering,Walwa, Sangli.",'0676229310,Electrical Engineering,Un-Aided Home University : Shivaji University,Shivaji University,PWDOBCH,154022,40.6822054,P,H,PWD,B.Tech,2025,4
'06762,"Nanasaheb Mahadik College of Engineering,Walwa, Sangli.",'0676237210,Electronics and Telecommunication Engg,Un-Aided Home University : Shivaji University,Shivaji University,GSTO,163052,35.6771832,G,O,ST,B.Tech,2025,4
'06762,"Nanasaheb Mahadik College of Engineering,Walwa, Sangli.",'0676237210,Electronics and Telecommunication Engg,Un-Aided Home University : Shivaji University,Shivaji University,GOBCO,168293,32.0884521,G,O,OBC,B.Tech,2025,4
'06762,"Nanasaheb Mahadik College of Engineering,Walwa, Sangli.",'0676261210,Mechanical Engineering,Un-Aided Home University : Shivaji University,Shivaji University,GOPENH,141322,47.8905633,G,H,OPEN,B.Tech,2025,4
'06762,"Nanasaheb Mahadik College of Engineering,Walwa, Sangli.",'0676261210,Mechanical Engineering,Un-Aided Home University : Shivaji University,Shivaji University,GOBCH,183193,20.3327444,G,H,OBC,B.Tech,2025,4
'06762,"Nanasaheb Mahadik College of Engineering,Walwa, Sangli.",'0676261210,Mechanical Engineering,Un-Aided Home University : Shivaji University,Shivaji University,LOPENH,132444,52.8806012,L,H,OPEN,B.Tech,2025,4
'06762,"Nanasaheb Mahadik College of Engineering,Walwa, Sangli.",'0676261210,Mechanical Engineering,Un-Aided Home University : Shivaji University,Shivaji University,LOBCH,191657,13.2717448,L,H,OBC,B.Tech,2025,4
'06762,"Nanasaheb Mahadik College of Engineering,Walwa, Sangli.",'0676261210,Mechanical Engineering,Un-Aided Home University : Shivaji University,Shivaji University,LSEBCH,195273,9.7858898,L,H,SEBC,B.Tech,2025,4
'06762,"Nanasaheb Mahadik College of Engineering,Walwa, Sangli.",'0676261210,Mechanical Engineering,Un-Aided Home University : Shivaji University,Shivaji University,PWDOPENH,113898,61.5619516,P,H,PWD,B.Tech,2025,4
'06762,"Nanasaheb Mahadik College of Engineering,Walwa, Sangli.",'0676261210,Mechanical Engineering,Un-Aided Home University : Shivaji University,Shivaji University,GSCH,195891,9.1134840,G,H,SC,B.Tech,2025,4
'06762,"Nanasaheb Mahadik College of Engineering,Walwa, Sangli.",'0676261210,Mechanical Engineering,Un-Aided Home University : Shivaji University,Shivaji University,GSTH,200823,3.7828281,G,H,ST,B.Tech,2025,4
'06762,"Nanasaheb Mahadik College of Engineering,Walwa, Sangli.",'0676261210,Mechanical Engineering,Un-Aided Home University : Shivaji University,Shivaji University,GOBCH,199916,4.8178570,G,H,OBC,B.Tech,2025,4
'06762,"Nanasaheb Mahadik College of Engineering,Walwa, Sangli.",'0676261210,Mechanical Engineering,Un-Aided Home University : Shivaji University,Shivaji University,LSTH,169006,31.9280223,L,H,ST,B.Tech,2025,4
'06766,Phaltan Education Society's College of Engineering Thakurki Tal- Phaltan Dist-Satara,'0676619110,Civil Engineering,Un-Aided Home University : Shivaji University,Shivaji University,GSEBCH,169750,30.2606300,G,H,SEBC,B.Tech,2025,4
'06766,Phaltan Education Society's College of Engineering Thakurki Tal- Phaltan Dist-Satara,'0676619110,Civil Engineering,Un-Aided Home University : Shivaji University,Shivaji University,LSEBCH,189041,15.4704064,L,H,SEBC,B.Tech,2025,4
'06766,Phaltan Education Society's College of Engineering Thakurki Tal- Phaltan Dist-Satara,'0676624510,Computer Engineering,Un-Aided Home University : Shivaji University,Shivaji University,LOPENH,139008,49.4020979,L,H,OPEN,B.Tech,2025,4
'06766,Phaltan Education Society's College of Engineering Thakurki Tal- Phaltan Dist-Satara,'0676624510,Computer Engineering,Un-Aided Home University : Shivaji University,Shivaji University,LNT2H,168396,32.0884521,L,H,NT2,B.Tech,2025,4
'06766,Phaltan Education Society's College of Engineering Thakurki Tal- Phaltan Dist-Satara,'0676624510,Computer Engineering,Un-Aided Home University : Shivaji University,Shivaji University,PWDOBCH,99540,67.8236662,P,H,PWD,B.Tech,2025,4
'06766,Phaltan Education Society's College of Engineering Thakurki Tal- Phaltan Dist-Satara,'0676626310,Artificial Intelligence (AI) and Data Science,Un-Aided Home University : Shivaji University,Shivaji University,GOPENO,156048,39.6653303,G,O,OPEN,B.Tech,2025,4
'06766,Phaltan Education Society's College of Engineering Thakurki Tal- Phaltan Dist-Satara,'0676637210,Electronics and Telecommunication Engg,Un-Aided Home University : Shivaji University,Shivaji University,GOPENH,152723,41.7471281,G,H,OPEN,B.Tech,2025,4
'06766,Phaltan Education Society's College of Engineering Thakurki Tal- Phaltan Dist-Satara,'0676637210,Electronics and Telecommunication Engg,Un-Aided Home University : Shivaji University,Shivaji University,GOBCH,200209,4.5300548,G,H,OBC,B.Tech,2025,4
'06766,Phaltan Education Society's College of Engineering Thakurki Tal- Phaltan Dist-Satara,'0676637210,Electronics and Telecommunication Engg,Un-Aided Home University : Shivaji University,Shivaji University,LSEBCH,175168,25.9873754,L,H,SEBC,B.Tech,2025,4
'06766,Phaltan Education Society's College of Engineering Thakurki Tal- Phaltan Dist-Satara,'0676661210,Mechanical Engineering,Un-Aided Home University : Shivaji University,Shivaji University,GOBCH,145497,45.9816283,G,H,OBC,B.Tech,2025,4
'06766,Phaltan Education Society's College of Engineering Thakurki Tal- Phaltan Dist-Satara,'0676661210,Mechanical Engineering,Un-Aided Home University : Shivaji University,Shivaji University,PWDOPENH,133426,52.3622324,P,H,PWD,B.Tech,2025,4
'06767,"Suman Ramesh Tulsiani Technical Campus: Faculty of Engineering, Kamshet,Pune.",'0676719110,Civil Engineering,Un-Aided,Unknown,LSTH,197458,7.6100354,L,H,ST,B.Tech,2025,4
'06767,"Suman Ramesh Tulsiani Technical Campus: Faculty of Engineering, Kamshet,Pune.",'0676724510,Computer Engineering,Un-Aided,Unknown,GOPENH,138071,49.7291102,G,H,OPEN,B.Tech,2025,4
'06767,"Suman Ramesh Tulsiani Technical Campus: Faculty of Engineering, Kamshet,Pune.",'0676724510,Computer Engineering,Un-Aided,Unknown,GNT1H,190127,14.7567322,G,H,NT1,B.Tech,2025,4
'06767,"Suman Ramesh Tulsiani Technical Campus: Faculty of Engineering, Kamshet,Pune.",'0676724510,Computer Engineering,Un-Aided,Unknown,GNT3H,163184,35.6771832,G,H,NT3,B.Tech,2025,4
'06767,"Suman Ramesh Tulsiani Technical Campus: Faculty of Engineering, Kamshet,Pune.",'0676724510,Computer Engineering,Un-Aided,Unknown,GOBCH,162088,35.9909439,G,H,OBC,B.Tech,2025,4
'06767,"Suman Ramesh Tulsiani Technical Campus: Faculty of Engineering, Kamshet,Pune.",'0676724510,Computer Engineering,Un-Aided,Unknown,LOPENH,138140,49.7291102,L,H,OPEN,B.Tech,2025,4
'06767,"Suman Ramesh Tulsiani Technical Campus: Faculty of Engineering, Kamshet,Pune.",'0676724510,Computer Engineering,Un-Aided,Unknown,LOBCH,151087,42.9247346,L,H,OBC,B.Tech,2025,4
'06767,"Suman Ramesh Tulsiani Technical Campus: Faculty of Engineering, Kamshet,Pune.",'0676724510,Computer Engineering,Un-Aided,Unknown,PWDOBCH,136951,50.5909012,P,H,PWD,B.Tech,2025,4
'06767,"Suman Ramesh Tulsiani Technical Campus: Faculty of Engineering, Kamshet,Pune.",'0676724510,Computer Engineering,Un-Aided,Unknown,PWDSEBCH,144437,46.6242967,P,H,PWD,B.Tech,2025,4
'06767,"Suman Ramesh Tulsiani Technical Campus: Faculty of Engineering, Kamshet,Pune.",'0676724510,Computer Engineering,Un-Aided,Unknown,GSTH,149599,43.5338318,G,H,ST,B.Tech,2025,4
'06767,"Suman Ramesh Tulsiani Technical Campus: Faculty of Engineering, Kamshet,Pune.",'0676724610,Information Technology,Un-Aided,Unknown,GOPENH,202235,2.1303733,G,H,OPEN,B.Tech,2025,4
'06767,"Suman Ramesh Tulsiani Technical Campus: Faculty of Engineering, Kamshet,Pune.",'0676724610,Information Technology,Un-Aided,Unknown,LOPENH,165257,33.4650350,L,H,OPEN,B.Tech,2025,4
'06767,"Suman Ramesh Tulsiani Technical Campus: Faculty of Engineering, Kamshet,Pune.",'0676724610,Information Technology,Un-Aided,Unknown,LOBCH,181503,22.0358020,L,H,OBC,B.Tech,2025,4
'06767,"Suman Ramesh Tulsiani Technical Campus: Faculty of Engineering, Kamshet,Pune.",'0676724610,Information Technology,Un-Aided,Unknown,PWDOPENH,191703,13.2717448,P,H,PWD,B.Tech,2025,4
'06767,"Suman Ramesh Tulsiani Technical Campus: Faculty of Engineering, Kamshet,Pune.",'0676724610,Information Technology,Un-Aided,Unknown,LSTH,199726,5.1070551,L,H,ST,B.Tech,2025,4
'06767,"Suman Ramesh Tulsiani Technical Campus: Faculty of Engineering, Kamshet,Pune.",'0676761210,Mechanical Engineering,Un-Aided,Unknown,GOPENH,180056,22.8214173,G,H,OPEN,B.Tech,2025,4
'06767,"Suman Ramesh Tulsiani Technical Campus: Faculty of Engineering, Kamshet,Pune.",'0676761210,Mechanical Engineering,Un-Aided,Unknown,LOPENH,202231,2.1303733,L,H,OPEN,B.Tech,2025,4
'06767,"Suman Ramesh Tulsiani Technical Campus: Faculty of Engineering, Kamshet,Pune.",'0676791210,Computer Science and Engineering(Data Science),Un-Aided,Unknown,GOPENH,176198,25.7272727,G,H,OPEN,B.Tech,2025,4
'06767,"Suman Ramesh Tulsiani Technical Campus: Faculty of Engineering, Kamshet,Pune.",'0676791210,Computer Science and Engineering(Data Science),Un-Aided,Unknown,GSCH,194106,10.8694881,G,H,SC,B.Tech,2025,4
'06767,"Suman Ramesh Tulsiani Technical Campus: Faculty of Engineering, Kamshet,Pune.",'0676791210,Computer Science and Engineering(Data Science),Un-Aided,Unknown,GOBCH,181850,21.6174291,G,H,OBC,B.Tech,2025,4
'06767,"Suman Ramesh Tulsiani Technical Campus: Faculty of Engineering, Kamshet,Pune.",'0676791210,Computer Science and Engineering(Data Science),Un-Aided,Unknown,LOPENH,165582,33.0802795,L,H,OPEN,B.Tech,2025,4
'06767,"Suman Ramesh Tulsiani Technical Campus: Faculty of Engineering, Kamshet,Pune.",'0676791210,Computer Science and Engineering(Data Science),Un-Aided,Unknown,GSTH,182679,21.3037657,G,H,ST,B.Tech,2025,4
'06767,"Suman Ramesh Tulsiani Technical Campus: Faculty of Engineering, Kamshet,Pune.",'0676791210,Computer Science and Engineering(Data Science),Un-Aided,Unknown,LNT1H,184453,19.2944893,L,H,NT1,B.Tech,2025,4
'06767,"Suman Ramesh Tulsiani Technical Campus: Faculty of Engineering, Kamshet,Pune.",'0676799510,Artificial Intelligence and Data Science,Un-Aided,Unknown,GOPENH,145777,45.9245973,G,H,OPEN,B.Tech,2025,4
'06767,"Suman Ramesh Tulsiani Technical Campus: Faculty of Engineering, Kamshet,Pune.",'0676799510,Artificial Intelligence and Data Science,Un-Aided,Unknown,GSCH,167577,32.1650475,G,H,SC,B.Tech,2025,4
'06767,"Suman Ramesh Tulsiani Technical Campus: Faculty of Engineering, Kamshet,Pune.",'0676799510,Artificial Intelligence and Data Science,Un-Aided,Unknown,GNT2H,149116,43.6588740,G,H,NT2,B.Tech,2025,4
'06767,"Suman Ramesh Tulsiani Technical Campus: Faculty of Engineering, Kamshet,Pune.",'0676799510,Artificial Intelligence and Data Science,Un-Aided,Unknown,GOBCH,168386,32.0884521,G,H,OBC,B.Tech,2025,4
'06767,"Suman Ramesh Tulsiani Technical Campus: Faculty of Engineering, Kamshet,Pune.",'0676799510,Artificial Intelligence and Data Science,Un-Aided,Unknown,GSEBCH,163799,35.4407253,G,H,SEBC,B.Tech,2025,4
'06767,"Suman Ramesh Tulsiani Technical Campus: Faculty of Engineering, Kamshet,Pune.",'0676799510,Artificial Intelligence and Data Science,Un-Aided,Unknown,LOPENH,140959,47.8905633,L,H,OPEN,B.Tech,2025,4
'06767,"Suman Ramesh Tulsiani Technical Campus: Faculty of Engineering, Kamshet,Pune.",'0676799510,Artificial Intelligence and Data Science,Un-Aided,Unknown,LOBCH,162422,35.9295868,L,H,OBC,B.Tech,2025,4
'06767,"Suman Ramesh Tulsiani Technical Campus: Faculty of Engineering, Kamshet,Pune.",'0676799510,Artificial Intelligence and Data Science,Un-Aided,Unknown,PWDOPENH,159629,37.1950556,P,H,PWD,B.Tech,2025,4
'06767,"Suman Ramesh Tulsiani Technical Campus: Faculty of Engineering, Kamshet,Pune.",'0676799510,Artificial Intelligence and Data Science,Un-Aided,Unknown,LSTH,164594,33.6209084,L,H,ST,B.Tech,2025,4
'06768,"P.K. Technical Campus, Pune.",'0676824510,Computer Engineering,Un-Aided,Unknown,GOPENH,86300,72.7429418,G,H,OPEN,B.Tech,2025,4
'06768,"P.K. Technical Campus, Pune.",'0676824510,Computer Engineering,Un-Aided,Unknown,GOBCH,98963,68.1117918,G,H,OBC,B.Tech,2025,4
'06768,"P.K. Technical Campus, Pune.",'0676824510,Computer Engineering,Un-Aided,Unknown,GSEBCH,116496,60.4221150,G,H,SEBC,B.Tech,2025,4
'06768,"P.K. Technical Campus, Pune.",'0676824510,Computer Engineering,Un-Aided,Unknown,LNT3H,166196,32.5553935,L,H,NT3,B.Tech,2025,4
'06768,"P.K. Technical Campus, Pune.",'0676824510,Computer Engineering,Un-Aided,Unknown,LOBCH,90522,71.1730870,L,H,OBC,B.Tech,2025,4
'06768,"P.K. Technical Campus, Pune.",'0676824510,Computer Engineering,Un-Aided,Unknown,LSEBCH,108679,63.6512871,L,H,SEBC,B.Tech,2025,4
'06768,"P.K. Technical Campus, Pune.",'0676824510,Computer Engineering,Un-Aided,Unknown,GSTH,89350,71.5830116,G,H,ST,B.Tech,2025,4
'06768,"P.K. Technical Campus, Pune.",'0676861210,Mechanical Engineering,Un-Aided,Unknown,GOPENH,155053,39.9024730,G,H,OPEN,B.Tech,2025,4
'06768,"P.K. Technical Campus, Pune.",'0676861210,Mechanical Engineering,Un-Aided,Unknown,GOBCH,187570,16.6909773,G,H,OBC,B.Tech,2025,4
'06768,"P.K. Technical Campus, Pune.",'0676861210,Mechanical Engineering,Un-Aided,Unknown,LOBCH,181483,22.0358020,L,H,OBC,B.Tech,2025,4
'06768,"P.K. Technical Campus, Pune.",'0676861210,Mechanical Engineering,Un-Aided,Unknown,PWDOPENH,181560,22.0346747,P,H,PWD,B.Tech,2025,4
'06769,"Rasiklal M. Dhariwal Sinhgad Technical Institutes Campus, Warje, Pune.",'0676919110,Civil Engineering,Un-Aided,Unknown,GOPENH,153953,40.6822054,G,H,OPEN,B.Tech,2025,4
'06769,"Rasiklal M. Dhariwal Sinhgad Technical Institutes Campus, Warje, Pune.",'0676919110,Civil Engineering,Un-Aided,Unknown,GSCH,189895,14.9055715,G,H,SC,B.Tech,2025,4
'06769,"Rasiklal M. Dhariwal Sinhgad Technical Institutes Campus, Warje, Pune.",'0676919110,Civil Engineering,Un-Aided,Unknown,GNT2H,160769,36.1811489,G,H,NT2,B.Tech,2025,4
'06769,"Rasiklal M. Dhariwal Sinhgad Technical Institutes Campus, Warje, Pune.",'0676919110,Civil Engineering,Un-Aided,Unknown,GOBCH,181653,22.0346747,G,H,OBC,B.Tech,2025,4
'06769,"Rasiklal M. Dhariwal Sinhgad Technical Institutes Campus, Warje, Pune.",'0676919110,Civil Engineering,Un-Aided,Unknown,LOPENH,78055,75.6075065,L,H,OPEN,B.Tech,2025,4
'06769,"Rasiklal M. Dhariwal Sinhgad Technical Institutes Campus, Warje, Pune.",'0676919110,Civil Engineering,Un-Aided,Unknown,LOBCH,153777,40.6822054,L,H,OBC,B.Tech,2025,4
'06769,"Rasiklal M. Dhariwal Sinhgad Technical Institutes Campus, Warje, Pune.",'0676919110,Civil Engineering,Un-Aided,Unknown,PWDOBCH,179696,22.8933117,P,H,PWD,B.Tech,2025,4
'06769,"Rasiklal M. Dhariwal Sinhgad Technical Institutes Campus, Warje, Pune.",'0676919110,Civil Engineering,Un-Aided,Unknown,GSTH,154881,40.0432529,G,H,ST,B.Tech,2025,4
'06769,"Rasiklal M. Dhariwal Sinhgad Technical Institutes Campus, Warje, Pune.",'0676924510,Computer Engineering,Un-Aided,Unknown,GNT2H,53024,84.0903324,G,H,NT2,B.Tech,2025,4
'06769,"Rasiklal M. Dhariwal Sinhgad Technical Institutes Campus, Warje, Pune.",'0676924510,Computer Engineering,Un-Aided,Unknown,GOBCH,40040,88.1387307,G,H,OBC,B.Tech,2025,4
'06769,"Rasiklal M. Dhariwal Sinhgad Technical Institutes Campus, Warje, Pune.",'0676924510,Computer Engineering,Un-Aided,Unknown,GSEBCH,39685,88.2484746,G,H,SEBC,B.Tech,2025,4
'06769,"Rasiklal M. Dhariwal Sinhgad Technical Institutes Campus, Warje, Pune.",'0676924510,Computer Engineering,Un-Aided,Unknown,LSEBCH,57606,82.5532062,L,H,SEBC,B.Tech,2025,4
'06769,"Rasiklal M. Dhariwal Sinhgad Technical Institutes Campus, Warje, Pune.",'0676924610,Information Technology,Un-Aided,Unknown,EWS,87207,72.3760958,E,S,EWS,B.Tech,2025,4
'06769,"Rasiklal M. Dhariwal Sinhgad Technical Institutes Campus, Warje, Pune.",'0676937210,Electronics and Telecommunication Engg,Un-Aided,Unknown,GOPENH,57099,82.8372770,G,H,OPEN,B.Tech,2025,4
'06769,"Rasiklal M. Dhariwal Sinhgad Technical Institutes Campus, Warje, Pune.",'0676937210,Electronics and Telecommunication Engg,Un-Aided,Unknown,GOBCH,71497,78.2396759,G,H,OBC,B.Tech,2025,4
'06769,"Rasiklal M. Dhariwal Sinhgad Technical Institutes Campus, Warje, Pune.",'0676961210,Mechanical Engineering,Un-Aided,Unknown,GOPENH,103828,65.8992965,G,H,OPEN,B.Tech,2025,4
'06769,"Rasiklal M. Dhariwal Sinhgad Technical Institutes Campus, Warje, Pune.",'0676961210,Mechanical Engineering,Un-Aided,Unknown,GOBCH,117486,60.2517483,G,H,OBC,B.Tech,2025,4
'06769,"Rasiklal M. Dhariwal Sinhgad Technical Institutes Campus, Warje, Pune.",'0676961210,Mechanical Engineering,Un-Aided,Unknown,LOPENH,89097,71.5830116,L,H,OPEN,B.Tech,2025,4
'06769,"Rasiklal M. Dhariwal Sinhgad Technical Institutes Campus, Warje, Pune.",'0676961210,Mechanical Engineering,Un-Aided,Unknown,LOBCH,112653,62.0615406,L,H,OBC,B.Tech,2025,4
'06769,"Rasiklal M. Dhariwal Sinhgad Technical Institutes Campus, Warje, Pune.",'0676961210,Mechanical Engineering,Un-Aided,Unknown,LSEBCH,168888,31.9280223,L,H,SEBC,B.Tech,2025,4
'06769,"Rasiklal M. Dhariwal Sinhgad Technical Institutes Campus, Warje, Pune.",'0676961210,Mechanical Engineering,Un-Aided,Unknown,LSTH,112219,62.1365556,L,H,ST,B.Tech,2025,4
'06770,"SKN Sinhgad Institute of Technology & Science, Kusgaon(BK),Pune.",'0677024510,Computer Engineering,Un-Aided,Unknown,GOPENH,73929,77.1296846,G,H,OPEN,B.Tech,2025,4
'06770,"SKN Sinhgad Institute of Technology & Science, Kusgaon(BK),Pune.",'0677024510,Computer Engineering,Un-Aided,Unknown,GSCH,129105,54.4314351,G,H,SC,B.Tech,2025,4
'06770,"SKN Sinhgad Institute of Technology & Science, Kusgaon(BK),Pune.",'0677024510,Computer Engineering,Un-Aided,Unknown,GNT2H,85177,73.2612864,G,H,NT2,B.Tech,2025,4
'06770,"SKN Sinhgad Institute of Technology & Science, Kusgaon(BK),Pune.",'0677024510,Computer Engineering,Un-Aided,Unknown,GNT3H,89434,71.5562808,G,H,NT3,B.Tech,2025,4
'06770,"SKN Sinhgad Institute of Technology & Science, Kusgaon(BK),Pune.",'0677024510,Computer Engineering,Un-Aided,Unknown,GOBCH,79316,75.2405919,G,H,OBC,B.Tech,2025,4
'06770,"SKN Sinhgad Institute of Technology & Science, Kusgaon(BK),Pune.",'0677024510,Computer Engineering,Un-Aided,Unknown,GSEBCH,84714,73.4722277,G,H,SEBC,B.Tech,2025,4
'06770,"SKN Sinhgad Institute of Technology & Science, Kusgaon(BK),Pune.",'0677024510,Computer Engineering,Un-Aided,Unknown,LOPENH,68457,79.0279720,L,H,OPEN,B.Tech,2025,4
'06770,"SKN Sinhgad Institute of Technology & Science, Kusgaon(BK),Pune.",'0677024510,Computer Engineering,Un-Aided,Unknown,LSCH,167241,32.3446384,L,H,SC,B.Tech,2025,4
'06770,"SKN Sinhgad Institute of Technology & Science, Kusgaon(BK),Pune.",'0677024510,Computer Engineering,Un-Aided,Unknown,LSEBCH,109884,63.3986014,L,H,SEBC,B.Tech,2025,4
'06770,"SKN Sinhgad Institute of Technology & Science, Kusgaon(BK),Pune.",'0677024510,Computer Engineering,Un-Aided,Unknown,PWDOPENH,76027,76.7635852,P,H,PWD,B.Tech,2025,4
'06770,"SKN Sinhgad Institute of Technology & Science, Kusgaon(BK),Pune.",'0677024510,Computer Engineering,Un-Aided,Unknown,PWDSEBCH,83983,73.6159498,P,H,PWD,B.Tech,2025,4
'06770,"SKN Sinhgad Institute of Technology & Science, Kusgaon(BK),Pune.",'0677024510,Computer Engineering,Un-Aided,Unknown,GSTH,75971,76.7635852,G,H,ST,B.Tech,2025,4
'06770,"SKN Sinhgad Institute of Technology & Science, Kusgaon(BK),Pune.",'0677024610,Information Technology,Un-Aided,Unknown,GOPENH,80883,74.9785452,G,H,OPEN,B.Tech,2025,4
'06770,"SKN Sinhgad Institute of Technology & Science, Kusgaon(BK),Pune.",'0677024610,Information Technology,Un-Aided,Unknown,GSCH,135081,51.1762787,G,H,SC,B.Tech,2025,4
'06770,"SKN Sinhgad Institute of Technology & Science, Kusgaon(BK),Pune.",'0677024610,Information Technology,Un-Aided,Unknown,GNT2H,88516,71.8197195,G,H,NT2,B.Tech,2025,4
'06770,"SKN Sinhgad Institute of Technology & Science, Kusgaon(BK),Pune.",'0677024610,Information Technology,Un-Aided,Unknown,GOBCH,89390,71.5562808,G,H,OBC,B.Tech,2025,4
'06770,"SKN Sinhgad Institute of Technology & Science, Kusgaon(BK),Pune.",'0677024610,Information Technology,Un-Aided,Unknown,GSEBCH,101116,66.9498069,G,H,SEBC,B.Tech,2025,4
'06770,"SKN Sinhgad Institute of Technology & Science, Kusgaon(BK),Pune.",'0677024610,Information Technology,Un-Aided,Unknown,LOPENH,74051,77.0149774,L,H,OPEN,B.Tech,2025,4
'06770,"SKN Sinhgad Institute of Technology & Science, Kusgaon(BK),Pune.",'0677024610,Information Technology,Un-Aided,Unknown,LOBCH,75533,76.7694659,L,H,OBC,B.Tech,2025,4
'06770,"SKN Sinhgad Institute of Technology & Science, Kusgaon(BK),Pune.",'0677024610,Information Technology,Un-Aided,Unknown,GSTH,89815,71.4842352,G,H,ST,B.Tech,2025,4
'06770,"SKN Sinhgad Institute of Technology & Science, Kusgaon(BK),Pune.",'0677024610,Information Technology,Un-Aided,Unknown,LSTH,87696,72.1028020,L,H,ST,B.Tech,2025,4
'06770,"SKN Sinhgad Institute of Technology & Science, Kusgaon(BK),Pune.",'0677061210,Mechanical Engineering,Un-Aided,Unknown,GOPENH,125446,56.2929777,G,H,OPEN,B.Tech,2025,4
'06770,"SKN Sinhgad Institute of Technology & Science, Kusgaon(BK),Pune.",'0677061210,Mechanical Engineering,Un-Aided,Unknown,GSEBCH,188319,16.1743072,G,H,SEBC,B.Tech,2025,4
'06770,"SKN Sinhgad Institute of Technology & Science, Kusgaon(BK),Pune.",'0677061210,Mechanical Engineering,Un-Aided,Unknown,LOPENH,151281,42.9247346,L,H,OPEN,B.Tech,2025,4
'06770,"SKN Sinhgad Institute of Technology & Science, Kusgaon(BK),Pune.",'0677061210,Mechanical Engineering,Un-Aided,Unknown,LSTH,118680,59.2797111,L,H,ST,B.Tech,2025,4
'06771,"Flora Institute of Technology, Khopi, Near Khed Shivapur Toll Plaza, Pune",'0677119110,Civil Engineering,Un-Aided,Unknown,GOPENH,189407,15.3499592,G,H,OPEN,B.Tech,2025,4
'06771,"Flora Institute of Technology, Khopi, Near Khed Shivapur Toll Plaza, Pune",'0677119110,Civil Engineering,Un-Aided,Unknown,LOPENH,192195,12.5776664,L,H,OPEN,B.Tech,2025,4
'06771,"Flora Institute of Technology, Khopi, Near Khed Shivapur Toll Plaza, Pune",'0677124510,Computer Engineering,Un-Aided,Unknown,GOPENH,141909,47.7841578,G,H,OPEN,B.Tech,2025,4
'06771,"Flora Institute of Technology, Khopi, Near Khed Shivapur Toll Plaza, Pune",'0677124510,Computer Engineering,Un-Aided,Unknown,GOBCH,170281,29.8059527,G,H,OBC,B.Tech,2025,4
'06771,"Flora Institute of Technology, Khopi, Near Khed Shivapur Toll Plaza, Pune",'0677124510,Computer Engineering,Un-Aided,Unknown,GSEBCH,155245,39.9024730,G,H,SEBC,B.Tech,2025,4
'06771,"Flora Institute of Technology, Khopi, Near Khed Shivapur Toll Plaza, Pune",'0677124510,Computer Engineering,Un-Aided,Unknown,LOPENH,123050,57.4376852,L,H,OPEN,B.Tech,2025,4
'06771,"Flora Institute of Technology, Khopi, Near Khed Shivapur Toll Plaza, Pune",'0677124510,Computer Engineering,Un-Aided,Unknown,PWDOPENH,125034,56.5039753,P,H,PWD,B.Tech,2025,4
'06771,"Flora Institute of Technology, Khopi, Near Khed Shivapur Toll Plaza, Pune",'0677124510,Computer Engineering,Un-Aided,Unknown,PWDOBCH,154579,40.0432529,P,H,PWD,B.Tech,2025,4
'06771,"Flora Institute of Technology, Khopi, Near Khed Shivapur Toll Plaza, Pune",'0677124510,Computer Engineering,Un-Aided,Unknown,GSTH,155460,39.7546871,G,H,ST,B.Tech,2025,4
'06771,"Flora Institute of Technology, Khopi, Near Khed Shivapur Toll Plaza, Pune",'0677124510,Computer Engineering,Un-Aided,Unknown,GVJH,160930,36.1161649,G,H,VJ,B.Tech,2025,4
'06771,"Flora Institute of Technology, Khopi, Near Khed Shivapur Toll Plaza, Pune",'0677124510,Computer Engineering,Un-Aided,Unknown,LSTH,139625,49.3416227,L,H,ST,B.Tech,2025,4
'06771,"Flora Institute of Technology, Khopi, Near Khed Shivapur Toll Plaza, Pune",'0677161210,Mechanical Engineering,Un-Aided,Unknown,GOPENH,186635,17.7120141,G,H,OPEN,B.Tech,2025,4
'06771,"Flora Institute of Technology, Khopi, Near Khed Shivapur Toll Plaza, Pune",'0677161210,Mechanical Engineering,Un-Aided,Unknown,LOPENH,163807,35.4407253,L,H,OPEN,B.Tech,2025,4
'06771,"Flora Institute of Technology, Khopi, Near Khed Shivapur Toll Plaza, Pune",'0677161210,Mechanical Engineering,Un-Aided,Unknown,GOBCH,188788,15.8201150,G,H,OBC,B.Tech,2025,4
'06771,"Flora Institute of Technology, Khopi, Near Khed Shivapur Toll Plaza, Pune",'0677161210,Mechanical Engineering,Un-Aided,Unknown,LSCH,190647,14.0584844,L,H,SC,B.Tech,2025,4
'06771,"Flora Institute of Technology, Khopi, Near Khed Shivapur Toll Plaza, Pune",'0677161210,Mechanical Engineering,Un-Aided,Unknown,LOBCH,184573,19.2051273,L,H,OBC,B.Tech,2025,4
'06772,"NBN Sinhgad Technical Institutes Campus, Pune",'0677224510,Computer Engineering,Un-Aided,Unknown,GOPENH,34623,89.8391608,G,H,OPEN,B.Tech,2025,4
'06772,"NBN Sinhgad Technical Institutes Campus, Pune",'0677224510,Computer Engineering,Un-Aided,Unknown,GOBCH,35906,89.3717407,G,H,OBC,B.Tech,2025,4
'06772,"NBN Sinhgad Technical Institutes Campus, Pune",'0677224510,Computer Engineering,Un-Aided,Unknown,LNT1H,45564,86.5435447,L,H,NT1,B.Tech,2025,4
'06772,"NBN Sinhgad Technical Institutes Campus, Pune",'0677224510,Computer Engineering,Un-Aided,Unknown,LNT2H,64510,80.3575863,L,H,NT2,B.Tech,2025,4
'06772,"NBN Sinhgad Technical Institutes Campus, Pune",'0677224510,Computer Engineering,Un-Aided,Unknown,LOBCH,34386,89.8617670,L,H,OBC,B.Tech,2025,4
'06772,"NBN Sinhgad Technical Institutes Campus, Pune",'0677224610,Information Technology,Un-Aided,Unknown,GOPENH,34630,89.8391608,G,H,OPEN,B.Tech,2025,4
'06772,"NBN Sinhgad Technical Institutes Campus, Pune",'0677224610,Information Technology,Un-Aided,Unknown,GOBCH,39495,88.3176594,G,H,OBC,B.Tech,2025,4
'06772,"NBN Sinhgad Technical Institutes Campus, Pune",'0677224610,Information Technology,Un-Aided,Unknown,LOPENH,37159,89.0414266,L,H,OPEN,B.Tech,2025,4
'06772,"NBN Sinhgad Technical Institutes Campus, Pune",'0677224610,Information Technology,Un-Aided,Unknown,PWDOPENH,36726,89.1962092,P,H,PWD,B.Tech,2025,4
'06772,"NBN Sinhgad Technical Institutes Campus, Pune",'0677229310,Electrical Engineering,Un-Aided,Unknown,GOPENH,93073,70.2628092,G,H,OPEN,B.Tech,2025,4
'06772,"NBN Sinhgad Technical Institutes Campus, Pune",'0677229310,Electrical Engineering,Un-Aided,Unknown,GNT2H,97131,68.4887011,G,H,NT2,B.Tech,2025,4
'06772,"NBN Sinhgad Technical Institutes Campus, Pune",'0677229310,Electrical Engineering,Un-Aided,Unknown,GOBCH,96688,68.8687467,G,H,OBC,B.Tech,2025,4
'06772,"NBN Sinhgad Technical Institutes Campus, Pune",'0677229310,Electrical Engineering,Un-Aided,Unknown,LOPENH,86110,72.8948543,L,H,OPEN,B.Tech,2025,4
'06772,"NBN Sinhgad Technical Institutes Campus, Pune",'0677229310,Electrical Engineering,Un-Aided,Unknown,PWDOBCH,83648,73.6328536,P,H,PWD,B.Tech,2025,4
'06772,"NBN Sinhgad Technical Institutes Campus, Pune",'0677237210,Electronics and Telecommunication Engg,Un-Aided,Unknown,GOPENH,58856,82.2162613,G,H,OPEN,B.Tech,2025,4
'06772,"NBN Sinhgad Technical Institutes Campus, Pune",'0677237210,Electronics and Telecommunication Engg,Un-Aided,Unknown,GOBCH,60228,81.8021201,G,H,OBC,B.Tech,2025,4
'06772,"NBN Sinhgad Technical Institutes Campus, Pune",'0677237210,Electronics and Telecommunication Engg,Un-Aided,Unknown,GSEBCH,69091,78.6729363,G,H,SEBC,B.Tech,2025,4
'06772,"NBN Sinhgad Technical Institutes Campus, Pune",'0677237210,Electronics and Telecommunication Engg,Un-Aided,Unknown,LSEBCH,65494,79.9809712,L,H,SEBC,B.Tech,2025,4
'06772,"NBN Sinhgad Technical Institutes Campus, Pune",'0677261210,Mechanical Engineering,Un-Aided,Unknown,GOPENH,98775,68.1164395,G,H,OPEN,B.Tech,2025,4
'06772,"NBN Sinhgad Technical Institutes Campus, Pune",'0677261210,Mechanical Engineering,Un-Aided,Unknown,GSCH,146135,45.8266058,G,H,SC,B.Tech,2025,4
'06772,"NBN Sinhgad Technical Institutes Campus, Pune",'0677261210,Mechanical Engineering,Un-Aided,Unknown,GSEBCH,106766,64.3871019,G,H,SEBC,B.Tech,2025,4
'06772,"NBN Sinhgad Technical Institutes Campus, Pune",'0677261210,Mechanical Engineering,Un-Aided,Unknown,GSTH,100743,67.1459332,G,H,ST,B.Tech,2025,4
'06772,"NBN Sinhgad Technical Institutes Campus, Pune",'0677261210,Mechanical Engineering,Un-Aided,Unknown,LSTH,104556,65.6692751,L,H,ST,B.Tech,2025,4
'06780,"D.Y.Patil Education Society's,D.Y.Patil Technical Campus, Faculty of Engineering & Faculty of Management,Talsande,Kolhapur.",'0678019110,Civil Engineering,Un-Aided Autonomous,Unknown,GOPENS,118163,59.3210117,G,S,OPEN,B.Tech,2025,4
'06780,"D.Y.Patil Education Society's,D.Y.Patil Technical Campus, Faculty of Engineering & Faculty of Management,Talsande,Kolhapur.",'0678019110,Civil Engineering,Un-Aided Autonomous,Unknown,GOBCS,139113,49.4020979,G,S,OBC,B.Tech,2025,4
'06780,"D.Y.Patil Education Society's,D.Y.Patil Technical Campus, Faculty of Engineering & Faculty of Management,Talsande,Kolhapur.",'0678019110,Civil Engineering,Un-Aided Autonomous,Unknown,GSTS,120151,58.8525307,G,S,ST,B.Tech,2025,4
'06780,"D.Y.Patil Education Society's,D.Y.Patil Technical Campus, Faculty of Engineering & Faculty of Management,Talsande,Kolhapur.",'0678024210,Computer Science and Engineering,Un-Aided Autonomous,Unknown,GOPENS,85141,73.2612864,G,S,OPEN,B.Tech,2025,4
'06780,"D.Y.Patil Education Society's,D.Y.Patil Technical Campus, Faculty of Engineering & Faculty of Management,Talsande,Kolhapur.",'0678024210,Computer Science and Engineering,Un-Aided Autonomous,Unknown,GVJS,136726,50.5909012,G,S,VJ,B.Tech,2025,4
'06780,"D.Y.Patil Education Society's,D.Y.Patil Technical Campus, Faculty of Engineering & Faculty of Management,Talsande,Kolhapur.",'0678024210,Computer Science and Engineering,Un-Aided Autonomous,Unknown,GNT1S,139551,49.3416227,G,S,NT1,B.Tech,2025,4
'06780,"D.Y.Patil Education Society's,D.Y.Patil Technical Campus, Faculty of Engineering & Faculty of Management,Talsande,Kolhapur.",'0678024210,Computer Science and Engineering,Un-Aided Autonomous,Unknown,GNT2S,101298,66.9039004,G,S,NT2,B.Tech,2025,4
'06780,"D.Y.Patil Education Society's,D.Y.Patil Technical Campus, Faculty of Engineering & Faculty of Management,Talsande,Kolhapur.",'0678024210,Computer Science and Engineering,Un-Aided Autonomous,Unknown,GNT3S,101749,66.4263323,G,S,NT3,B.Tech,2025,4
'06780,"D.Y.Patil Education Society's,D.Y.Patil Technical Campus, Faculty of Engineering & Faculty of Management,Talsande,Kolhapur.",'0678024210,Computer Science and Engineering,Un-Aided Autonomous,Unknown,GOBCS,109552,63.4714222,G,S,OBC,B.Tech,2025,4
'06780,"D.Y.Patil Education Society's,D.Y.Patil Technical Campus, Faculty of Engineering & Faculty of Management,Talsande,Kolhapur.",'0678024210,Computer Science and Engineering,Un-Aided Autonomous,Unknown,LOPENS,91627,70.7504568,L,S,OPEN,B.Tech,2025,4
'06780,"D.Y.Patil Education Society's,D.Y.Patil Technical Campus, Faculty of Engineering & Faculty of Management,Talsande,Kolhapur.",'0678024210,Computer Science and Engineering,Un-Aided Autonomous,Unknown,LOBCS,109440,63.4714222,L,S,OBC,B.Tech,2025,4
'06780,"D.Y.Patil Education Society's,D.Y.Patil Technical Campus, Faculty of Engineering & Faculty of Management,Talsande,Kolhapur.",'0678024210,Computer Science and Engineering,Un-Aided Autonomous,Unknown,LSEBCS,96417,68.9620341,L,S,SEBC,B.Tech,2025,4
'06780,"D.Y.Patil Education Society's,D.Y.Patil Technical Campus, Faculty of Engineering & Faculty of Management,Talsande,Kolhapur.",'0678024210,Computer Science and Engineering,Un-Aided Autonomous,Unknown,TFWS,67845,79.3730892,T,S,TFWS,B.Tech,2025,4
'06780,"D.Y.Patil Education Society's,D.Y.Patil Technical Campus, Faculty of Engineering & Faculty of Management,Talsande,Kolhapur.",'0678024210,Computer Science and Engineering,Un-Aided Autonomous,Unknown,EWS,168181,32.0884521,E,S,EWS,B.Tech,2025,4
'06780,"D.Y.Patil Education Society's,D.Y.Patil Technical Campus, Faculty of Engineering & Faculty of Management,Talsande,Kolhapur.",'0678024210,Computer Science and Engineering,Un-Aided Autonomous,Unknown,GSTS,90504,71.1730870,G,S,ST,B.Tech,2025,4
'06780,"D.Y.Patil Education Society's,D.Y.Patil Technical Campus, Faculty of Engineering & Faculty of Management,Talsande,Kolhapur.",'0678029310,Electrical Engineering,Un-Aided Autonomous,Unknown,GOPENS,100474,67.1459332,G,S,OPEN,B.Tech,2025,4
'06780,"D.Y.Patil Education Society's,D.Y.Patil Technical Campus, Faculty of Engineering & Faculty of Management,Talsande,Kolhapur.",'0678029310,Electrical Engineering,Un-Aided Autonomous,Unknown,GOBCS,118770,59.2797111,G,S,OBC,B.Tech,2025,4
'06780,"D.Y.Patil Education Society's,D.Y.Patil Technical Campus, Faculty of Engineering & Faculty of Management,Talsande,Kolhapur.",'0678029310,Electrical Engineering,Un-Aided Autonomous,Unknown,LOPENS,97854,68.3753318,L,S,OPEN,B.Tech,2025,4
'06780,"D.Y.Patil Education Society's,D.Y.Patil Technical Campus, Faculty of Engineering & Faculty of Management,Talsande,Kolhapur.",'0678029310,Electrical Engineering,Un-Aided Autonomous,Unknown,LSTS,99767,67.8210479,L,S,ST,B.Tech,2025,4
'06780,"D.Y.Patil Education Society's,D.Y.Patil Technical Campus, Faculty of Engineering & Faculty of Management,Talsande,Kolhapur.",'0678061210,Mechanical Engineering,Un-Aided Autonomous,Unknown,GOPENS,102835,66.2972028,G,S,OPEN,B.Tech,2025,4
'06780,"D.Y.Patil Education Society's,D.Y.Patil Technical Campus, Faculty of Engineering & Faculty of Management,Talsande,Kolhapur.",'0678061210,Mechanical Engineering,Un-Aided Autonomous,Unknown,GOBCS,136391,50.7016833,G,S,OBC,B.Tech,2025,4
'06780,"D.Y.Patil Education Society's,D.Y.Patil Technical Campus, Faculty of Engineering & Faculty of Management,Talsande,Kolhapur.",'0678061210,Mechanical Engineering,Un-Aided Autonomous,Unknown,LOPENS,110631,63.2000580,L,S,OPEN,B.Tech,2025,4
'06780,"D.Y.Patil Education Society's,D.Y.Patil Technical Campus, Faculty of Engineering & Faculty of Management,Talsande,Kolhapur.",'0678091210,Computer Science and Engineering(Data Science),Un-Aided Autonomous,Unknown,GOPENS,78482,75.4880541,G,S,OPEN,B.Tech,2025,4
'06780,"D.Y.Patil Education Society's,D.Y.Patil Technical Campus, Faculty of Engineering & Faculty of Management,Talsande,Kolhapur.",'0678091210,Computer Science and Engineering(Data Science),Un-Aided Autonomous,Unknown,GOBCS,103204,66.1695365,G,S,OBC,B.Tech,2025,4
'06780,"D.Y.Patil Education Society's,D.Y.Patil Technical Campus, Faculty of Engineering & Faculty of Management,Talsande,Kolhapur.",'0678091210,Computer Science and Engineering(Data Science),Un-Aided Autonomous,Unknown,LOPENS,65612,79.9809712,L,S,OPEN,B.Tech,2025,4
'06780,"D.Y.Patil Education Society's,D.Y.Patil Technical Campus, Faculty of Engineering & Faculty of Management,Talsande,Kolhapur.",'0678091210,Computer Science and Engineering(Data Science),Un-Aided Autonomous,Unknown,LOBCS,105895,65.3084343,L,S,OBC,B.Tech,2025,4
'06780,"D.Y.Patil Education Society's,D.Y.Patil Technical Campus, Faculty of Engineering & Faculty of Management,Talsande,Kolhapur.",'0678091210,Computer Science and Engineering(Data Science),Un-Aided Autonomous,Unknown,LSCS,146615,45.3566434,L,S,SC,B.Tech,2025,4
'06781,"Bhagwant Institute of Technology, Barshi",'0678119110,Civil Engineering,Un-Aided Home University : Punyashlok Ahilyadevi Holkar Solapur University,Punyashlok Ahilyadevi Holkar Solapur University,LOPENO,169325,31.9226076,L,O,OPEN,B.Tech,2025,4
'06781,"Bhagwant Institute of Technology, Barshi",'0678124210,Computer Science and Engineering,Un-Aided Home University : Punyashlok Ahilyadevi Holkar Solapur University,Punyashlok Ahilyadevi Holkar Solapur University,GVJH,185987,18.4184219,G,H,VJ,B.Tech,2025,4
'06781,"Bhagwant Institute of Technology, Barshi",'0678124210,Computer Science and Engineering,Un-Aided Home University : Punyashlok Ahilyadevi Holkar Solapur University,Punyashlok Ahilyadevi Holkar Solapur University,GSEBCH,168506,32.0008834,G,H,SEBC,B.Tech,2025,4
'06781,"Bhagwant Institute of Technology, Barshi",'0678124210,Computer Science and Engineering,Un-Aided Home University : Punyashlok Ahilyadevi Holkar Solapur University,Punyashlok Ahilyadevi Holkar Solapur University,PWDOPENH,139770,49.2256217,P,H,PWD,B.Tech,2025,4
'06781,"Bhagwant Institute of Technology, Barshi",'0678124210,Computer Science and Engineering,Un-Aided Home University : Punyashlok Ahilyadevi Holkar Solapur University,Punyashlok Ahilyadevi Holkar Solapur University,GSCH,201774,2.6996938,G,H,SC,B.Tech,2025,4
'06781,"Bhagwant Institute of Technology, Barshi",'0678124210,Computer Science and Engineering,Un-Aided Home University : Punyashlok Ahilyadevi Holkar Solapur University,Punyashlok Ahilyadevi Holkar Solapur University,GOBCH,175532,25.9683560,G,H,OBC,B.Tech,2025,4
'06781,"Bhagwant Institute of Technology, Barshi",'0678137210,Electronics and Telecommunication Engg,Un-Aided Home University : Punyashlok Ahilyadevi Holkar Solapur University,Punyashlok Ahilyadevi Holkar Solapur University,LOBCH,172141,28.9513426,L,H,OBC,B.Tech,2025,4
'06782,"Sahakar Maharshee Shankarrao Mohite Patil Institute of Technology & Research, Akluj",'0678219110,Civil Engineering,Un-Aided Home University : Punyashlok Ahilyadevi Holkar Solapur University,Punyashlok Ahilyadevi Holkar Solapur University,GOBCH,155515,39.7546871,G,H,OBC,B.Tech,2025,4
'06782,"Sahakar Maharshee Shankarrao Mohite Patil Institute of Technology & Research, Akluj",'0678224210,Computer Science and Engineering,Un-Aided Home University : Punyashlok Ahilyadevi Holkar Solapur University,Punyashlok Ahilyadevi Holkar Solapur University,PWDOPENH,186537,17.8544822,P,H,PWD,B.Tech,2025,4
'06782,"Sahakar Maharshee Shankarrao Mohite Patil Institute of Technology & Research, Akluj",'0678229310,Electrical Engineering,Un-Aided Home University : Punyashlok Ahilyadevi Holkar Solapur University,Punyashlok Ahilyadevi Holkar Solapur University,GOPENH,128170,54.5872518,G,H,OPEN,B.Tech,2025,4
'06782,"Sahakar Maharshee Shankarrao Mohite Patil Institute of Technology & Research, Akluj",'0678229310,Electrical Engineering,Un-Aided Home University : Punyashlok Ahilyadevi Holkar Solapur University,Punyashlok Ahilyadevi Holkar Solapur University,LOBCH,200981,3.5713055,L,H,OBC,B.Tech,2025,4
'06782,"Sahakar Maharshee Shankarrao Mohite Patil Institute of Technology & Research, Akluj",'0678229310,Electrical Engineering,Un-Aided Home University : Punyashlok Ahilyadevi Holkar Solapur University,Punyashlok Ahilyadevi Holkar Solapur University,LSEBCH,155489,39.7546871,L,H,SEBC,B.Tech,2025,4
'06782,"Sahakar Maharshee Shankarrao Mohite Patil Institute of Technology & Research, Akluj",'0678229310,Electrical Engineering,Un-Aided Home University : Punyashlok Ahilyadevi Holkar Solapur University,Punyashlok Ahilyadevi Holkar Solapur University,PWDOPENH,143117,47.1396200,P,H,PWD,B.Tech,2025,4
'06782,"Sahakar Maharshee Shankarrao Mohite Patil Institute of Technology & Research, Akluj",'0678229310,Electrical Engineering,Un-Aided Home University : Punyashlok Ahilyadevi Holkar Solapur University,Punyashlok Ahilyadevi Holkar Solapur University,LVJH,145597,45.9245973,L,H,VJ,B.Tech,2025,4
'06782,"Sahakar Maharshee Shankarrao Mohite Patil Institute of Technology & Research, Akluj",'0678237210,Electronics and Telecommunication Engg,Un-Aided Home University : Punyashlok Ahilyadevi Holkar Solapur University,Punyashlok Ahilyadevi Holkar Solapur University,GSEBCH,138005,49.7291102,G,H,SEBC,B.Tech,2025,4
'06782,"Sahakar Maharshee Shankarrao Mohite Patil Institute of Technology & Research, Akluj",'0678237210,Electronics and Telecommunication Engg,Un-Aided Home University : Punyashlok Ahilyadevi Holkar Solapur University,Punyashlok Ahilyadevi Holkar Solapur University,LSEBCH,82252,74.0094972,L,H,SEBC,B.Tech,2025,4
'06782,"Sahakar Maharshee Shankarrao Mohite Patil Institute of Technology & Research, Akluj",'0678237210,Electronics and Telecommunication Engg,Un-Aided Home University : Punyashlok Ahilyadevi Holkar Solapur University,Punyashlok Ahilyadevi Holkar Solapur University,PWDOPENH,153532,41.4020979,P,H,PWD,B.Tech,2025,4
'06782,"Sahakar Maharshee Shankarrao Mohite Patil Institute of Technology & Research, Akluj",'0678261210,Mechanical Engineering,Un-Aided Home University : Punyashlok Ahilyadevi Holkar Solapur University,Punyashlok Ahilyadevi Holkar Solapur University,TFWS,190825,13.9509479,T,S,TFWS,B.Tech,2025,4
'06782,"Sahakar Maharshee Shankarrao Mohite Patil Institute of Technology & Research, Akluj",'0678261210,Mechanical Engineering,Un-Aided Home University : Punyashlok Ahilyadevi Holkar Solapur University,Punyashlok Ahilyadevi Holkar Solapur University,DEFOPENS,98878,68.1164395,D,S,OPEN,B.Tech,2025,4
'06794,"Anantrao Pawar College of Engineering & Research, Pune",'0679419110,Civil Engineering,Un-Aided,Unknown,GOPENH,102069,66.3866132,G,H,OPEN,B.Tech,2025,4
'06794,"Anantrao Pawar College of Engineering & Research, Pune",'0679419110,Civil Engineering,Un-Aided,Unknown,GOBCH,143744,47.0502678,G,H,OBC,B.Tech,2025,4
'06794,"Anantrao Pawar College of Engineering & Research, Pune",'0679419110,Civil Engineering,Un-Aided,Unknown,PWDOBCH,132109,53.2228937,P,H,PWD,B.Tech,2025,4
'06794,"Anantrao Pawar College of Engineering & Research, Pune",'0679419110,Civil Engineering,Un-Aided,Unknown,GSTH,134508,51.5716400,G,H,ST,B.Tech,2025,4
'06794,"Anantrao Pawar College of Engineering & Research, Pune",'0679424510,Computer Engineering,Un-Aided,Unknown,GOPENH,45633,86.4120225,G,H,OPEN,B.Tech,2025,4
'06794,"Anantrao Pawar College of Engineering & Research, Pune",'0679424510,Computer Engineering,Un-Aided,Unknown,LOPENH,38089,88.7615737,L,H,OPEN,B.Tech,2025,4
'06794,"Anantrao Pawar College of Engineering & Research, Pune",'0679424510,Computer Engineering,Un-Aided,Unknown,GSTH,46325,86.2326458,G,H,ST,B.Tech,2025,4
'06794,"Anantrao Pawar College of Engineering & Research, Pune",'0679424610,Information Technology,Un-Aided,Unknown,GSEBCO,43276,87.1431548,G,O,SEBC,B.Tech,2025,4
'06794,"Anantrao Pawar College of Engineering & Research, Pune",'0679437210,Electronics and Telecommunication Engg,Un-Aided,Unknown,GOPENH,63713,80.7175218,G,H,OPEN,B.Tech,2025,4
'06794,"Anantrao Pawar College of Engineering & Research, Pune",'0679437210,Electronics and Telecommunication Engg,Un-Aided,Unknown,GSCH,130444,53.7591782,G,H,SC,B.Tech,2025,4
'06794,"Anantrao Pawar College of Engineering & Research, Pune",'0679437210,Electronics and Telecommunication Engg,Un-Aided,Unknown,LOPENH,55025,83.4741816,L,H,OPEN,B.Tech,2025,4
'06794,"Anantrao Pawar College of Engineering & Research, Pune",'0679437210,Electronics and Telecommunication Engg,Un-Aided,Unknown,LOBCH,74221,77.0149774,L,H,OBC,B.Tech,2025,4
'06794,"Anantrao Pawar College of Engineering & Research, Pune",'0679437210,Electronics and Telecommunication Engg,Un-Aided,Unknown,LSEBCH,106421,64.7131860,L,H,SEBC,B.Tech,2025,4
'06794,"Anantrao Pawar College of Engineering & Research, Pune",'0679437210,Electronics and Telecommunication Engg,Un-Aided,Unknown,LSTH,59523,82.1124479,L,H,ST,B.Tech,2025,4
'06794,"Anantrao Pawar College of Engineering & Research, Pune",'0679437810,Electronics Engineering ( VLSI Design and Technology),Un-Aided,Unknown,GOBCO,61938,81.1967017,G,O,OBC,B.Tech,2025,4
'06794,"Anantrao Pawar College of Engineering & Research, Pune",'0679461210,Mechanical Engineering,Un-Aided,Unknown,GOPENH,109443,63.4714222,G,H,OPEN,B.Tech,2025,4
'06794,"Anantrao Pawar College of Engineering & Research, Pune",'0679461210,Mechanical Engineering,Un-Aided,Unknown,LOPENH,75794,76.7635852,L,H,OPEN,B.Tech,2025,4
'06794,"Anantrao Pawar College of Engineering & Research, Pune",'0679461210,Mechanical Engineering,Un-Aided,Unknown,GSTH,113025,61.7969670,G,H,ST,B.Tech,2025,4
'06794,"Anantrao Pawar College of Engineering & Research, Pune",'0679492810,Electronics and Communication(Advanced Communication Technology),Un-Aided,Unknown,GOPENO,99790,67.8210479,G,O,OPEN,B.Tech,2025,4
'06794,"Anantrao Pawar College of Engineering & Research, Pune",'0679492810,Electronics and Communication(Advanced Communication Technology),Un-Aided,Unknown,LOPENO,114136,61.5619516,L,O,OPEN,B.Tech,2025,4
'06794,"Anantrao Pawar College of Engineering & Research, Pune",'0679492810,Electronics and Communication(Advanced Communication Technology),Un-Aided,Unknown,LSTO,100037,67.2177090,L,O,ST,B.Tech,2025,4
'06794,"Anantrao Pawar College of Engineering & Research, Pune",'0679499510,Artificial Intelligence and Data Science,Un-Aided,Unknown,GOPENH,45910,86.3462208,G,H,OPEN,B.Tech,2025,4
'06794,"Anantrao Pawar College of Engineering & Research, Pune",'0679499510,Artificial Intelligence and Data Science,Un-Aided,Unknown,GSCH,69609,78.6137148,G,H,SC,B.Tech,2025,4
'06794,"Anantrao Pawar College of Engineering & Research, Pune",'0679499510,Artificial Intelligence and Data Science,Un-Aided,Unknown,LSCH,75344,76.8955509,L,H,SC,B.Tech,2025,4
'06794,"Anantrao Pawar College of Engineering & Research, Pune",'0679499510,Artificial Intelligence and Data Science,Un-Aided,Unknown,LSTH,39144,88.4967904,L,H,ST,B.Tech,2025,4
'06795,"Shri.Someshwar Shikshan Prasarak Mandal, Sharadchandra Pawar College of Engineering & Technology, Someshwar Nagar",'0679519110,Civil Engineering,Un-Aided,Unknown,GOBCH,200724,3.9396716,G,H,OBC,B.Tech,2025,4
'06795,"Shri.Someshwar Shikshan Prasarak Mandal, Sharadchandra Pawar College of Engineering & Technology, Someshwar Nagar",'0679524510,Computer Engineering,Un-Aided,Unknown,LSCH,177277,25.0722391,L,H,SC,B.Tech,2025,4
'06795,"Shri.Someshwar Shikshan Prasarak Mandal, Sharadchandra Pawar College of Engineering & Technology, Someshwar Nagar",'0679529310,Electrical Engineering,Un-Aided,Unknown,GSEBCH,172080,28.9513426,G,H,SEBC,B.Tech,2025,4
'06795,"Shri.Someshwar Shikshan Prasarak Mandal, Sharadchandra Pawar College of Engineering & Technology, Someshwar Nagar",'0679529310,Electrical Engineering,Un-Aided,Unknown,LOBCH,143414,47.1396200,L,H,OBC,B.Tech,2025,4
'06795,"Shri.Someshwar Shikshan Prasarak Mandal, Sharadchandra Pawar College of Engineering & Technology, Someshwar Nagar",'0679561210,Mechanical Engineering,Un-Aided,Unknown,LSEBCO,195759,9.3356129,L,O,SEBC,B.Tech,2025,4
'06795,"Shri.Someshwar Shikshan Prasarak Mandal, Sharadchandra Pawar College of Engineering & Technology, Someshwar Nagar",'0679561210,Mechanical Engineering,Un-Aided,Unknown,GVJO,107178,64.3453843,G,O,VJ,B.Tech,2025,4
'06796,"Bharati Vidyapeeth's College of Engineering,Lavale, Pune",'0679619110,Civil Engineering,Un-Aided,Unknown,GOPENH,134810,51.5716400,G,H,OPEN,B.Tech,2025,4
'06796,"Bharati Vidyapeeth's College of Engineering,Lavale, Pune",'0679619110,Civil Engineering,Un-Aided,Unknown,GNT2H,169533,31.5596589,G,H,NT2,B.Tech,2025,4
'06796,"Bharati Vidyapeeth's College of Engineering,Lavale, Pune",'0679619110,Civil Engineering,Un-Aided,Unknown,GNT3H,149622,43.5338318,G,H,NT3,B.Tech,2025,4
'06796,"Bharati Vidyapeeth's College of Engineering,Lavale, Pune",'0679619110,Civil Engineering,Un-Aided,Unknown,GOBCH,154462,40.0936536,G,H,OBC,B.Tech,2025,4
'06796,"Bharati Vidyapeeth's College of Engineering,Lavale, Pune",'0679619110,Civil Engineering,Un-Aided,Unknown,GSEBCH,138162,49.7291102,G,H,SEBC,B.Tech,2025,4
'06796,"Bharati Vidyapeeth's College of Engineering,Lavale, Pune",'0679619110,Civil Engineering,Un-Aided,Unknown,LOPENH,113610,61.6834321,L,H,OPEN,B.Tech,2025,4
'06796,"Bharati Vidyapeeth's College of Engineering,Lavale, Pune",'0679619110,Civil Engineering,Un-Aided,Unknown,LOBCH,136456,50.7016833,L,H,OBC,B.Tech,2025,4
'06796,"Bharati Vidyapeeth's College of Engineering,Lavale, Pune",'0679619110,Civil Engineering,Un-Aided,Unknown,PWDOPENH,126900,55.4922986,P,H,PWD,B.Tech,2025,4
'06796,"Bharati Vidyapeeth's College of Engineering,Lavale, Pune",'0679619110,Civil Engineering,Un-Aided,Unknown,PWDOBCH,153272,41.4458186,P,H,PWD,B.Tech,2025,4
'06796,"Bharati Vidyapeeth's College of Engineering,Lavale, Pune",'0679619110,Civil Engineering,Un-Aided,Unknown,LSTH,146668,45.3566434,L,H,ST,B.Tech,2025,4
'06796,"Bharati Vidyapeeth's College of Engineering,Lavale, Pune",'0679624510,Computer Engineering,Un-Aided,Unknown,GOPENH,27385,92.0354593,G,H,OPEN,B.Tech,2025,4
'06796,"Bharati Vidyapeeth's College of Engineering,Lavale, Pune",'0679624510,Computer Engineering,Un-Aided,Unknown,GSCH,62240,81.1295102,G,H,SC,B.Tech,2025,4
'06796,"Bharati Vidyapeeth's College of Engineering,Lavale, Pune",'0679624510,Computer Engineering,Un-Aided,Unknown,GNT1H,44975,86.6751751,G,H,NT1,B.Tech,2025,4
'06796,"Bharati Vidyapeeth's College of Engineering,Lavale, Pune",'0679624510,Computer Engineering,Un-Aided,Unknown,GNT2H,31179,90.8739909,G,H,NT2,B.Tech,2025,4
'06796,"Bharati Vidyapeeth's College of Engineering,Lavale, Pune",'0679624510,Computer Engineering,Un-Aided,Unknown,GOBCH,31434,90.7235685,G,H,OBC,B.Tech,2025,4
'06796,"Bharati Vidyapeeth's College of Engineering,Lavale, Pune",'0679624510,Computer Engineering,Un-Aided,Unknown,GSEBCH,38923,88.5372351,G,H,SEBC,B.Tech,2025,4
'06796,"Bharati Vidyapeeth's College of Engineering,Lavale, Pune",'0679624510,Computer Engineering,Un-Aided,Unknown,LOPENH,31084,90.8833776,L,H,OPEN,B.Tech,2025,4
'06796,"Bharati Vidyapeeth's College of Engineering,Lavale, Pune",'0679624510,Computer Engineering,Un-Aided,Unknown,LSCH,77046,75.8001957,L,H,SC,B.Tech,2025,4
'06796,"Bharati Vidyapeeth's College of Engineering,Lavale, Pune",'0679624510,Computer Engineering,Un-Aided,Unknown,LNT1H,61705,81.2846613,L,H,NT1,B.Tech,2025,4
'06796,"Bharati Vidyapeeth's College of Engineering,Lavale, Pune",'0679624510,Computer Engineering,Un-Aided,Unknown,LOBCH,36153,89.2945239,L,H,OBC,B.Tech,2025,4
'06796,"Bharati Vidyapeeth's College of Engineering,Lavale, Pune",'0679624510,Computer Engineering,Un-Aided,Unknown,LSEBCH,41559,87.6872170,L,H,SEBC,B.Tech,2025,4
'06796,"Bharati Vidyapeeth's College of Engineering,Lavale, Pune",'0679624510,Computer Engineering,Un-Aided,Unknown,PWDOPENH,26962,92.0891128,P,H,PWD,B.Tech,2025,4
'06796,"Bharati Vidyapeeth's College of Engineering,Lavale, Pune",'0679637210,Electronics and Telecommunication Engg,Un-Aided,Unknown,GOPENH,42964,87.3029561,G,H,OPEN,B.Tech,2025,4
'06796,"Bharati Vidyapeeth's College of Engineering,Lavale, Pune",'0679637210,Electronics and Telecommunication Engg,Un-Aided,Unknown,GOBCH,47666,85.8501253,G,H,OBC,B.Tech,2025,4
'06796,"Bharati Vidyapeeth's College of Engineering,Lavale, Pune",'0679637210,Electronics and Telecommunication Engg,Un-Aided,Unknown,GSEBCH,68644,78.8357161,G,H,SEBC,B.Tech,2025,4
'06796,"Bharati Vidyapeeth's College of Engineering,Lavale, Pune",'0679637210,Electronics and Telecommunication Engg,Un-Aided,Unknown,LOPENH,24208,92.9335890,L,H,OPEN,B.Tech,2025,4
'06796,"Bharati Vidyapeeth's College of Engineering,Lavale, Pune",'0679637210,Electronics and Telecommunication Engg,Un-Aided,Unknown,LSEBCH,60661,81.6453226,L,H,SEBC,B.Tech,2025,4
'06796,"Bharati Vidyapeeth's College of Engineering,Lavale, Pune",'0679637210,Electronics and Telecommunication Engg,Un-Aided,Unknown,PWDOBCH,47165,85.9058498,P,H,PWD,B.Tech,2025,4
'06796,"Bharati Vidyapeeth's College of Engineering,Lavale, Pune",'0679637210,Electronics and Telecommunication Engg,Un-Aided,Unknown,GSTH,46306,86.2326458,G,H,ST,B.Tech,2025,4
'06796,"Bharati Vidyapeeth's College of Engineering,Lavale, Pune",'0679661210,Mechanical Engineering,Un-Aided,Unknown,GOPENH,72190,78.0104170,G,H,OPEN,B.Tech,2025,4
'06796,"Bharati Vidyapeeth's College of Engineering,Lavale, Pune",'0679661210,Mechanical Engineering,Un-Aided,Unknown,GNT2H,74895,76.8973331,G,H,NT2,B.Tech,2025,4
'06796,"Bharati Vidyapeeth's College of Engineering,Lavale, Pune",'0679661210,Mechanical Engineering,Un-Aided,Unknown,GNT3H,105930,65.3084343,G,H,NT3,B.Tech,2025,4
'06796,"Bharati Vidyapeeth's College of Engineering,Lavale, Pune",'0679661210,Mechanical Engineering,Un-Aided,Unknown,GOBCH,89298,71.5830116,G,H,OBC,B.Tech,2025,4
'06796,"Bharati Vidyapeeth's College of Engineering,Lavale, Pune",'0679661210,Mechanical Engineering,Un-Aided,Unknown,GSEBCH,102486,66.3795642,G,H,SEBC,B.Tech,2025,4
'06796,"Bharati Vidyapeeth's College of Engineering,Lavale, Pune",'0679661210,Mechanical Engineering,Un-Aided,Unknown,LSCH,160278,36.2260120,L,H,SC,B.Tech,2025,4
'06796,"Bharati Vidyapeeth's College of Engineering,Lavale, Pune",'0679661210,Mechanical Engineering,Un-Aided,Unknown,LOBCH,93237,70.2033567,L,H,OBC,B.Tech,2025,4
'06796,"Bharati Vidyapeeth's College of Engineering,Lavale, Pune",'0679661210,Mechanical Engineering,Un-Aided,Unknown,GSTH,77790,75.6522650,G,H,ST,B.Tech,2025,4
'06796,"Bharati Vidyapeeth's College of Engineering,Lavale, Pune",'0679661210,Mechanical Engineering,Un-Aided,Unknown,LSTH,74682,76.9213781,L,H,ST,B.Tech,2025,4
'06797,"Dnyanshree Institute Engineering and Technology, Satara",'0679724210,Computer Science and Engineering,Un-Aided Home University : Shivaji University,Shivaji University,GOPENH,125916,55.9381337,G,H,OPEN,B.Tech,2025,4
'06797,"Dnyanshree Institute Engineering and Technology, Satara",'0679724210,Computer Science and Engineering,Un-Aided Home University : Shivaji University,Shivaji University,LOPENH,98887,68.1164395,L,H,OPEN,B.Tech,2025,4
'06797,"Dnyanshree Institute Engineering and Technology, Satara",'0679724210,Computer Science and Engineering,Un-Aided Home University : Shivaji University,Shivaji University,LOBCH,118296,59.3210117,L,H,OBC,B.Tech,2025,4
'06797,"Dnyanshree Institute Engineering and Technology, Satara",'0679724210,Computer Science and Engineering,Un-Aided Home University : Shivaji University,Shivaji University,PWDOPENH,166858,32.4837011,P,H,PWD,B.Tech,2025,4
'06797,"Dnyanshree Institute Engineering and Technology, Satara",'0679724210,Computer Science and Engineering,Un-Aided Home University : Shivaji University,Shivaji University,PWDSEBCH,111217,62.9184580,P,H,PWD,B.Tech,2025,4
'06797,"Dnyanshree Institute Engineering and Technology, Satara",'0679724210,Computer Science and Engineering,Un-Aided Home University : Shivaji University,Shivaji University,GSTH,170891,29.4125763,G,H,ST,B.Tech,2025,4
'06797,"Dnyanshree Institute Engineering and Technology, Satara",'0679724210,Computer Science and Engineering,Un-Aided Home University : Shivaji University,Shivaji University,LNT3H,148072,43.9154166,L,H,NT3,B.Tech,2025,4
'06797,"Dnyanshree Institute Engineering and Technology, Satara",'0679725910,Mechanical and Mechatronics Engineering (Additive Manufacturing),Un-Aided Home University : Shivaji University,Shivaji University,LSEBCH,132260,53.2228937,L,H,SEBC,B.Tech,2025,4
'06797,"Dnyanshree Institute Engineering and Technology, Satara",'0679725910,Mechanical and Mechatronics Engineering (Additive Manufacturing),Un-Aided Home University : Shivaji University,Shivaji University,GSCH,167741,32.1281783,G,H,SC,B.Tech,2025,4
'06797,"Dnyanshree Institute Engineering and Technology, Satara",'0679737210,Electronics and Telecommunication Engg,Un-Aided Home University : Shivaji University,Shivaji University,DEFOPENS,171519,29.0442453,D,S,OPEN,B.Tech,2025,4
'06797,"Dnyanshree Institute Engineering and Technology, Satara",'0679792210,Civil and Environmental Engineering,Un-Aided Home University : Shivaji University,Shivaji University,LOPENH,181658,22.0346747,L,H,OPEN,B.Tech,2025,4
'06797,"Dnyanshree Institute Engineering and Technology, Satara",'0679792610,Electrical and Computer Engineering,Un-Aided Home University : Shivaji University,Shivaji University,LOPENO,201391,3.1812183,L,O,OPEN,B.Tech,2025,4
'06799,"Shivganga Charitable Trust, Sangli Vishveshwarya Technical Campus, Faculty of Diploma Engineering, Patgaon, Miraj",'0679924210,Computer Science and Engineering,Un-Aided Home University : Shivaji University,Shivaji University,GOPENH,148268,43.9154166,G,H,OPEN,B.Tech,2025,4
'06799,"Shivganga Charitable Trust, Sangli Vishveshwarya Technical Campus, Faculty of Diploma Engineering, Patgaon, Miraj",'0679924210,Computer Science and Engineering,Un-Aided Home University : Shivaji University,Shivaji University,LOPENH,108027,63.8244514,L,H,OPEN,B.Tech,2025,4
'06803,"Sant Gajanan Maharaj College of Engineering, Gadhinglaj",'0680319110,Civil Engineering,Un-Aided,Unknown,GOPENH,130694,53.6771201,G,H,OPEN,B.Tech,2025,4
'06803,"Sant Gajanan Maharaj College of Engineering, Gadhinglaj",'0680319110,Civil Engineering,Un-Aided,Unknown,GOBCH,169862,30.2606300,G,H,OBC,B.Tech,2025,4
'06803,"Sant Gajanan Maharaj College of Engineering, Gadhinglaj",'0680319110,Civil Engineering,Un-Aided,Unknown,GSEBCH,187957,16.5215865,G,H,SEBC,B.Tech,2025,4
'06803,"Sant Gajanan Maharaj College of Engineering, Gadhinglaj",'0680319110,Civil Engineering,Un-Aided,Unknown,GSCH,195790,9.3356129,G,H,SC,B.Tech,2025,4
'06803,"Sant Gajanan Maharaj College of Engineering, Gadhinglaj",'0680319110,Civil Engineering,Un-Aided,Unknown,GSTH,200307,4.4409613,G,H,ST,B.Tech,2025,4
'06803,"Sant Gajanan Maharaj College of Engineering, Gadhinglaj",'0680319110,Civil Engineering,Un-Aided,Unknown,GNT3H,160759,36.1811489,G,H,NT3,B.Tech,2025,4
'06803,"Sant Gajanan Maharaj College of Engineering, Gadhinglaj",'0680319110,Civil Engineering,Un-Aided,Unknown,GOBCH,184619,19.2051273,G,H,OBC,B.Tech,2025,4
'06803,"Sant Gajanan Maharaj College of Engineering, Gadhinglaj",'0680319110,Civil Engineering,Un-Aided,Unknown,LNT2H,194577,10.4252003,L,H,NT2,B.Tech,2025,4
'06803,"Sant Gajanan Maharaj College of Engineering, Gadhinglaj",'0680319110,Civil Engineering,Un-Aided,Unknown,LOBCH,200387,4.3679994,L,H,OBC,B.Tech,2025,4
'06803,"Sant Gajanan Maharaj College of Engineering, Gadhinglaj",'0680324210,Computer Science and Engineering,Un-Aided,Unknown,GSCH,95742,69.0979021,G,H,SC,B.Tech,2025,4
'06803,"Sant Gajanan Maharaj College of Engineering, Gadhinglaj",'0680324210,Computer Science and Engineering,Un-Aided,Unknown,GNT2H,88863,71.6607627,G,H,NT2,B.Tech,2025,4
'06803,"Sant Gajanan Maharaj College of Engineering, Gadhinglaj",'0680329310,Electrical Engineering,Un-Aided,Unknown,GOPENH,156161,39.6653303,G,H,OPEN,B.Tech,2025,4
'06803,"Sant Gajanan Maharaj College of Engineering, Gadhinglaj",'0680329310,Electrical Engineering,Un-Aided,Unknown,LOPENH,201581,3.0019522,L,H,OPEN,B.Tech,2025,4
'06803,"Sant Gajanan Maharaj College of Engineering, Gadhinglaj",'0680337210,Electronics and Telecommunication Engg,Un-Aided,Unknown,GOPENH,104262,65.8462319,G,H,OPEN,B.Tech,2025,4
'06803,"Sant Gajanan Maharaj College of Engineering, Gadhinglaj",'0680337210,Electronics and Telecommunication Engg,Un-Aided,Unknown,GOBCH,146131,45.8266058,G,H,OBC,B.Tech,2025,4
'06803,"Sant Gajanan Maharaj College of Engineering, Gadhinglaj",'0680337910,ELECTRONICS AND COMMUNICATION ENGINEERING (BIO-MEDICAL ENGINEERING),Un-Aided,Unknown,GSCH,194151,10.8694881,G,H,SC,B.Tech,2025,4
'06803,"Sant Gajanan Maharaj College of Engineering, Gadhinglaj",'0680337910,ELECTRONICS AND COMMUNICATION ENGINEERING (BIO-MEDICAL ENGINEERING),Un-Aided,Unknown,GSTH,194763,10.2639800,G,H,ST,B.Tech,2025,4
'06803,"Sant Gajanan Maharaj College of Engineering, Gadhinglaj",'0680337910,ELECTRONICS AND COMMUNICATION ENGINEERING (BIO-MEDICAL ENGINEERING),Un-Aided,Unknown,GOBCH,192564,12.3781915,G,H,OBC,B.Tech,2025,4
'06803,"Sant Gajanan Maharaj College of Engineering, Gadhinglaj",'0680361210,Mechanical Engineering,Un-Aided,Unknown,GOBCO,139036,49.4020979,G,O,OBC,B.Tech,2025,4
'06803,"Sant Gajanan Maharaj College of Engineering, Gadhinglaj",'0680361210,Mechanical Engineering,Un-Aided,Unknown,LOPENO,84705,73.4722277,L,O,OPEN,B.Tech,2025,4
'06803,"Sant Gajanan Maharaj College of Engineering, Gadhinglaj",'0680391110,Computer Science and Engineering(Artificial Intelligence and Machine Learning),Un-Aided,Unknown,GOPENO,127475,55.2744499,G,O,OPEN,B.Tech,2025,4
'06808,"Keystone School of Engineering, Pune",'0680824510,Computer Engineering,Un-Aided,Unknown,GOPENH,67342,79.6033896,G,H,OPEN,B.Tech,2025,4
'06808,"Keystone School of Engineering, Pune",'0680824510,Computer Engineering,Un-Aided,Unknown,GSCH,80295,75.1716925,G,H,SC,B.Tech,2025,4
'06808,"Keystone School of Engineering, Pune",'0680824510,Computer Engineering,Un-Aided,Unknown,GOBCH,89622,71.5562808,G,H,OBC,B.Tech,2025,4
'06808,"Keystone School of Engineering, Pune",'0680824510,Computer Engineering,Un-Aided,Unknown,LSCH,134764,51.5716400,L,H,SC,B.Tech,2025,4
'06808,"Keystone School of Engineering, Pune",'0680824510,Computer Engineering,Un-Aided,Unknown,LNT3H,127879,55.1895416,L,H,NT3,B.Tech,2025,4
'06808,"Keystone School of Engineering, Pune",'0680824510,Computer Engineering,Un-Aided,Unknown,PWDSCH,132234,53.2228937,P,H,PWD,B.Tech,2025,4
'06808,"Keystone School of Engineering, Pune",'0680824510,Computer Engineering,Un-Aided,Unknown,PWDOBCH,82703,73.8000589,P,H,PWD,B.Tech,2025,4
'06808,"Keystone School of Engineering, Pune",'0680824510,Computer Engineering,Un-Aided,Unknown,GSTH,72577,77.5384615,G,H,ST,B.Tech,2025,4
'06808,"Keystone School of Engineering, Pune",'0680826310,Artificial Intelligence (AI) and Data Science,Un-Aided,Unknown,GOPENH,80102,75.1927485,G,H,OPEN,B.Tech,2025,4
'06808,"Keystone School of Engineering, Pune",'0680826310,Artificial Intelligence (AI) and Data Science,Un-Aided,Unknown,GOBCH,86575,72.6730266,G,H,OBC,B.Tech,2025,4
'06808,"Keystone School of Engineering, Pune",'0680826310,Artificial Intelligence (AI) and Data Science,Un-Aided,Unknown,GSEBCH,95906,69.0979021,G,H,SEBC,B.Tech,2025,4
'06808,"Keystone School of Engineering, Pune",'0680826310,Artificial Intelligence (AI) and Data Science,Un-Aided,Unknown,LOPENH,56538,82.8811189,L,H,OPEN,B.Tech,2025,4
'06808,"Keystone School of Engineering, Pune",'0680826310,Artificial Intelligence (AI) and Data Science,Un-Aided,Unknown,LOBCH,89191,71.5830116,L,H,OBC,B.Tech,2025,4
'06808,"Keystone School of Engineering, Pune",'0680826310,Artificial Intelligence (AI) and Data Science,Un-Aided,Unknown,PWDSEBCH,98105,68.3753318,P,H,PWD,B.Tech,2025,4
'06808,"Keystone School of Engineering, Pune",'0680837210,Electronics and Telecommunication Engg,Un-Aided,Unknown,GOPENH,88535,71.8197195,G,H,OPEN,B.Tech,2025,4
'06808,"Keystone School of Engineering, Pune",'0680837210,Electronics and Telecommunication Engg,Un-Aided,Unknown,GVJH,160909,36.1811489,G,H,VJ,B.Tech,2025,4
'06808,"Keystone School of Engineering, Pune",'0680837210,Electronics and Telecommunication Engg,Un-Aided,Unknown,GOBCH,99345,67.8236662,G,H,OBC,B.Tech,2025,4
'06808,"Keystone School of Engineering, Pune",'0680837210,Electronics and Telecommunication Engg,Un-Aided,Unknown,GSEBCH,96494,68.9620341,G,H,SEBC,B.Tech,2025,4
'06808,"Keystone School of Engineering, Pune",'0680837210,Electronics and Telecommunication Engg,Un-Aided,Unknown,PWDOPENH,89153,71.5830116,P,H,PWD,B.Tech,2025,4
'06808,"Keystone School of Engineering, Pune",'0680861210,Mechanical Engineering,Un-Aided,Unknown,GOPENO,78171,75.6075065,G,O,OPEN,B.Tech,2025,4
'06808,"Keystone School of Engineering, Pune",'0680861210,Mechanical Engineering,Un-Aided,Unknown,GOBCO,78621,75.4048881,G,O,OBC,B.Tech,2025,4
'06808,"Keystone School of Engineering, Pune",'0680861210,Mechanical Engineering,Un-Aided,Unknown,LOPENO,78443,75.4880541,L,O,OPEN,B.Tech,2025,4
'06808,"Keystone School of Engineering, Pune",'0680861210,Mechanical Engineering,Un-Aided,Unknown,LOBCO,81925,74.0630785,L,O,OBC,B.Tech,2025,4
'06811,Sanjay Ghodawat Institute,'0681119110,Civil Engineering,Un-Aided Home University : Shivaji University,Shivaji University,GOPENH,128707,54.5739657,G,H,OPEN,B.Tech,2025,4
'06811,Sanjay Ghodawat Institute,'0681119110,Civil Engineering,Un-Aided Home University : Shivaji University,Shivaji University,GVJH,137842,50.3223138,G,H,VJ,B.Tech,2025,4
'06811,Sanjay Ghodawat Institute,'0681124210,Computer Science and Engineering,Un-Aided Home University : Shivaji University,Shivaji University,GOPENH,70317,78.4342571,G,H,OPEN,B.Tech,2025,4
'06811,Sanjay Ghodawat Institute,'0681124210,Computer Science and Engineering,Un-Aided Home University : Shivaji University,Shivaji University,GSCH,91267,71.0971787,G,H,SC,B.Tech,2025,4
'06811,Sanjay Ghodawat Institute,'0681124210,Computer Science and Engineering,Un-Aided Home University : Shivaji University,Shivaji University,GOBCH,84588,73.4722277,G,H,OBC,B.Tech,2025,4
'06811,Sanjay Ghodawat Institute,'0681124210,Computer Science and Engineering,Un-Aided Home University : Shivaji University,Shivaji University,GSEBCH,88033,71.8498844,G,H,SEBC,B.Tech,2025,4
'06811,Sanjay Ghodawat Institute,'0681129310,Electrical Engineering,Un-Aided Home University : Shivaji University,Shivaji University,GOPENH,141666,47.8015007,G,H,OPEN,B.Tech,2025,4
'06811,Sanjay Ghodawat Institute,'0681129310,Electrical Engineering,Un-Aided Home University : Shivaji University,Shivaji University,GOBCH,168821,31.9280223,G,H,OBC,B.Tech,2025,4
'06811,Sanjay Ghodawat Institute,'0681129310,Electrical Engineering,Un-Aided Home University : Shivaji University,Shivaji University,GVJH,145907,45.9245973,G,H,VJ,B.Tech,2025,4
'06811,Sanjay Ghodawat Institute,'0681129310,Electrical Engineering,Un-Aided Home University : Shivaji University,Shivaji University,LSTH,141145,47.8905633,L,H,ST,B.Tech,2025,4
'06811,Sanjay Ghodawat Institute,'0681137210,Electronics and Telecommunication Engg,Un-Aided Home University : Shivaji University,Shivaji University,GOPENH,110297,63.2914656,G,H,OPEN,B.Tech,2025,4
'06811,Sanjay Ghodawat Institute,'0681137210,Electronics and Telecommunication Engg,Un-Aided Home University : Shivaji University,Shivaji University,GSTH,110696,63.2000580,G,H,ST,B.Tech,2025,4
'06811,Sanjay Ghodawat Institute,'0681161210,Mechanical Engineering,Un-Aided Home University : Shivaji University,Shivaji University,GOPENH,119618,58.8994542,G,H,OPEN,B.Tech,2025,4
'06811,Sanjay Ghodawat Institute,'0681161210,Mechanical Engineering,Un-Aided Home University : Shivaji University,Shivaji University,LSCH,186898,17.6786167,L,H,SC,B.Tech,2025,4
'06811,Sanjay Ghodawat Institute,'0681161210,Mechanical Engineering,Un-Aided Home University : Shivaji University,Shivaji University,LOBCH,165599,33.0802795,L,H,OBC,B.Tech,2025,4
'06811,Sanjay Ghodawat Institute,'0681161210,Mechanical Engineering,Un-Aided Home University : Shivaji University,Shivaji University,LSCH,135612,50.9683037,L,H,SC,B.Tech,2025,4
'06815,"Vidya Prasarini Sabha's College of Engineering & Technology, Lonavala",'0681519110,Civil Engineering,Un-Aided,Unknown,GOPENH,192432,12.4732664,G,H,OPEN,B.Tech,2025,4
'06815,"Vidya Prasarini Sabha's College of Engineering & Technology, Lonavala",'0681519110,Civil Engineering,Un-Aided,Unknown,LOPENH,185400,18.6473767,L,H,OPEN,B.Tech,2025,4
'06815,"Vidya Prasarini Sabha's College of Engineering & Technology, Lonavala",'0681524510,Computer Engineering,Un-Aided,Unknown,GOPENH,107563,64.2631037,G,H,OPEN,B.Tech,2025,4
'06815,"Vidya Prasarini Sabha's College of Engineering & Technology, Lonavala",'0681524510,Computer Engineering,Un-Aided,Unknown,GOBCH,124667,56.6213771,G,H,OBC,B.Tech,2025,4
'06815,"Vidya Prasarini Sabha's College of Engineering & Technology, Lonavala",'0681524510,Computer Engineering,Un-Aided,Unknown,GSEBCH,142368,47.3563218,G,H,SEBC,B.Tech,2025,4
'06815,"Vidya Prasarini Sabha's College of Engineering & Technology, Lonavala",'0681524510,Computer Engineering,Un-Aided,Unknown,LOBCH,104864,65.6307130,L,H,OBC,B.Tech,2025,4
'06815,"Vidya Prasarini Sabha's College of Engineering & Technology, Lonavala",'0681524510,Computer Engineering,Un-Aided,Unknown,LSTH,121182,58.2180677,L,H,ST,B.Tech,2025,4
'06815,"Vidya Prasarini Sabha's College of Engineering & Technology, Lonavala",'0681561210,Mechanical Engineering,Un-Aided,Unknown,GOPENH,187461,16.6909773,G,H,OPEN,B.Tech,2025,4
'06815,"Vidya Prasarini Sabha's College of Engineering & Technology, Lonavala",'0681561210,Mechanical Engineering,Un-Aided,Unknown,PWDOPENH,186165,18.1456181,P,H,PWD,B.Tech,2025,4
'06815,"Vidya Prasarini Sabha's College of Engineering & Technology, Lonavala",'0681561210,Mechanical Engineering,Un-Aided,Unknown,PWDOBCH,189244,15.4365886,P,H,PWD,B.Tech,2025,4
'06822,"Pimpri Chinchwad Education Trust's Pimpri Chinchwad College Of Engineering And Research, Ravet",'0682219110,Civil Engineering,Un-Aided Autonomous,Unknown,GOPENS,38359,88.6801020,G,S,OPEN,B.Tech,2025,4
'06822,"Pimpri Chinchwad Education Trust's Pimpri Chinchwad College Of Engineering And Research, Ravet",'0682219110,Civil Engineering,Un-Aided Autonomous,Unknown,GSCS,62788,81.0133535,G,S,SC,B.Tech,2025,4
'06822,"Pimpri Chinchwad Education Trust's Pimpri Chinchwad College Of Engineering And Research, Ravet",'0682219110,Civil Engineering,Un-Aided Autonomous,Unknown,GSTS,152701,41.7471281,G,S,ST,B.Tech,2025,4
'06822,"Pimpri Chinchwad Education Trust's Pimpri Chinchwad College Of Engineering And Research, Ravet",'0682219110,Civil Engineering,Un-Aided Autonomous,Unknown,GVJS,72249,77.9513058,G,S,VJ,B.Tech,2025,4
'06822,"Pimpri Chinchwad Education Trust's Pimpri Chinchwad College Of Engineering And Research, Ravet",'0682219110,Civil Engineering,Un-Aided Autonomous,Unknown,GNT1S,68677,78.8357161,G,S,NT1,B.Tech,2025,4
'06822,"Pimpri Chinchwad Education Trust's Pimpri Chinchwad College Of Engineering And Research, Ravet",'0682219110,Civil Engineering,Un-Aided Autonomous,Unknown,GOBCS,45379,86.5527540,G,S,OBC,B.Tech,2025,4
'06822,"Pimpri Chinchwad Education Trust's Pimpri Chinchwad College Of Engineering And Research, Ravet",'0682219110,Civil Engineering,Un-Aided Autonomous,Unknown,GSEBCS,48658,85.4179037,G,S,SEBC,B.Tech,2025,4
'06822,"Pimpri Chinchwad Education Trust's Pimpri Chinchwad College Of Engineering And Research, Ravet",'0682219110,Civil Engineering,Un-Aided Autonomous,Unknown,LOPENS,36154,89.2945239,L,S,OPEN,B.Tech,2025,4
'06822,"Pimpri Chinchwad Education Trust's Pimpri Chinchwad College Of Engineering And Research, Ravet",'0682219110,Civil Engineering,Un-Aided Autonomous,Unknown,DEFOPENS,102709,66.3795642,D,S,OPEN,B.Tech,2025,4
'06822,"Pimpri Chinchwad Education Trust's Pimpri Chinchwad College Of Engineering And Research, Ravet",'0682219110,Civil Engineering,Un-Aided Autonomous,Unknown,EWS,179136,23.4132019,E,S,EWS,B.Tech,2025,4
'06822,"Pimpri Chinchwad Education Trust's Pimpri Chinchwad College Of Engineering And Research, Ravet",'0682224510,Computer Engineering,Un-Aided Autonomous,Unknown,GOPENS,11642,96.6725559,G,S,OPEN,B.Tech,2025,4
'06822,"Pimpri Chinchwad Education Trust's Pimpri Chinchwad College Of Engineering And Research, Ravet",'0682224510,Computer Engineering,Un-Aided Autonomous,Unknown,GSTS,114303,61.1295449,G,S,ST,B.Tech,2025,4
'06822,"Pimpri Chinchwad Education Trust's Pimpri Chinchwad College Of Engineering And Research, Ravet",'0682224510,Computer Engineering,Un-Aided Autonomous,Unknown,GNT1S,19258,94.4637991,G,S,NT1,B.Tech,2025,4
'06822,"Pimpri Chinchwad Education Trust's Pimpri Chinchwad College Of Engineering And Research, Ravet",'0682224510,Computer Engineering,Un-Aided Autonomous,Unknown,GOBCS,13175,96.2272727,G,S,OBC,B.Tech,2025,4
'06822,"Pimpri Chinchwad Education Trust's Pimpri Chinchwad College Of Engineering And Research, Ravet",'0682224510,Computer Engineering,Un-Aided Autonomous,Unknown,GSEBCS,13408,96.1656046,G,S,SEBC,B.Tech,2025,4
'06822,"Pimpri Chinchwad Education Trust's Pimpri Chinchwad College Of Engineering And Research, Ravet",'0682224510,Computer Engineering,Un-Aided Autonomous,Unknown,LOPENS,10762,96.9208060,L,S,OPEN,B.Tech,2025,4
'06822,"Pimpri Chinchwad Education Trust's Pimpri Chinchwad College Of Engineering And Research, Ravet",'0682224510,Computer Engineering,Un-Aided Autonomous,Unknown,LSCS,38511,88.6328671,L,S,SC,B.Tech,2025,4
'06822,"Pimpri Chinchwad Education Trust's Pimpri Chinchwad College Of Engineering And Research, Ravet",'0682224510,Computer Engineering,Un-Aided Autonomous,Unknown,LSTS,168751,31.9280223,L,S,ST,B.Tech,2025,4
'06822,"Pimpri Chinchwad Education Trust's Pimpri Chinchwad College Of Engineering And Research, Ravet",'0682224510,Computer Engineering,Un-Aided Autonomous,Unknown,LNT1S,37239,89.0414266,L,S,NT1,B.Tech,2025,4
'06822,"Pimpri Chinchwad Education Trust's Pimpri Chinchwad College Of Engineering And Research, Ravet",'0682224510,Computer Engineering,Un-Aided Autonomous,Unknown,LNT2S,22213,93.5366917,L,S,NT2,B.Tech,2025,4
'06822,"Pimpri Chinchwad Education Trust's Pimpri Chinchwad College Of Engineering And Research, Ravet",'0682224510,Computer Engineering,Un-Aided Autonomous,Unknown,LOBCS,12590,96.3815673,L,S,OBC,B.Tech,2025,4
'06822,"Pimpri Chinchwad Education Trust's Pimpri Chinchwad College Of Engineering And Research, Ravet",'0682224510,Computer Engineering,Un-Aided Autonomous,Unknown,LSEBCS,12435,96.4193661,L,S,SEBC,B.Tech,2025,4
'06822,"Pimpri Chinchwad Education Trust's Pimpri Chinchwad College Of Engineering And Research, Ravet",'0682224510,Computer Engineering,Un-Aided Autonomous,Unknown,DEFOPENS,24162,92.9335890,D,S,OPEN,B.Tech,2025,4
'06822,"Pimpri Chinchwad Education Trust's Pimpri Chinchwad College Of Engineering And Research, Ravet",'0682224510,Computer Engineering,Un-Aided Autonomous,Unknown,EWS,23299,93.2557369,E,S,EWS,B.Tech,2025,4
'06822,"Pimpri Chinchwad Education Trust's Pimpri Chinchwad College Of Engineering And Research, Ravet",'0682224510,Computer Engineering,Un-Aided Autonomous,Unknown,ORPHAN,11689,96.6549667,O,N,ORPHAN,B.Tech,2025,4
'06822,"Pimpri Chinchwad Education Trust's Pimpri Chinchwad College Of Engineering And Research, Ravet",'0682224610,Information Technology,Un-Aided Autonomous,Unknown,GOPENS,12667,96.3500457,G,S,OPEN,B.Tech,2025,4
'06822,"Pimpri Chinchwad Education Trust's Pimpri Chinchwad College Of Engineering And Research, Ravet",'0682224610,Information Technology,Un-Aided Autonomous,Unknown,GOBCS,13375,96.1658679,G,S,OBC,B.Tech,2025,4
'06822,"Pimpri Chinchwad Education Trust's Pimpri Chinchwad College Of Engineering And Research, Ravet",'0682224610,Information Technology,Un-Aided Autonomous,Unknown,GSEBCS,14157,95.9539167,G,S,SEBC,B.Tech,2025,4
'06822,"Pimpri Chinchwad Education Trust's Pimpri Chinchwad College Of Engineering And Research, Ravet",'0682224610,Information Technology,Un-Aided Autonomous,Unknown,LSCS,40894,87.9272878,L,S,SC,B.Tech,2025,4
'06822,"Pimpri Chinchwad Education Trust's Pimpri Chinchwad College Of Engineering And Research, Ravet",'0682224610,Information Technology,Un-Aided Autonomous,Unknown,LSEBCS,14291,95.8806117,L,S,SEBC,B.Tech,2025,4
'06822,"Pimpri Chinchwad Education Trust's Pimpri Chinchwad College Of Engineering And Research, Ravet",'0682224610,Information Technology,Un-Aided Autonomous,Unknown,EWS,23456,93.1848615,E,S,EWS,B.Tech,2025,4
'06822,"Pimpri Chinchwad Education Trust's Pimpri Chinchwad College Of Engineering And Research, Ravet",'0682224610,Information Technology,Un-Aided Autonomous,Unknown,PWDOPENS,12561,96.3986014,P,S,PWD,B.Tech,2025,4
'06822,"Pimpri Chinchwad Education Trust's Pimpri Chinchwad College Of Engineering And Research, Ravet",'0682237210,Electronics and Telecommunication Engg,Un-Aided Autonomous,Unknown,GOPENS,14463,95.8324651,G,S,OPEN,B.Tech,2025,4
'06822,"Pimpri Chinchwad Education Trust's Pimpri Chinchwad College Of Engineering And Research, Ravet",'0682237210,Electronics and Telecommunication Engg,Un-Aided Autonomous,Unknown,GOBCS,17262,95.0406335,G,S,OBC,B.Tech,2025,4
'06822,"Pimpri Chinchwad Education Trust's Pimpri Chinchwad College Of Engineering And Research, Ravet",'0682237210,Electronics and Telecommunication Engg,Un-Aided Autonomous,Unknown,GSEBCS,17017,95.0790084,G,S,SEBC,B.Tech,2025,4
'06822,"Pimpri Chinchwad Education Trust's Pimpri Chinchwad College Of Engineering And Research, Ravet",'0682237210,Electronics and Telecommunication Engg,Un-Aided Autonomous,Unknown,LOPENS,13423,96.1656046,L,S,OPEN,B.Tech,2025,4
'06822,"Pimpri Chinchwad Education Trust's Pimpri Chinchwad College Of Engineering And Research, Ravet",'0682237210,Electronics and Telecommunication Engg,Un-Aided Autonomous,Unknown,LOBCS,15021,95.6725228,L,S,OBC,B.Tech,2025,4
'06822,"Pimpri Chinchwad Education Trust's Pimpri Chinchwad College Of Engineering And Research, Ravet",'0682237210,Electronics and Telecommunication Engg,Un-Aided Autonomous,Unknown,DEFOPENS,27188,92.0411007,D,S,OPEN,B.Tech,2025,4
'06822,"Pimpri Chinchwad Education Trust's Pimpri Chinchwad College Of Engineering And Research, Ravet",'0682237210,Electronics and Telecommunication Engg,Un-Aided Autonomous,Unknown,EWS,29082,91.4692991,E,S,EWS,B.Tech,2025,4
'06822,"Pimpri Chinchwad Education Trust's Pimpri Chinchwad College Of Engineering And Research, Ravet",'0682237210,Electronics and Telecommunication Engg,Un-Aided Autonomous,Unknown,PWDOPENS,14323,95.8806117,P,S,PWD,B.Tech,2025,4
'06822,"Pimpri Chinchwad Education Trust's Pimpri Chinchwad College Of Engineering And Research, Ravet",'0682261210,Mechanical Engineering,Un-Aided Autonomous,Unknown,GOPENS,17669,94.8874728,G,S,OPEN,B.Tech,2025,4
'06822,"Pimpri Chinchwad Education Trust's Pimpri Chinchwad College Of Engineering And Research, Ravet",'0682261210,Mechanical Engineering,Un-Aided Autonomous,Unknown,GSCS,44307,86.7202099,G,S,SC,B.Tech,2025,4
'06822,"Pimpri Chinchwad Education Trust's Pimpri Chinchwad College Of Engineering And Research, Ravet",'0682261210,Mechanical Engineering,Un-Aided Autonomous,Unknown,GNT2S,37860,88.7823852,G,S,NT2,B.Tech,2025,4
'06822,"Pimpri Chinchwad Education Trust's Pimpri Chinchwad College Of Engineering And Research, Ravet",'0682261210,Mechanical Engineering,Un-Aided Autonomous,Unknown,GOBCS,23458,93.1848615,G,S,OBC,B.Tech,2025,4
'06822,"Pimpri Chinchwad Education Trust's Pimpri Chinchwad College Of Engineering And Research, Ravet",'0682261210,Mechanical Engineering,Un-Aided Autonomous,Unknown,LNT1S,83679,73.6328536,L,S,NT1,B.Tech,2025,4
'06822,"Pimpri Chinchwad Education Trust's Pimpri Chinchwad College Of Engineering And Research, Ravet",'0682261210,Mechanical Engineering,Un-Aided Autonomous,Unknown,EWS,65474,79.9809712,E,S,EWS,B.Tech,2025,4
'06834,"Dr.D.Y.Patil College Of Engineering & Innovation,Talegaon",'0683424510,Computer Engineering,Un-Aided Autonomous,Unknown,GOPENS,43242,87.1431548,G,S,OPEN,B.Tech,2025,4
'06834,"Dr.D.Y.Patil College Of Engineering & Innovation,Talegaon",'0683424510,Computer Engineering,Un-Aided Autonomous,Unknown,GSCS,75226,76.8955509,G,S,SC,B.Tech,2025,4
'06834,"Dr.D.Y.Patil College Of Engineering & Innovation,Talegaon",'0683424510,Computer Engineering,Un-Aided Autonomous,Unknown,GSTS,191275,13.4300699,G,S,ST,B.Tech,2025,4
'06834,"Dr.D.Y.Patil College Of Engineering & Innovation,Talegaon",'0683424510,Computer Engineering,Un-Aided Autonomous,Unknown,GVJS,56740,82.8811189,G,S,VJ,B.Tech,2025,4
'06834,"Dr.D.Y.Patil College Of Engineering & Innovation,Talegaon",'0683424510,Computer Engineering,Un-Aided Autonomous,Unknown,GOBCS,50491,84.8811189,G,S,OBC,B.Tech,2025,4
'06834,"Dr.D.Y.Patil College Of Engineering & Innovation,Talegaon",'0683424510,Computer Engineering,Un-Aided Autonomous,Unknown,GSEBCS,50270,84.9728618,G,S,SEBC,B.Tech,2025,4
'06834,"Dr.D.Y.Patil College Of Engineering & Innovation,Talegaon",'0683424510,Computer Engineering,Un-Aided Autonomous,Unknown,LOPENS,46267,86.2326458,L,S,OPEN,B.Tech,2025,4
'06834,"Dr.D.Y.Patil College Of Engineering & Innovation,Talegaon",'0683424510,Computer Engineering,Un-Aided Autonomous,Unknown,LSCS,72804,77.5384615,L,S,SC,B.Tech,2025,4
'06834,"Dr.D.Y.Patil College Of Engineering & Innovation,Talegaon",'0683424510,Computer Engineering,Un-Aided Autonomous,Unknown,LNT2S,61145,81.5804905,L,S,NT2,B.Tech,2025,4
'06834,"Dr.D.Y.Patil College Of Engineering & Innovation,Talegaon",'0683424510,Computer Engineering,Un-Aided Autonomous,Unknown,LNT3S,63859,80.7175218,L,S,NT3,B.Tech,2025,4
'06834,"Dr.D.Y.Patil College Of Engineering & Innovation,Talegaon",'0683424510,Computer Engineering,Un-Aided Autonomous,Unknown,LOBCS,48892,85.4112341,L,S,OBC,B.Tech,2025,4
'06834,"Dr.D.Y.Patil College Of Engineering & Innovation,Talegaon",'0683424510,Computer Engineering,Un-Aided Autonomous,Unknown,TFWS,39980,88.1719651,T,S,TFWS,B.Tech,2025,4
'06834,"Dr.D.Y.Patil College Of Engineering & Innovation,Talegaon",'0683424510,Computer Engineering,Un-Aided Autonomous,Unknown,EWS,140236,49.1540892,E,S,EWS,B.Tech,2025,4
'06834,"Dr.D.Y.Patil College Of Engineering & Innovation,Talegaon",'0683424510,Computer Engineering,Un-Aided Autonomous,Unknown,PWDOPENS,42722,87.3196408,P,S,PWD,B.Tech,2025,4
'06834,"Dr.D.Y.Patil College Of Engineering & Innovation,Talegaon",'0683424510,Computer Engineering,Un-Aided Autonomous,Unknown,GSTS,49175,85.2215842,G,S,ST,B.Tech,2025,4
'06834,"Dr.D.Y.Patil College Of Engineering & Innovation,Talegaon",'0683424510,Computer Engineering,Un-Aided Autonomous,Unknown,LSTS,44812,86.6759630,L,S,ST,B.Tech,2025,4
'06834,"Dr.D.Y.Patil College Of Engineering & Innovation,Talegaon",'0683424510,Computer Engineering,Un-Aided Autonomous,Unknown,ORPHAN,49878,85.1002266,O,N,ORPHAN,B.Tech,2025,4
'06834,"Dr.D.Y.Patil College Of Engineering & Innovation,Talegaon",'0683426310,Artificial Intelligence (AI) and Data Science,Un-Aided Autonomous,Unknown,GOPENS,46738,85.9775360,G,S,OPEN,B.Tech,2025,4
'06834,"Dr.D.Y.Patil College Of Engineering & Innovation,Talegaon",'0683426310,Artificial Intelligence (AI) and Data Science,Un-Aided Autonomous,Unknown,GSCS,80423,75.1716925,G,S,SC,B.Tech,2025,4
'06834,"Dr.D.Y.Patil College Of Engineering & Innovation,Talegaon",'0683426310,Artificial Intelligence (AI) and Data Science,Un-Aided Autonomous,Unknown,GNT1S,59760,81.9705913,G,S,NT1,B.Tech,2025,4
'06834,"Dr.D.Y.Patil College Of Engineering & Innovation,Talegaon",'0683426310,Artificial Intelligence (AI) and Data Science,Un-Aided Autonomous,Unknown,GNT2S,48974,85.2260888,G,S,NT2,B.Tech,2025,4
'06834,"Dr.D.Y.Patil College Of Engineering & Innovation,Talegaon",'0683426310,Artificial Intelligence (AI) and Data Science,Un-Aided Autonomous,Unknown,GNT3S,62387,81.1295102,G,S,NT3,B.Tech,2025,4
'06834,"Dr.D.Y.Patil College Of Engineering & Innovation,Talegaon",'0683426310,Artificial Intelligence (AI) and Data Science,Un-Aided Autonomous,Unknown,GOBCS,50229,84.9728618,G,S,OBC,B.Tech,2025,4
'06834,"Dr.D.Y.Patil College Of Engineering & Innovation,Talegaon",'0683426310,Artificial Intelligence (AI) and Data Science,Un-Aided Autonomous,Unknown,GSEBCS,50158,84.9728618,G,S,SEBC,B.Tech,2025,4
'06834,"Dr.D.Y.Patil College Of Engineering & Innovation,Talegaon",'0683426310,Artificial Intelligence (AI) and Data Science,Un-Aided Autonomous,Unknown,LOPENS,37556,88.9550679,L,S,OPEN,B.Tech,2025,4
'06834,"Dr.D.Y.Patil College Of Engineering & Innovation,Talegaon",'0683426310,Artificial Intelligence (AI) and Data Science,Un-Aided Autonomous,Unknown,LSCS,84603,73.4722277,L,S,SC,B.Tech,2025,4
'06834,"Dr.D.Y.Patil College Of Engineering & Innovation,Talegaon",'0683426310,Artificial Intelligence (AI) and Data Science,Un-Aided Autonomous,Unknown,LVJS,126613,55.6405756,L,S,VJ,B.Tech,2025,4
'06834,"Dr.D.Y.Patil College Of Engineering & Innovation,Talegaon",'0683426310,Artificial Intelligence (AI) and Data Science,Un-Aided Autonomous,Unknown,LOBCS,47572,85.8824755,L,S,OBC,B.Tech,2025,4
'06834,"Dr.D.Y.Patil College Of Engineering & Innovation,Talegaon",'0683426310,Artificial Intelligence (AI) and Data Science,Un-Aided Autonomous,Unknown,LSEBCS,38537,88.6282029,L,S,SEBC,B.Tech,2025,4
'06834,"Dr.D.Y.Patil College Of Engineering & Innovation,Talegaon",'0683426310,Artificial Intelligence (AI) and Data Science,Un-Aided Autonomous,Unknown,DEFOPENS,80992,74.9785452,D,S,OPEN,B.Tech,2025,4
'06834,"Dr.D.Y.Patil College Of Engineering & Innovation,Talegaon",'0683426310,Artificial Intelligence (AI) and Data Science,Un-Aided Autonomous,Unknown,DEFOBCS,161241,36.1161649,D,S,OBC,B.Tech,2025,4
'06834,"Dr.D.Y.Patil College Of Engineering & Innovation,Talegaon",'0683426310,Artificial Intelligence (AI) and Data Science,Un-Aided Autonomous,Unknown,TFWS,27548,91.9726220,T,S,TFWS,B.Tech,2025,4
'06834,"Dr.D.Y.Patil College Of Engineering & Innovation,Talegaon",'0683426310,Artificial Intelligence (AI) and Data Science,Un-Aided Autonomous,Unknown,EWS,130343,53.7591782,E,S,EWS,B.Tech,2025,4
'06834,"Dr.D.Y.Patil College Of Engineering & Innovation,Talegaon",'0683426310,Artificial Intelligence (AI) and Data Science,Un-Aided Autonomous,Unknown,GSTS,50483,84.8811189,G,S,ST,B.Tech,2025,4
'06834,"Dr.D.Y.Patil College Of Engineering & Innovation,Talegaon",'0683426310,Artificial Intelligence (AI) and Data Science,Un-Aided Autonomous,Unknown,ORPHAN,50975,84.7618697,O,N,ORPHAN,B.Tech,2025,4
'06834,"Dr.D.Y.Patil College Of Engineering & Innovation,Talegaon",'0683492110,Artificial Intelligence and Machine Learning,Un-Aided Autonomous,Unknown,GOPENS,51859,84.4950314,G,S,OPEN,B.Tech,2025,4
'06834,"Dr.D.Y.Patil College Of Engineering & Innovation,Talegaon",'0683492110,Artificial Intelligence and Machine Learning,Un-Aided Autonomous,Unknown,GSCS,81034,74.9785452,G,S,SC,B.Tech,2025,4
'06834,"Dr.D.Y.Patil College Of Engineering & Innovation,Talegaon",'0683492110,Artificial Intelligence and Machine Learning,Un-Aided Autonomous,Unknown,GNT1S,77697,75.6522650,G,S,NT1,B.Tech,2025,4
'06834,"Dr.D.Y.Patil College Of Engineering & Innovation,Talegaon",'0683492110,Artificial Intelligence and Machine Learning,Un-Aided Autonomous,Unknown,GNT3S,53771,83.8802370,G,S,NT3,B.Tech,2025,4
'06834,"Dr.D.Y.Patil College Of Engineering & Innovation,Talegaon",'0683492110,Artificial Intelligence and Machine Learning,Un-Aided Autonomous,Unknown,GOBCS,54756,83.4924535,G,S,OBC,B.Tech,2025,4
'06834,"Dr.D.Y.Patil College Of Engineering & Innovation,Talegaon",'0683492110,Artificial Intelligence and Machine Learning,Un-Aided Autonomous,Unknown,GSEBCS,59547,82.1124479,G,S,SEBC,B.Tech,2025,4
'06834,"Dr.D.Y.Patil College Of Engineering & Innovation,Talegaon",'0683492110,Artificial Intelligence and Machine Learning,Un-Aided Autonomous,Unknown,LOPENS,50112,85.0571556,L,S,OPEN,B.Tech,2025,4
'06834,"Dr.D.Y.Patil College Of Engineering & Innovation,Talegaon",'0683492110,Artificial Intelligence and Machine Learning,Un-Aided Autonomous,Unknown,LOBCS,57115,82.8372770,L,S,OBC,B.Tech,2025,4
'06834,"Dr.D.Y.Patil College Of Engineering & Innovation,Talegaon",'0683492110,Artificial Intelligence and Machine Learning,Un-Aided Autonomous,Unknown,LSEBCS,58870,82.2162613,L,S,SEBC,B.Tech,2025,4
'06834,"Dr.D.Y.Patil College Of Engineering & Innovation,Talegaon",'0683492110,Artificial Intelligence and Machine Learning,Un-Aided Autonomous,Unknown,PWDOPENS,133019,52.5968356,P,S,PWD,B.Tech,2025,4
'06834,"Dr.D.Y.Patil College Of Engineering & Innovation,Talegaon",'0683492110,Artificial Intelligence and Machine Learning,Un-Aided Autonomous,Unknown,DEFOPENS,82198,74.0094972,D,S,OPEN,B.Tech,2025,4
'06834,"Dr.D.Y.Patil College Of Engineering & Innovation,Talegaon",'0683492110,Artificial Intelligence and Machine Learning,Un-Aided Autonomous,Unknown,DEFOBCS,139074,49.4020979,D,S,OBC,B.Tech,2025,4
'06834,"Dr.D.Y.Patil College Of Engineering & Innovation,Talegaon",'0683492110,Artificial Intelligence and Machine Learning,Un-Aided Autonomous,Unknown,TFWS,41174,87.7787039,T,S,TFWS,B.Tech,2025,4
'06834,"Dr.D.Y.Patil College Of Engineering & Innovation,Talegaon",'0683492110,Artificial Intelligence and Machine Learning,Un-Aided Autonomous,Unknown,EWS,176846,25.4595013,E,S,EWS,B.Tech,2025,4
'06834,"Dr.D.Y.Patil College Of Engineering & Innovation,Talegaon",'0683492110,Artificial Intelligence and Machine Learning,Un-Aided Autonomous,Unknown,GSTS,53865,83.8802370,G,S,ST,B.Tech,2025,4
'06834,"Dr.D.Y.Patil College Of Engineering & Innovation,Talegaon",'0683492110,Artificial Intelligence and Machine Learning,Un-Aided Autonomous,Unknown,LSTS,53088,84.0903324,L,S,ST,B.Tech,2025,4
'06839,"Dr. D Y Patil Pratishthan's College of Engineering, Kolhapur",'0683919110,Civil Engineering,Un-Aided,Unknown,GOPENH,103236,66.1695365,G,H,OPEN,B.Tech,2025,4
'06839,"Dr. D Y Patil Pratishthan's College of Engineering, Kolhapur",'0683919110,Civil Engineering,Un-Aided,Unknown,GNT2H,167770,32.1281783,G,H,NT2,B.Tech,2025,4
'06839,"Dr. D Y Patil Pratishthan's College of Engineering, Kolhapur",'0683919110,Civil Engineering,Un-Aided,Unknown,GOBCH,157076,39.3344201,G,H,OBC,B.Tech,2025,4
'06839,"Dr. D Y Patil Pratishthan's College of Engineering, Kolhapur",'0683919110,Civil Engineering,Un-Aided,Unknown,GSEBCH,124378,56.8426573,G,H,SEBC,B.Tech,2025,4
'06839,"Dr. D Y Patil Pratishthan's College of Engineering, Kolhapur",'0683919110,Civil Engineering,Un-Aided,Unknown,LNT2H,182375,21.5408750,L,H,NT2,B.Tech,2025,4
'06839,"Dr. D Y Patil Pratishthan's College of Engineering, Kolhapur",'0683919110,Civil Engineering,Un-Aided,Unknown,GSTH,124704,56.6213771,G,H,ST,B.Tech,2025,4
'06839,"Dr. D Y Patil Pratishthan's College of Engineering, Kolhapur",'0683919110,Civil Engineering,Un-Aided,Unknown,GVJH,125142,56.5039753,G,H,VJ,B.Tech,2025,4
'06839,"Dr. D Y Patil Pratishthan's College of Engineering, Kolhapur",'0683924210,Computer Science and Engineering,Un-Aided,Unknown,GOPENH,77622,75.6522650,G,H,OPEN,B.Tech,2025,4
'06839,"Dr. D Y Patil Pratishthan's College of Engineering, Kolhapur",'0683924210,Computer Science and Engineering,Un-Aided,Unknown,GVJH,97020,68.4887011,G,H,VJ,B.Tech,2025,4
'06839,"Dr. D Y Patil Pratishthan's College of Engineering, Kolhapur",'0683924210,Computer Science and Engineering,Un-Aided,Unknown,GNT1H,136943,50.5909012,G,H,NT1,B.Tech,2025,4
'06839,"Dr. D Y Patil Pratishthan's College of Engineering, Kolhapur",'0683924210,Computer Science and Engineering,Un-Aided,Unknown,GNT2H,125846,55.9381337,G,H,NT2,B.Tech,2025,4
'06839,"Dr. D Y Patil Pratishthan's College of Engineering, Kolhapur",'0683924210,Computer Science and Engineering,Un-Aided,Unknown,GOBCH,112572,62.1365556,G,H,OBC,B.Tech,2025,4
'06839,"Dr. D Y Patil Pratishthan's College of Engineering, Kolhapur",'0683924210,Computer Science and Engineering,Un-Aided,Unknown,GSEBCH,83876,73.6159498,G,H,SEBC,B.Tech,2025,4
'06839,"Dr. D Y Patil Pratishthan's College of Engineering, Kolhapur",'0683924210,Computer Science and Engineering,Un-Aided,Unknown,LNT1H,118303,59.3210117,L,H,NT1,B.Tech,2025,4
'06839,"Dr. D Y Patil Pratishthan's College of Engineering, Kolhapur",'0683924210,Computer Science and Engineering,Un-Aided,Unknown,PWDOBCH,101699,66.4263323,P,H,PWD,B.Tech,2025,4
'06839,"Dr. D Y Patil Pratishthan's College of Engineering, Kolhapur",'0683924210,Computer Science and Engineering,Un-Aided,Unknown,GSTH,85455,73.1347962,G,H,ST,B.Tech,2025,4
'06839,"Dr. D Y Patil Pratishthan's College of Engineering, Kolhapur",'0683929310,Electrical Engineering,Un-Aided,Unknown,GOPENH,93224,70.2033567,G,H,OPEN,B.Tech,2025,4
'06839,"Dr. D Y Patil Pratishthan's College of Engineering, Kolhapur",'0683929310,Electrical Engineering,Un-Aided,Unknown,GOBCH,110935,62.9184580,G,H,OBC,B.Tech,2025,4
'06839,"Dr. D Y Patil Pratishthan's College of Engineering, Kolhapur",'0683929310,Electrical Engineering,Un-Aided,Unknown,GSEBCH,102890,66.2972028,G,H,SEBC,B.Tech,2025,4
'06839,"Dr. D Y Patil Pratishthan's College of Engineering, Kolhapur",'0683929310,Electrical Engineering,Un-Aided,Unknown,LOPENH,92297,70.5072010,L,H,OPEN,B.Tech,2025,4
'06839,"Dr. D Y Patil Pratishthan's College of Engineering, Kolhapur",'0683991210,Computer Science and Engineering(Data Science),Un-Aided,Unknown,GOPENH,73545,77.1618860,G,H,OPEN,B.Tech,2025,4
'06839,"Dr. D Y Patil Pratishthan's College of Engineering, Kolhapur",'0683991210,Computer Science and Engineering(Data Science),Un-Aided,Unknown,LOPENH,85130,73.2612864,L,H,OPEN,B.Tech,2025,4
'06839,"Dr. D Y Patil Pratishthan's College of Engineering, Kolhapur",'0683991210,Computer Science and Engineering(Data Science),Un-Aided,Unknown,LSEBCH,87658,72.1028020,L,H,SEBC,B.Tech,2025,4
'06839,"Dr. D Y Patil Pratishthan's College of Engineering, Kolhapur",'0683991210,Computer Science and Engineering(Data Science),Un-Aided,Unknown,LSTH,91134,71.0971787,L,H,ST,B.Tech,2025,4
'06878,"Dr. A. D. Shinde College Of Engineering, Tal.Gadhinglaj, Kolhapur",'0687819110,Civil Engineering,Un-Aided,Unknown,GOPENO,150730,43.0314730,G,O,OPEN,B.Tech,2025,4
'06878,"Dr. A. D. Shinde College Of Engineering, Tal.Gadhinglaj, Kolhapur",'0687824210,Computer Science and Engineering,Un-Aided,Unknown,GOPENH,135873,50.8281802,G,H,OPEN,B.Tech,2025,4
'06878,"Dr. A. D. Shinde College Of Engineering, Tal.Gadhinglaj, Kolhapur",'0687824210,Computer Science and Engineering,Un-Aided,Unknown,LOPENH,177976,24.8659004,L,H,OPEN,B.Tech,2025,4
'06878,"Dr. A. D. Shinde College Of Engineering, Tal.Gadhinglaj, Kolhapur",'0687824210,Computer Science and Engineering,Un-Aided,Unknown,GSCH,183781,19.8246656,G,H,SC,B.Tech,2025,4
'06878,"Dr. A. D. Shinde College Of Engineering, Tal.Gadhinglaj, Kolhapur",'0687824210,Computer Science and Engineering,Un-Aided,Unknown,GNT2H,157571,39.2328654,G,H,NT2,B.Tech,2025,4
'06878,"Dr. A. D. Shinde College Of Engineering, Tal.Gadhinglaj, Kolhapur",'0687824210,Computer Science and Engineering,Un-Aided,Unknown,GOBCH,182909,20.6428039,G,H,OBC,B.Tech,2025,4
'06878,"Dr. A. D. Shinde College Of Engineering, Tal.Gadhinglaj, Kolhapur",'0687825910,Mechanical and Mechatronics Engineering (Additive Manufacturing),Un-Aided,Unknown,GOPENH,199813,5.0214955,G,H,OPEN,B.Tech,2025,4
'06878,"Dr. A. D. Shinde College Of Engineering, Tal.Gadhinglaj, Kolhapur",'0687890010,Electronics and Computer Science,Un-Aided,Unknown,LOPENH,202660,1.5757364,L,H,OPEN,B.Tech,2025,4
'06878,"Dr. A. D. Shinde College Of Engineering, Tal.Gadhinglaj, Kolhapur",'0687891110,Computer Science and Engineering(Artificial Intelligence and Machine Learning),Un-Aided,Unknown,LOPENH,142176,47.7841578,L,H,OPEN,B.Tech,2025,4
'06878,"Dr. A. D. Shinde College Of Engineering, Tal.Gadhinglaj, Kolhapur",'0687891110,Computer Science and Engineering(Artificial Intelligence and Machine Learning),Un-Aided,Unknown,GOBCH,100346,67.2177090,G,H,OBC,B.Tech,2025,4
'06901,"MAEER's MIT College of Railway Engineering and Research, Jamgaon, Barshi",'0690119110,Civil Engineering,Un-Aided,Unknown,GOPENH,180030,22.8214173,G,H,OPEN,B.Tech,2025,4
'06901,"MAEER's MIT College of Railway Engineering and Research, Jamgaon, Barshi",'0690124210,Computer Science and Engineering,Un-Aided,Unknown,GOPENH,84003,73.6159498,G,H,OPEN,B.Tech,2025,4
'06901,"MAEER's MIT College of Railway Engineering and Research, Jamgaon, Barshi",'0690137210,Electronics and Telecommunication Engg,Un-Aided,Unknown,GOPENH,176753,25.4595013,G,H,OPEN,B.Tech,2025,4
'06901,"MAEER's MIT College of Railway Engineering and Research, Jamgaon, Barshi",'0690137210,Electronics and Telecommunication Engg,Un-Aided,Unknown,LOPENH,131583,53.2657343,L,H,OPEN,B.Tech,2025,4
'06901,"MAEER's MIT College of Railway Engineering and Research, Jamgaon, Barshi",'0690137210,Electronics and Telecommunication Engg,Un-Aided,Unknown,LOBCH,131862,53.2657343,L,H,OBC,B.Tech,2025,4
'06901,"MAEER's MIT College of Railway Engineering and Research, Jamgaon, Barshi",'0690137210,Electronics and Telecommunication Engg,Un-Aided,Unknown,PWDOPENH,133944,52.1817116,P,H,PWD,B.Tech,2025,4
'06901,"MAEER's MIT College of Railway Engineering and Research, Jamgaon, Barshi",'0690137210,Electronics and Telecommunication Engg,Un-Aided,Unknown,LSTH,143930,47.0502678,L,H,ST,B.Tech,2025,4
'06901,"MAEER's MIT College of Railway Engineering and Research, Jamgaon, Barshi",'0690158510,MECHANICAL AND RAIL ENGINEERING,Un-Aided,Unknown,GVJH,152507,42.2674623,G,H,VJ,B.Tech,2025,4
'06901,"MAEER's MIT College of Railway Engineering and Research, Jamgaon, Barshi",'0690158510,MECHANICAL AND RAIL ENGINEERING,Un-Aided,Unknown,GSEBCH,121742,57.8195751,G,H,SEBC,B.Tech,2025,4
'06901,"MAEER's MIT College of Railway Engineering and Research, Jamgaon, Barshi",'0690184410,Electronics and Computer Engineering,Un-Aided,Unknown,LSCH,133230,52.3622324,L,H,SC,B.Tech,2025,4
'06901,"MAEER's MIT College of Railway Engineering and Research, Jamgaon, Barshi",'0690184410,Electronics and Computer Engineering,Un-Aided,Unknown,LSTH,136841,50.5909012,L,H,ST,B.Tech,2025,4
'06938,Shree Siddheshwar Women's College Of Engineering Solapur.,'0693824250F,Computer Science and Engineering,Un-Aided Home University : Punyashlok Ahilyadevi Holkar Solapur University,Punyashlok Ahilyadevi Holkar Solapur University,LSCH,178212,24.7167509,L,H,SC,B.Tech,2025,4
'06938,Shree Siddheshwar Women's College Of Engineering Solapur.,'0693824250F,Computer Science and Engineering,Un-Aided Home University : Punyashlok Ahilyadevi Holkar Solapur University,Punyashlok Ahilyadevi Holkar Solapur University,PWDOBCH,89064,71.5830116,P,H,PWD,B.Tech,2025,4
'06938,Shree Siddheshwar Women's College Of Engineering Solapur.,'0693824250F,Computer Science and Engineering,Un-Aided Home University : Punyashlok Ahilyadevi Holkar Solapur University,Punyashlok Ahilyadevi Holkar Solapur University,LSTH,83111,73.6345056,L,H,ST,B.Tech,2025,4
'06938,Shree Siddheshwar Women's College Of Engineering Solapur.,'0693829350F,Electrical Engineering,Un-Aided Home University : Punyashlok Ahilyadevi Holkar Solapur University,Punyashlok Ahilyadevi Holkar Solapur University,EWS,109901,63.3986014,E,S,EWS,B.Tech,2025,4
'06938,Shree Siddheshwar Women's College Of Engineering Solapur.,'0693837250F,Electronics and Telecommunication Engg,Un-Aided Home University : Punyashlok Ahilyadevi Holkar Solapur University,Punyashlok Ahilyadevi Holkar Solapur University,LOPENH,129000,54.4314351,L,H,OPEN,B.Tech,2025,4
'06938,Shree Siddheshwar Women's College Of Engineering Solapur.,'0693837250F,Electronics and Telecommunication Engg,Un-Aided Home University : Punyashlok Ahilyadevi Holkar Solapur University,Punyashlok Ahilyadevi Holkar Solapur University,LNT2H,150829,43.0314730,L,H,NT2,B.Tech,2025,4
'06938,Shree Siddheshwar Women's College Of Engineering Solapur.,'0693837250F,Electronics and Telecommunication Engg,Un-Aided Home University : Punyashlok Ahilyadevi Holkar Solapur University,Punyashlok Ahilyadevi Holkar Solapur University,LOBCH,143030,47.1398578,L,H,OBC,B.Tech,2025,4
'06938,Shree Siddheshwar Women's College Of Engineering Solapur.,'0693884450F,Electronics and Computer Engineering,Un-Aided Home University : Punyashlok Ahilyadevi Holkar Solapur University,Punyashlok Ahilyadevi Holkar Solapur University,LOPENH,134481,51.7009371,L,H,OPEN,B.Tech,2025,4
'06938,Shree Siddheshwar Women's College Of Engineering Solapur.,'0693892550F,Computer Science and Engineering (Artificial Intelligence and Data Science),Un-Aided Home University : Punyashlok Ahilyadevi Holkar Solapur University,Punyashlok Ahilyadevi Holkar Solapur University,LOPENH,92723,70.5005064,L,H,OPEN,B.Tech,2025,4
'06938,Shree Siddheshwar Women's College Of Engineering Solapur.,'0693892550F,Computer Science and Engineering (Artificial Intelligence and Data Science),Un-Aided Home University : Punyashlok Ahilyadevi Holkar Solapur University,Punyashlok Ahilyadevi Holkar Solapur University,LSTH,113206,61.7969670,L,H,ST,B.Tech,2025,4
'06991,"Dr. D.Y. Patil Technical Campus, Varale, Talegaon, Pune",'0699124510,Computer Engineering,Un-Aided,Unknown,GOPENH,68491,79.0279720,G,H,OPEN,B.Tech,2025,4
'06991,"Dr. D.Y. Patil Technical Campus, Varale, Talegaon, Pune",'0699124510,Computer Engineering,Un-Aided,Unknown,GSCH,99313,67.8236662,G,H,SC,B.Tech,2025,4
'06991,"Dr. D.Y. Patil Technical Campus, Varale, Talegaon, Pune",'0699124510,Computer Engineering,Un-Aided,Unknown,GNT2H,78830,75.4048881,G,H,NT2,B.Tech,2025,4
'06991,"Dr. D.Y. Patil Technical Campus, Varale, Talegaon, Pune",'0699124510,Computer Engineering,Un-Aided,Unknown,GOBCH,82013,74.0630785,G,H,OBC,B.Tech,2025,4
'06991,"Dr. D.Y. Patil Technical Campus, Varale, Talegaon, Pune",'0699124510,Computer Engineering,Un-Aided,Unknown,GSEBCH,92446,70.5072010,G,H,SEBC,B.Tech,2025,4
'06991,"Dr. D.Y. Patil Technical Campus, Varale, Talegaon, Pune",'0699124510,Computer Engineering,Un-Aided,Unknown,LOPENH,65586,79.9809712,L,H,OPEN,B.Tech,2025,4
'06991,"Dr. D.Y. Patil Technical Campus, Varale, Talegaon, Pune",'0699124510,Computer Engineering,Un-Aided,Unknown,LNT3H,105738,65.3084343,L,H,NT3,B.Tech,2025,4
'06991,"Dr. D.Y. Patil Technical Campus, Varale, Talegaon, Pune",'0699124510,Computer Engineering,Un-Aided,Unknown,LOBCH,81038,74.9785452,L,H,OBC,B.Tech,2025,4
'06991,"Dr. D.Y. Patil Technical Campus, Varale, Talegaon, Pune",'0699124510,Computer Engineering,Un-Aided,Unknown,LSEBCH,94285,69.4936445,L,H,SEBC,B.Tech,2025,4
'06991,"Dr. D.Y. Patil Technical Campus, Varale, Talegaon, Pune",'0699124510,Computer Engineering,Un-Aided,Unknown,PWDOPENH,54289,83.7239356,P,H,PWD,B.Tech,2025,4
'06991,"Dr. D.Y. Patil Technical Campus, Varale, Talegaon, Pune",'0699124510,Computer Engineering,Un-Aided,Unknown,PWDSCH,83619,73.6328536,P,H,PWD,B.Tech,2025,4
'06991,"Dr. D.Y. Patil Technical Campus, Varale, Talegaon, Pune",'0699124510,Computer Engineering,Un-Aided,Unknown,GSTH,70014,78.5512207,G,H,ST,B.Tech,2025,4
'06991,"Dr. D.Y. Patil Technical Campus, Varale, Talegaon, Pune",'0699124510,Computer Engineering,Un-Aided,Unknown,LSTH,68489,79.0279720,L,H,ST,B.Tech,2025,4
'06991,"Dr. D.Y. Patil Technical Campus, Varale, Talegaon, Pune",'0699156610,Computer Science,Un-Aided,Unknown,GOPENH,66831,79.6986029,G,H,OPEN,B.Tech,2025,4
'06991,"Dr. D.Y. Patil Technical Campus, Varale, Talegaon, Pune",'0699156610,Computer Science,Un-Aided,Unknown,GSCH,88739,71.6607627,G,H,SC,B.Tech,2025,4
'06991,"Dr. D.Y. Patil Technical Campus, Varale, Talegaon, Pune",'0699156610,Computer Science,Un-Aided,Unknown,GOBCH,82074,74.0630785,G,H,OBC,B.Tech,2025,4
'06991,"Dr. D.Y. Patil Technical Campus, Varale, Talegaon, Pune",'0699156610,Computer Science,Un-Aided,Unknown,GSEBCH,89550,71.5562808,G,H,SEBC,B.Tech,2025,4
'06991,"Dr. D.Y. Patil Technical Campus, Varale, Talegaon, Pune",'0699156610,Computer Science,Un-Aided,Unknown,LOPENH,59034,82.1358690,L,H,OPEN,B.Tech,2025,4
'06991,"Dr. D.Y. Patil Technical Campus, Varale, Talegaon, Pune",'0699156610,Computer Science,Un-Aided,Unknown,LNT2H,118644,59.2797111,L,H,NT2,B.Tech,2025,4
'06991,"Dr. D.Y. Patil Technical Campus, Varale, Talegaon, Pune",'0699156610,Computer Science,Un-Aided,Unknown,LNT3H,113216,61.7969670,L,H,NT3,B.Tech,2025,4
'06991,"Dr. D.Y. Patil Technical Campus, Varale, Talegaon, Pune",'0699156610,Computer Science,Un-Aided,Unknown,LOBCH,67019,79.6925092,L,H,OBC,B.Tech,2025,4
'06991,"Dr. D.Y. Patil Technical Campus, Varale, Talegaon, Pune",'0699156610,Computer Science,Un-Aided,Unknown,GSTH,75504,76.7694659,G,H,ST,B.Tech,2025,4
'06991,"Dr. D.Y. Patil Technical Campus, Varale, Talegaon, Pune",'0699156610,Computer Science,Un-Aided,Unknown,LSTH,73703,77.1296846,L,H,ST,B.Tech,2025,4
'06991,"Dr. D.Y. Patil Technical Campus, Varale, Talegaon, Pune",'0699184410,Electronics and Computer Engineering,Un-Aided,Unknown,GOPENH,86092,72.8948543,G,H,OPEN,B.Tech,2025,4
'06991,"Dr. D.Y. Patil Technical Campus, Varale, Talegaon, Pune",'0699184410,Electronics and Computer Engineering,Un-Aided,Unknown,GSCH,111820,62.1412608,G,H,SC,B.Tech,2025,4
'06991,"Dr. D.Y. Patil Technical Campus, Varale, Talegaon, Pune",'0699184410,Electronics and Computer Engineering,Un-Aided,Unknown,GOBCH,94648,69.4561708,G,H,OBC,B.Tech,2025,4
'06991,"Dr. D.Y. Patil Technical Campus, Varale, Talegaon, Pune",'0699184410,Electronics and Computer Engineering,Un-Aided,Unknown,GSEBCH,107845,64.2631037,G,H,SEBC,B.Tech,2025,4
'06991,"Dr. D.Y. Patil Technical Campus, Varale, Talegaon, Pune",'0699184410,Electronics and Computer Engineering,Un-Aided,Unknown,LOPENH,76225,76.6755200,L,H,OPEN,B.Tech,2025,4
'06991,"Dr. D.Y. Patil Technical Campus, Varale, Talegaon, Pune",'0699184410,Electronics and Computer Engineering,Un-Aided,Unknown,LSCH,125915,55.9381337,L,H,SC,B.Tech,2025,4
'06991,"Dr. D.Y. Patil Technical Campus, Varale, Talegaon, Pune",'0699184410,Electronics and Computer Engineering,Un-Aided,Unknown,PWDSEBCH,107501,64.3453843,P,H,PWD,B.Tech,2025,4
'06991,"Dr. D.Y. Patil Technical Campus, Varale, Talegaon, Pune",'0699184410,Electronics and Computer Engineering,Un-Aided,Unknown,GSTH,87622,72.1028020,G,H,ST,B.Tech,2025,4
'06991,"Dr. D.Y. Patil Technical Campus, Varale, Talegaon, Pune",'0699199510,Artificial Intelligence and Data Science,Un-Aided,Unknown,GOPENH,67253,79.6925092,G,H,OPEN,B.Tech,2025,4
'06991,"Dr. D.Y. Patil Technical Campus, Varale, Talegaon, Pune",'0699199510,Artificial Intelligence and Data Science,Un-Aided,Unknown,GSCH,111808,62.1412608,G,H,SC,B.Tech,2025,4
'06991,"Dr. D.Y. Patil Technical Campus, Varale, Talegaon, Pune",'0699199510,Artificial Intelligence and Data Science,Un-Aided,Unknown,GNT2H,75509,76.7694659,G,H,NT2,B.Tech,2025,4
'06991,"Dr. D.Y. Patil Technical Campus, Varale, Talegaon, Pune",'0699199510,Artificial Intelligence and Data Science,Un-Aided,Unknown,GOBCH,73477,77.1618860,G,H,OBC,B.Tech,2025,4
'06991,"Dr. D.Y. Patil Technical Campus, Varale, Talegaon, Pune",'0699199510,Artificial Intelligence and Data Science,Un-Aided,Unknown,GSEBCH,67504,79.6033896,G,H,SEBC,B.Tech,2025,4
'06991,"Dr. D.Y. Patil Technical Campus, Varale, Talegaon, Pune",'0699199510,Artificial Intelligence and Data Science,Un-Aided,Unknown,LOPENH,56132,83.0707711,L,H,OPEN,B.Tech,2025,4
'06991,"Dr. D.Y. Patil Technical Campus, Varale, Talegaon, Pune",'0699199510,Artificial Intelligence and Data Science,Un-Aided,Unknown,LOBCH,58367,82.3736697,L,H,OBC,B.Tech,2025,4
'06991,"Dr. D.Y. Patil Technical Campus, Varale, Talegaon, Pune",'0699199510,Artificial Intelligence and Data Science,Un-Aided,Unknown,PWDOBCH,65682,79.9809712,P,H,PWD,B.Tech,2025,4
'06991,"Dr. D.Y. Patil Technical Campus, Varale, Talegaon, Pune",'0699199510,Artificial Intelligence and Data Science,Un-Aided,Unknown,GSTH,68113,79.3004726,G,H,ST,B.Tech,2025,4
'06991,"Dr. D.Y. Patil Technical Campus, Varale, Talegaon, Pune",'0699199510,Artificial Intelligence and Data Science,Un-Aided,Unknown,LSTH,72902,77.2287062,L,H,ST,B.Tech,2025,4
'14005,"Laxminarayan Innovation Technological University, Nagpur",'1400550110,Plastic and Polymer Engineering,University Autonomous,Unknown,LOPENS,44484,86.7181467,L,S,OPEN,B.Tech,2025,4
'14005,"Laxminarayan Innovation Technological University, Nagpur",'1400550110,Plastic and Polymer Engineering,University Autonomous,Unknown,EWS,112938,62.0615406,E,S,EWS,B.Tech,2025,4
'14005,"Laxminarayan Innovation Technological University, Nagpur",'1400550310,Food Technology,University Autonomous,Unknown,GOPENS,7011,98.0953262,G,S,OPEN,B.Tech,2025,4
'14005,"Laxminarayan Innovation Technological University, Nagpur",'1400550310,Food Technology,University Autonomous,Unknown,TFWS,12880,0.0000000,T,S,TFWS,B.Tech,2025,4
'14005,"Laxminarayan Innovation Technological University, Nagpur",'1400550710,Chemical Engineering,University Autonomous,Unknown,GOPENS,14687,95.7887398,G,S,OPEN,B.Tech,2025,4
'14005,"Laxminarayan Innovation Technological University, Nagpur",'1400550710,Chemical Engineering,University Autonomous,Unknown,GVJS,75866,76.7635852,G,S,VJ,B.Tech,2025,4
'14005,"Laxminarayan Innovation Technological University, Nagpur",'1400550710,Chemical Engineering,University Autonomous,Unknown,GOBCS,15452,95.5839161,G,S,OBC,B.Tech,2025,4
'14005,"Laxminarayan Innovation Technological University, Nagpur",'1400550710,Chemical Engineering,University Autonomous,Unknown,LOPENS,21060,93.8910884,L,S,OPEN,B.Tech,2025,4
'14005,"Laxminarayan Innovation Technological University, Nagpur",'1400550710,Chemical Engineering,University Autonomous,Unknown,LSCS,41389,87.7785554,L,S,SC,B.Tech,2025,4
'14005,"Laxminarayan Innovation Technological University, Nagpur",'1400550710,Chemical Engineering,University Autonomous,Unknown,EWS,45274,86.6223776,E,S,EWS,B.Tech,2025,4
'14005,"Laxminarayan Innovation Technological University, Nagpur",'1400550710,Chemical Engineering,University Autonomous,Unknown,ORPHAN,16802,95.1359923,O,N,ORPHAN,B.Tech,2025,4
'14005,"Laxminarayan Innovation Technological University, Nagpur",'1400552410,Paper and Pulp Technology,University Autonomous,Unknown,LOBCS,77477,75.6538462,L,S,OBC,B.Tech,2025,4
'14005,"Laxminarayan Innovation Technological University, Nagpur",'1400552710,Petro Chemical Engineering,University Autonomous,Unknown,GOPENS,22272,93.5279941,G,S,OPEN,B.Tech,2025,4
'14005,"Laxminarayan Innovation Technological University, Nagpur",'1400572910,Surface Coating Technology,University Autonomous,Unknown,GOPENS,18952,94.5314685,G,S,OPEN,B.Tech,2025,4
'14005,"Laxminarayan Innovation Technological University, Nagpur",'1400572910,Surface Coating Technology,University Autonomous,Unknown,EWS,65101,80.0000000,E,S,EWS,B.Tech,2025,4
'16006,COEP Technological University,'1600619110,Civil Engineering,University Autonomous,Unknown,GSCS,10807,96.9112777,G,S,SC,B.Tech,2025,4
'16006,COEP Technological University,'1600619110,Civil Engineering,University Autonomous,Unknown,GSTS,48564,85.5207245,G,S,ST,B.Tech,2025,4
'16006,COEP Technological University,'1600619110,Civil Engineering,University Autonomous,Unknown,GOBCS,4602,98.6404044,G,S,OBC,B.Tech,2025,4
'16006,COEP Technological University,'1600619110,Civil Engineering,University Autonomous,Unknown,LSCS,29375,91.3593874,L,S,SC,B.Tech,2025,4
'16006,COEP Technological University,'1600619110,Civil Engineering,University Autonomous,Unknown,LNT3S,25451,92.5745163,L,S,NT3,B.Tech,2025,4
'16006,COEP Technological University,'1600619110,Civil Engineering,University Autonomous,Unknown,DEFOPENS,12368,96.4685376,D,S,OPEN,B.Tech,2025,4
'16006,COEP Technological University,'1600619110,Civil Engineering,University Autonomous,Unknown,ORPHAN,4475,98.6879249,O,N,ORPHAN,B.Tech,2025,4
'16006,COEP Technological University,'1600624210,Computer Science and Engineering,University Autonomous,Unknown,GOPENS,913,99.6725154,G,S,OPEN,B.Tech,2025,4
'16006,COEP Technological University,'1600624210,Computer Science and Engineering,University Autonomous,Unknown,GSCS,9019,97.4069026,G,S,SC,B.Tech,2025,4
'16006,COEP Technological University,'1600624210,Computer Science and Engineering,University Autonomous,Unknown,GSTS,23752,93.0875099,G,S,ST,B.Tech,2025,4
'16006,COEP Technological University,'1600624210,Computer Science and Engineering,University Autonomous,Unknown,GOBCS,974,99.6573427,G,S,OBC,B.Tech,2025,4
'16006,COEP Technological University,'1600624210,Computer Science and Engineering,University Autonomous,Unknown,LSEBCS,1843,99.4073910,L,S,SEBC,B.Tech,2025,4
'16006,COEP Technological University,'1600624210,Computer Science and Engineering,University Autonomous,Unknown,EWS,1549,99.4953774,E,S,EWS,B.Tech,2025,4
'16006,COEP Technological University,'1600629310,Electrical Engineering,University Autonomous,Unknown,GOPENS,2016,99.3595406,G,S,OPEN,B.Tech,2025,4
'16006,COEP Technological University,'1600629310,Electrical Engineering,University Autonomous,Unknown,GSCS,11718,96.6549667,G,S,SC,B.Tech,2025,4
'16006,COEP Technological University,'1600629310,Electrical Engineering,University Autonomous,Unknown,GVJS,8418,97.5766142,G,S,VJ,B.Tech,2025,4
'16006,COEP Technological University,'1600629310,Electrical Engineering,University Autonomous,Unknown,LOPENS,2963,99.1054034,L,S,OPEN,B.Tech,2025,4
'16006,COEP Technological University,'1600629310,Electrical Engineering,University Autonomous,Unknown,PWDOPENS,52766,84.1131441,P,S,PWD,B.Tech,2025,4
'16006,COEP Technological University,'1600629310,Electrical Engineering,University Autonomous,Unknown,EWS,4326,98.7237762,E,S,EWS,B.Tech,2025,4
'16006,COEP Technological University,'1600629310,Electrical Engineering,University Autonomous,Unknown,PWDOBCS,2443,99.2447552,P,S,PWD,B.Tech,2025,4
'16006,COEP Technological University,'1600629310,Electrical Engineering,University Autonomous,Unknown,PWDSEBCS,3820,98.8506155,P,S,PWD,B.Tech,2025,4
'16006,COEP Technological University,'1600637210,Electronics and Telecommunication Engg,University Autonomous,Unknown,GOPENS,1332,99.5546231,G,S,OPEN,B.Tech,2025,4
'16006,COEP Technological University,'1600637210,Electronics and Telecommunication Engg,University Autonomous,Unknown,GOBCS,1392,99.5313271,G,S,OBC,B.Tech,2025,4
'16006,COEP Technological University,'1600637210,Electronics and Telecommunication Engg,University Autonomous,Unknown,LOPENS,1516,99.4990259,L,S,OPEN,B.Tech,2025,4
'16006,COEP Technological University,'1600637210,Electronics and Telecommunication Engg,University Autonomous,Unknown,TFWS,1364,99.5412369,T,S,TFWS,B.Tech,2025,4
'16006,COEP Technological University,'1600637210,Electronics and Telecommunication Engg,University Autonomous,Unknown,EWS,2278,99.2859853,E,S,EWS,B.Tech,2025,4
'16006,COEP Technological University,'1600637210,Electronics and Telecommunication Engg,University Autonomous,Unknown,PWDSEBCS,1647,99.4662839,P,S,PWD,B.Tech,2025,4
'16006,COEP Technological University,'1600646410,Instrumentation and Control Engineering,University Autonomous,Unknown,GOPENS,2116,99.3347266,G,S,OPEN,B.Tech,2025,4
'16006,COEP Technological University,'1600646410,Instrumentation and Control Engineering,University Autonomous,Unknown,GOBCS,3021,99.0864904,G,S,OBC,B.Tech,2025,4
'16006,COEP Technological University,'1600646410,Instrumentation and Control Engineering,University Autonomous,Unknown,LOPENS,3141,99.0457271,L,S,OPEN,B.Tech,2025,4
'16006,COEP Technological University,'1600646410,Instrumentation and Control Engineering,University Autonomous,Unknown,EWS,4529,98.6661987,E,S,EWS,B.Tech,2025,4
'16006,COEP Technological University,'1600661210,Mechanical Engineering,University Autonomous,Unknown,GOPENS,2281,99.2859853,G,S,OPEN,B.Tech,2025,4
'16006,COEP Technological University,'1600661210,Mechanical Engineering,University Autonomous,Unknown,GSTS,56739,82.8811189,G,S,ST,B.Tech,2025,4
'16006,COEP Technological University,'1600661210,Mechanical Engineering,University Autonomous,Unknown,GOBCS,2463,99.2350948,G,S,OBC,B.Tech,2025,4
'16006,COEP Technological University,'1600661210,Mechanical Engineering,University Autonomous,Unknown,GSEBCS,4222,98.7555167,G,S,SEBC,B.Tech,2025,4
'16006,COEP Technological University,'1600661210,Mechanical Engineering,University Autonomous,Unknown,LSEBCS,8235,97.6503399,L,S,SEBC,B.Tech,2025,4
'16006,COEP Technological University,'1600661210,Mechanical Engineering,University Autonomous,Unknown,PWDOPENS,69395,78.6167398,P,S,PWD,B.Tech,2025,4
'16006,COEP Technological University,'1600662710,Manufacturing Science and Engineering,University Autonomous,Unknown,GOPENS,3224,99.0285279,G,S,OPEN,B.Tech,2025,4
'16006,COEP Technological University,'1600662710,Manufacturing Science and Engineering,University Autonomous,Unknown,GSTS,61559,81.2846613,G,S,ST,B.Tech,2025,4
'16006,COEP Technological University,'1600662710,Manufacturing Science and Engineering,University Autonomous,Unknown,PWDOBCS,149187,43.6588740,P,S,PWD,B.Tech,2025,4
'16006,COEP Technological University,'1600662710,Manufacturing Science and Engineering,University Autonomous,Unknown,EWS,6631,98.0868006,E,S,EWS,B.Tech,2025,4
'16006,COEP Technological University,'1600669410,Metallurgy and Material Technology,University Autonomous,Unknown,GOPENS,4502,98.6838838,G,S,OPEN,B.Tech,2025,4
'16006,COEP Technological University,'1600669410,Metallurgy and Material Technology,University Autonomous,Unknown,LOPENS,3932,98.8330902,L,S,OPEN,B.Tech,2025,4
'16006,COEP Technological University,'1600669410,Metallurgy and Material Technology,University Autonomous,Unknown,EWS,6841,98.0239354,E,S,EWS,B.Tech,2025,4
'16006,COEP Technological University,'1600692110,Artificial Intelligence and Machine Learning,University Autonomous,Unknown,GOBCS,994,99.6461373,G,S,OBC,B.Tech,2025,4
'16006,COEP Technological University,'1600692110,Artificial Intelligence and Machine Learning,University Autonomous,Unknown,LOPENS,1541,99.4965035,L,S,OPEN,B.Tech,2025,4
'16006,COEP Technological University,'1600692110,Artificial Intelligence and Machine Learning,University Autonomous,Unknown,LOBCS,1786,99.4202089,L,S,OBC,B.Tech,2025,4
'16006,COEP Technological University,'1600692110,Artificial Intelligence and Machine Learning,University Autonomous,Unknown,PWDOPENS,17498,94.9425795,P,S,PWD,B.Tech,2025,4
'16006,COEP Technological University,'1600692110,Artificial Intelligence and Machine Learning,University Autonomous,Unknown,EWS,1595,99.4805648,E,S,EWS,B.Tech,2025,4
'16121,"Shri. Anandrao Abitkar College of Engineering, Pal",'1612119110,Civil Engineering,Un-Aided Home University : Shivaji University,Shivaji University,GSCH,176362,25.5643537,G,H,SC,B.Tech,2025,4
'16121,"Shri. Anandrao Abitkar College of Engineering, Pal",'1612124510,Computer Engineering,Un-Aided Home University : Shivaji University,Shivaji University,GOBCH,170608,29.5314685,G,H,OBC,B.Tech,2025,4
'16121,"Shri. Anandrao Abitkar College of Engineering, Pal",'1612126310,Artificial Intelligence (AI) and Data Science,Un-Aided Home University : Shivaji University,Shivaji University,PWDOPENH,143676,47.0502678,P,H,PWD,B.Tech,2025,4
'16121,"Shri. Anandrao Abitkar College of Engineering, Pal",'1612129310,Electrical Engineering,Un-Aided Home University : Shivaji University,Shivaji University,GSCH,160084,36.5248856,G,H,SC,B.Tech,2025,4
'16121,"Shri. Anandrao Abitkar College of Engineering, Pal",'1612129310,Electrical Engineering,Un-Aided Home University : Shivaji University,Shivaji University,GSTH,194073,10.8694881,G,H,ST,B.Tech,2025,4
'16121,"Shri. Anandrao Abitkar College of Engineering, Pal",'1612129310,Electrical Engineering,Un-Aided Home University : Shivaji University,Shivaji University,GOBCH,153688,41.4020979,G,H,OBC,B.Tech,2025,4
'16121,"Shri. Anandrao Abitkar College of Engineering, Pal",'1612129310,Electrical Engineering,Un-Aided Home University : Shivaji University,Shivaji University,LNT2H,194260,10.8523619,L,H,NT2,B.Tech,2025,4
'16121,"Shri. Anandrao Abitkar College of Engineering, Pal",'1612129310,Electrical Engineering,Un-Aided Home University : Shivaji University,Shivaji University,LNT3H,196509,8.6724180,L,H,NT3,B.Tech,2025,4
'16121,"Shri. Anandrao Abitkar College of Engineering, Pal",'1612129310,Electrical Engineering,Un-Aided Home University : Shivaji University,Shivaji University,LSEBCH,190611,14.0584844,L,H,SEBC,B.Tech,2025,4
'16121,"Shri. Anandrao Abitkar College of Engineering, Pal",'1612161210,Mechanical Engineering,Un-Aided Home University : Shivaji University,Shivaji University,LOPENO,187422,16.6909773,L,O,OPEN,B.Tech,2025,4
'16351,"Vidya Niketan Institute of Engineering & Technology, Lakhewadi",'1635119110,Civil Engineering,Un-Aided Home University : Savitribai Phule Pune University,Savitribai Phule Pune University,GOPENH,174195,28.1994074,G,H,OPEN,B.Tech,2025,4
'16351,"Vidya Niketan Institute of Engineering & Technology, Lakhewadi",'1635124210,Computer Science and Engineering,Un-Aided Home University : Savitribai Phule Pune University,Savitribai Phule Pune University,GOPENH,86975,72.3760958,G,H,OPEN,B.Tech,2025,4
'16351,"Vidya Niketan Institute of Engineering & Technology, Lakhewadi",'1635137210,Electronics and Telecommunication Engg,Un-Aided Home University : Savitribai Phule Pune University,Savitribai Phule Pune University,GOPENH,193452,11.4786688,G,H,OPEN,B.Tech,2025,4
'16351,"Vidya Niketan Institute of Engineering & Technology, Lakhewadi",'1635137210,Electronics and Telecommunication Engg,Un-Aided Home University : Savitribai Phule Pune University,Savitribai Phule Pune University,LOPENH,188676,15.8481365,L,H,OPEN,B.Tech,2025,4
'16351,"Vidya Niketan Institute of Engineering & Technology, Lakhewadi",'1635192110,Artificial Intelligence and Machine Learning,Un-Aided Home University : Savitribai Phule Pune University,Savitribai Phule Pune University,GOPENH,148631,43.7443400,G,H,OPEN,B.Tech,2025,4
'16351,"Vidya Niketan Institute of Engineering & Technology, Lakhewadi",'1635192110,Artificial Intelligence and Machine Learning,Un-Aided Home University : Savitribai Phule Pune University,Savitribai Phule Pune University,PWDOPENH,165247,33.4650350,P,H,PWD,B.Tech,2025,4
'16351,"Vidya Niketan Institute of Engineering & Technology, Lakhewadi",'1635192110,Artificial Intelligence and Machine Learning,Un-Aided Home University : Savitribai Phule Pune University,Savitribai Phule Pune University,GSTH,172762,28.6767287,G,H,ST,B.Tech,2025,4
'16351,"Vidya Niketan Institute of Engineering & Technology, Lakhewadi",'1635192110,Artificial Intelligence and Machine Learning,Un-Aided Home University : Savitribai Phule Pune University,Savitribai Phule Pune University,LSCH,169045,31.9280223,L,H,SC,B.Tech,2025,4
'16352,"Yashoda Mahadeo Kakade College of Engineering, Talegaon",'1635224210,Computer Science and Engineering,Un-Aided Home University : Savitribai Phule Pune University,Savitribai Phule Pune University,GOPENH,91723,70.6189283,G,H,OPEN,B.Tech,2025,4
'16352,"Yashoda Mahadeo Kakade College of Engineering, Talegaon",'1635224210,Computer Science and Engineering,Un-Aided Home University : Savitribai Phule Pune University,Savitribai Phule Pune University,GSCH,168740,31.9280223,G,H,SC,B.Tech,2025,4
'16352,"Yashoda Mahadeo Kakade College of Engineering, Talegaon",'1635224210,Computer Science and Engineering,Un-Aided Home University : Savitribai Phule Pune University,Savitribai Phule Pune University,LOBCH,53738,83.8802370,L,H,OBC,B.Tech,2025,4
'16352,"Yashoda Mahadeo Kakade College of Engineering, Talegaon",'1635224610,Information Technology,Un-Aided Home University : Savitribai Phule Pune University,Savitribai Phule Pune University,GOPENH,106706,64.7131860,G,H,OPEN,B.Tech,2025,4
'16352,"Yashoda Mahadeo Kakade College of Engineering, Talegaon",'1635224610,Information Technology,Un-Aided Home University : Savitribai Phule Pune University,Savitribai Phule Pune University,GOBCH,123287,57.4017459,G,H,OBC,B.Tech,2025,4
'16352,"Yashoda Mahadeo Kakade College of Engineering, Talegaon",'1635224610,Information Technology,Un-Aided Home University : Savitribai Phule Pune University,Savitribai Phule Pune University,LOBCH,160919,36.1811489,L,H,OBC,B.Tech,2025,4
'16352,"Yashoda Mahadeo Kakade College of Engineering, Talegaon",'1635237210,Electronics and Telecommunication Engg,Un-Aided Home University : Savitribai Phule Pune University,Savitribai Phule Pune University,GOPENH,158407,38.3392226,G,H,OPEN,B.Tech,2025,4
'16352,"Yashoda Mahadeo Kakade College of Engineering, Talegaon",'1635237210,Electronics and Telecommunication Engg,Un-Aided Home University : Savitribai Phule Pune University,Savitribai Phule Pune University,GSEBCH,189269,15.4365886,G,H,SEBC,B.Tech,2025,4
'16352,"Yashoda Mahadeo Kakade College of Engineering, Talegaon",'1635299510,Artificial Intelligence and Data Science,Un-Aided Home University : Savitribai Phule Pune University,Savitribai Phule Pune University,GOPENH,118907,59.1762367,G,H,OPEN,B.Tech,2025,4
'16352,"Yashoda Mahadeo Kakade College of Engineering, Talegaon",'1635299510,Artificial Intelligence and Data Science,Un-Aided Home University : Savitribai Phule Pune University,Savitribai Phule Pune University,GNT2H,193810,11.1328671,G,H,NT2,B.Tech,2025,4
'16352,"Yashoda Mahadeo Kakade College of Engineering, Talegaon",'1635299510,Artificial Intelligence and Data Science,Un-Aided Home University : Savitribai Phule Pune University,Savitribai Phule Pune University,LSCH,183885,19.7061157,L,H,SC,B.Tech,2025,4
'16352,"Yashoda Mahadeo Kakade College of Engineering, Talegaon",'1635299510,Artificial Intelligence and Data Science,Un-Aided Home University : Savitribai Phule Pune University,Savitribai Phule Pune University,LOBCH,48347,85.5729148,L,H,OBC,B.Tech,2025,4
'16354,DNYANVILAS COLLEGE OF ENGINEERING,'1635424510,Computer Engineering,Un-Aided Home University : Savitribai Phule Pune University,Savitribai Phule Pune University,GOPENH,62849,81.0133535,G,H,OPEN,B.Tech,2025,4
'16354,DNYANVILAS COLLEGE OF ENGINEERING,'1635424510,Computer Engineering,Un-Aided Home University : Savitribai Phule Pune University,Savitribai Phule Pune University,GSCH,195038,9.8110718,G,H,SC,B.Tech,2025,4
'16354,DNYANVILAS COLLEGE OF ENGINEERING,'1635424510,Computer Engineering,Un-Aided Home University : Savitribai Phule Pune University,Savitribai Phule Pune University,LOBCH,91673,70.7504568,L,H,OBC,B.Tech,2025,4
'16354,DNYANVILAS COLLEGE OF ENGINEERING,'1635424510,Computer Engineering,Un-Aided Home University : Savitribai Phule Pune University,Savitribai Phule Pune University,PWDOPENH,126300,55.6405756,P,H,PWD,B.Tech,2025,4
'16354,DNYANVILAS COLLEGE OF ENGINEERING,'1635424610,Information Technology,Un-Aided Home University : Savitribai Phule Pune University,Savitribai Phule Pune University,GOPENH,146606,45.3566434,G,H,OPEN,B.Tech,2025,4
'16354,DNYANVILAS COLLEGE OF ENGINEERING,'1635424610,Information Technology,Un-Aided Home University : Savitribai Phule Pune University,Savitribai Phule Pune University,GSCH,147361,44.5303298,G,H,SC,B.Tech,2025,4
'16354,DNYANVILAS COLLEGE OF ENGINEERING,'1635424610,Information Technology,Un-Aided Home University : Savitribai Phule Pune University,Savitribai Phule Pune University,GOBCH,161851,35.9909439,G,H,OBC,B.Tech,2025,4
'16354,DNYANVILAS COLLEGE OF ENGINEERING,'1635424610,Information Technology,Un-Aided Home University : Savitribai Phule Pune University,Savitribai Phule Pune University,LOPENH,140230,49.1540892,L,H,OPEN,B.Tech,2025,4
'16354,DNYANVILAS COLLEGE OF ENGINEERING,'1635424610,Information Technology,Un-Aided Home University : Savitribai Phule Pune University,Savitribai Phule Pune University,GVJH,156071,39.6653303,G,H,VJ,B.Tech,2025,4
'16354,DNYANVILAS COLLEGE OF ENGINEERING,'1635424610,Information Technology,Un-Aided Home University : Savitribai Phule Pune University,Savitribai Phule Pune University,LSTH,122276,57.6249683,L,H,ST,B.Tech,2025,4
'16354,DNYANVILAS COLLEGE OF ENGINEERING,'1635437210,Electronics and Telecommunication Engg,Un-Aided Home University : Savitribai Phule Pune University,Savitribai Phule Pune University,GOPENH,196913,7.9877752,G,H,OPEN,B.Tech,2025,4
'16354,DNYANVILAS COLLEGE OF ENGINEERING,'1635437210,Electronics and Telecommunication Engg,Un-Aided Home University : Savitribai Phule Pune University,Savitribai Phule Pune University,LOPENH,193535,11.4786688,L,H,OPEN,B.Tech,2025,4
'16354,DNYANVILAS COLLEGE OF ENGINEERING,'1635492110,Artificial Intelligence and Machine Learning,Un-Aided Home University : Savitribai Phule Pune University,Savitribai Phule Pune University,LNT3H,152256,42.2674623,L,H,NT3,B.Tech,2025,4
'16355,Audyogik Shikshan Mandal's Nextgen Technical Campus,'1635524210,Computer Science and Engineering,Un-Aided,Unknown,GOPENH,99454,67.8236662,G,H,OPEN,B.Tech,2025,4
'16355,Audyogik Shikshan Mandal's Nextgen Technical Campus,'1635524210,Computer Science and Engineering,Un-Aided,Unknown,GOBCH,125234,56.5039753,G,H,OBC,B.Tech,2025,4
'16355,Audyogik Shikshan Mandal's Nextgen Technical Campus,'1635524210,Computer Science and Engineering,Un-Aided,Unknown,GSEBCH,187556,16.6909773,G,H,SEBC,B.Tech,2025,4
'16355,Audyogik Shikshan Mandal's Nextgen Technical Campus,'1635524210,Computer Science and Engineering,Un-Aided,Unknown,LOBCH,94708,69.4561708,L,H,OBC,B.Tech,2025,4
'16355,Audyogik Shikshan Mandal's Nextgen Technical Campus,'1635524210,Computer Science and Engineering,Un-Aided,Unknown,LVJH,187143,17.2365618,L,H,VJ,B.Tech,2025,4
'16355,Audyogik Shikshan Mandal's Nextgen Technical Campus,'1635524210,Computer Science and Engineering,Un-Aided,Unknown,PWDOPENH,123257,57.4017459,P,H,PWD,B.Tech,2025,4
'16355,Audyogik Shikshan Mandal's Nextgen Technical Campus,'1635524210,Computer Science and Engineering,Un-Aided,Unknown,PWDOBCH,103730,65.8992965,P,H,PWD,B.Tech,2025,4
'16355,Audyogik Shikshan Mandal's Nextgen Technical Campus,'1635524210,Computer Science and Engineering,Un-Aided,Unknown,GSTH,101041,66.9498069,G,H,ST,B.Tech,2025,4
'16355,Audyogik Shikshan Mandal's Nextgen Technical Campus,'1635524210,Computer Science and Engineering,Un-Aided,Unknown,LSTH,110449,63.2914656,L,H,ST,B.Tech,2025,4
'16355,Audyogik Shikshan Mandal's Nextgen Technical Campus,'1635524610,Information Technology,Un-Aided,Unknown,GOPENH,137851,50.3223138,G,H,OPEN,B.Tech,2025,4
'16355,Audyogik Shikshan Mandal's Nextgen Technical Campus,'1635524610,Information Technology,Un-Aided,Unknown,GSCH,178096,24.8659004,G,H,SC,B.Tech,2025,4
'16355,Audyogik Shikshan Mandal's Nextgen Technical Campus,'1635524610,Information Technology,Un-Aided,Unknown,GOBCH,141663,47.8015007,G,H,OBC,B.Tech,2025,4
'16355,Audyogik Shikshan Mandal's Nextgen Technical Campus,'1635524610,Information Technology,Un-Aided,Unknown,LOPENH,127755,55.1895416,L,H,OPEN,B.Tech,2025,4
'16355,Audyogik Shikshan Mandal's Nextgen Technical Campus,'1635584410,Electronics and Computer Engineering,Un-Aided,Unknown,GOPENH,138968,49.4020979,G,H,OPEN,B.Tech,2025,4
'16355,Audyogik Shikshan Mandal's Nextgen Technical Campus,'1635584410,Electronics and Computer Engineering,Un-Aided,Unknown,GOBCH,176524,25.4741362,G,H,OBC,B.Tech,2025,4
'16355,Audyogik Shikshan Mandal's Nextgen Technical Campus,'1635584410,Electronics and Computer Engineering,Un-Aided,Unknown,LOPENH,188250,16.1743072,L,H,OPEN,B.Tech,2025,4
'16355,Audyogik Shikshan Mandal's Nextgen Technical Campus,'1635584410,Electronics and Computer Engineering,Un-Aided,Unknown,GSCH,203183,0.8543447,G,H,SC,B.Tech,2025,4
'16355,Audyogik Shikshan Mandal's Nextgen Technical Campus,'1635584410,Electronics and Computer Engineering,Un-Aided,Unknown,GSTH,179646,22.8933117,G,H,ST,B.Tech,2025,4
'16355,Audyogik Shikshan Mandal's Nextgen Technical Campus,'1635584410,Electronics and Computer Engineering,Un-Aided,Unknown,GSEBCH,198743,6.2359571,G,H,SEBC,B.Tech,2025,4
'16355,Audyogik Shikshan Mandal's Nextgen Technical Campus,'1635592110,Artificial Intelligence and Machine Learning,Un-Aided,Unknown,GOPENH,94962,69.4561708,G,H,OPEN,B.Tech,2025,4
'16355,Audyogik Shikshan Mandal's Nextgen Technical Campus,'1635592110,Artificial Intelligence and Machine Learning,Un-Aided,Unknown,LNT1H,132437,52.8806012,L,H,NT1,B.Tech,2025,4
'16355,Audyogik Shikshan Mandal's Nextgen Technical Campus,'1635592110,Artificial Intelligence and Machine Learning,Un-Aided,Unknown,LOBCH,83447,73.6328536,L,H,OBC,B.Tech,2025,4
'16355,Audyogik Shikshan Mandal's Nextgen Technical Campus,'1635592110,Artificial Intelligence and Machine Learning,Un-Aided,Unknown,GSTH,100390,67.2177090,G,H,ST,B.Tech,2025,4
'16355,Audyogik Shikshan Mandal's Nextgen Technical Campus,'1635592110,Artificial Intelligence and Machine Learning,Un-Aided,Unknown,LSTH,98857,68.1164395,L,H,ST,B.Tech,2025,4
'16357,MES MUKUNDDAS LOHIA COLLEGE OF ENGINEERING,'1635724510,Computer Engineering,Un-Aided Home University : Savitribai Phule Pune University,Savitribai Phule Pune University,GOPENH,23671,93.1055879,G,H,OPEN,B.Tech,2025,4
'16357,MES MUKUNDDAS LOHIA COLLEGE OF ENGINEERING,'1635724510,Computer Engineering,Un-Aided Home University : Savitribai Phule Pune University,Savitribai Phule Pune University,GOBCH,47905,85.8461538,G,H,OBC,B.Tech,2025,4
'16357,MES MUKUNDDAS LOHIA COLLEGE OF ENGINEERING,'1635724610,Information Technology,Un-Aided Home University : Savitribai Phule Pune University,Savitribai Phule Pune University,GSEBCH,81114,74.9785452,G,H,SEBC,B.Tech,2025,4
'16357,MES MUKUNDDAS LOHIA COLLEGE OF ENGINEERING,'1635724610,Information Technology,Un-Aided Home University : Savitribai Phule Pune University,Savitribai Phule Pune University,PWDOPENH,36207,89.2945239,P,H,PWD,B.Tech,2025,4
'16357,MES MUKUNDDAS LOHIA COLLEGE OF ENGINEERING,'1635737210,Electronics and Telecommunication Engg,Un-Aided Home University : Savitribai Phule Pune University,Savitribai Phule Pune University,GOPENH,77663,75.6522650,G,H,OPEN,B.Tech,2025,4
'16357,MES MUKUNDDAS LOHIA COLLEGE OF ENGINEERING,'1635791110,Computer Science and Engineering(Artificial Intelligence and Machine Learning),Un-Aided Home University : Savitribai Phule Pune University,Savitribai Phule Pune University,GOPENO,86242,72.7429418,G,O,OPEN,B.Tech,2025,4
'16357,MES MUKUNDDAS LOHIA COLLEGE OF ENGINEERING,'1635791110,Computer Science and Engineering(Artificial Intelligence and Machine Learning),Un-Aided Home University : Savitribai Phule Pune University,Savitribai Phule Pune University,GSCO,157306,39.3344201,G,O,SC,B.Tech,2025,4
'16357,MES MUKUNDDAS LOHIA COLLEGE OF ENGINEERING,'1635791110,Computer Science and Engineering(Artificial Intelligence and Machine Learning),Un-Aided Home University : Savitribai Phule Pune University,Savitribai Phule Pune University,LOBCO,112526,62.1365556,L,O,OBC,B.Tech,2025,4
'16361,"Zeal College of Engineering & Research, Induri, Pune (Off Campus-Induri)",'1636124510,Computer Engineering,Un-Aided Autonomous,Unknown,GOPENS,86167,72.8948543,G,S,OPEN,B.Tech,2025,4
'16361,"Zeal College of Engineering & Research, Induri, Pune (Off Campus-Induri)",'1636124510,Computer Engineering,Un-Aided Autonomous,Unknown,GSCS,108043,63.8244514,G,S,SC,B.Tech,2025,4
'16361,"Zeal College of Engineering & Research, Induri, Pune (Off Campus-Induri)",'1636124510,Computer Engineering,Un-Aided Autonomous,Unknown,GVJS,88019,71.8498844,G,S,VJ,B.Tech,2025,4
'16361,"Zeal College of Engineering & Research, Induri, Pune (Off Campus-Induri)",'1636124510,Computer Engineering,Un-Aided Autonomous,Unknown,GNT1S,111397,62.8632493,G,S,NT1,B.Tech,2025,4
'16361,"Zeal College of Engineering & Research, Induri, Pune (Off Campus-Induri)",'1636124510,Computer Engineering,Un-Aided Autonomous,Unknown,GNT2S,92003,70.6189283,G,S,NT2,B.Tech,2025,4
'16361,"Zeal College of Engineering & Research, Induri, Pune (Off Campus-Induri)",'1636124510,Computer Engineering,Un-Aided Autonomous,Unknown,GNT3S,104735,65.6307130,G,S,NT3,B.Tech,2025,4
'16361,"Zeal College of Engineering & Research, Induri, Pune (Off Campus-Induri)",'1636124510,Computer Engineering,Un-Aided Autonomous,Unknown,GOBCS,108399,63.6512871,G,S,OBC,B.Tech,2025,4
'16361,"Zeal College of Engineering & Research, Induri, Pune (Off Campus-Induri)",'1636124510,Computer Engineering,Un-Aided Autonomous,Unknown,GSEBCS,111661,62.8632493,G,S,SEBC,B.Tech,2025,4
'16361,"Zeal College of Engineering & Research, Induri, Pune (Off Campus-Induri)",'1636124510,Computer Engineering,Un-Aided Autonomous,Unknown,LOPENS,82109,74.0630785,L,S,OPEN,B.Tech,2025,4
'16361,"Zeal College of Engineering & Research, Induri, Pune (Off Campus-Induri)",'1636124510,Computer Engineering,Un-Aided Autonomous,Unknown,LSCS,105122,65.5190641,L,S,SC,B.Tech,2025,4
'16361,"Zeal College of Engineering & Research, Induri, Pune (Off Campus-Induri)",'1636124510,Computer Engineering,Un-Aided Autonomous,Unknown,LNT2S,121138,58.2180677,L,S,NT2,B.Tech,2025,4
'16361,"Zeal College of Engineering & Research, Induri, Pune (Off Campus-Induri)",'1636124510,Computer Engineering,Un-Aided Autonomous,Unknown,LOBCS,98544,68.1164395,L,S,OBC,B.Tech,2025,4
'16361,"Zeal College of Engineering & Research, Induri, Pune (Off Campus-Induri)",'1636124510,Computer Engineering,Un-Aided Autonomous,Unknown,LSEBCS,99054,68.1117918,L,S,SEBC,B.Tech,2025,4
'16361,"Zeal College of Engineering & Research, Induri, Pune (Off Campus-Induri)",'1636124510,Computer Engineering,Un-Aided Autonomous,Unknown,TFWS,90977,71.0971787,T,S,TFWS,B.Tech,2025,4
'16361,"Zeal College of Engineering & Research, Induri, Pune (Off Campus-Induri)",'1636124510,Computer Engineering,Un-Aided Autonomous,Unknown,DEFSCS,86649,72.6730266,D,S,SC,B.Tech,2025,4
'16361,"Zeal College of Engineering & Research, Induri, Pune (Off Campus-Induri)",'1636124510,Computer Engineering,Un-Aided Autonomous,Unknown,DEFOBCS,100822,66.9498069,D,S,OBC,B.Tech,2025,4
'16361,"Zeal College of Engineering & Research, Induri, Pune (Off Campus-Induri)",'1636124510,Computer Engineering,Un-Aided Autonomous,Unknown,DEFSEBCS,105471,65.3084343,D,S,SEBC,B.Tech,2025,4
'16361,"Zeal College of Engineering & Research, Induri, Pune (Off Campus-Induri)",'1636124510,Computer Engineering,Un-Aided Autonomous,Unknown,PWDOPENS,91186,71.0971787,P,S,PWD,B.Tech,2025,4
'16361,"Zeal College of Engineering & Research, Induri, Pune (Off Campus-Induri)",'1636124510,Computer Engineering,Un-Aided Autonomous,Unknown,PWDSEBCS,111846,62.1412608,P,S,PWD,B.Tech,2025,4
'16361,"Zeal College of Engineering & Research, Induri, Pune (Off Campus-Induri)",'1636124510,Computer Engineering,Un-Aided Autonomous,Unknown,GSTS,100351,67.2177090,G,S,ST,B.Tech,2025,4
'16361,"Zeal College of Engineering & Research, Induri, Pune (Off Campus-Induri)",'1636124510,Computer Engineering,Un-Aided Autonomous,Unknown,LSTS,84486,73.4722277,L,S,ST,B.Tech,2025,4
'16361,"Zeal College of Engineering & Research, Induri, Pune (Off Campus-Induri)",'1636137210,Electronics and Telecommunication Engg,Un-Aided Autonomous,Unknown,GOPENS,120856,58.4401523,G,S,OPEN,B.Tech,2025,4
'16361,"Zeal College of Engineering & Research, Induri, Pune (Off Campus-Induri)",'1636137210,Electronics and Telecommunication Engg,Un-Aided Autonomous,Unknown,GSCS,140658,48.5587427,G,S,SC,B.Tech,2025,4
'16361,"Zeal College of Engineering & Research, Induri, Pune (Off Campus-Induri)",'1636137210,Electronics and Telecommunication Engg,Un-Aided Autonomous,Unknown,GNT2S,140700,48.5587427,G,S,NT2,B.Tech,2025,4
'16361,"Zeal College of Engineering & Research, Induri, Pune (Off Campus-Induri)",'1636137210,Electronics and Telecommunication Engg,Un-Aided Autonomous,Unknown,GNT3S,124492,56.8426573,G,S,NT3,B.Tech,2025,4
'16361,"Zeal College of Engineering & Research, Induri, Pune (Off Campus-Induri)",'1636137210,Electronics and Telecommunication Engg,Un-Aided Autonomous,Unknown,GOBCS,127295,55.2744499,G,S,OBC,B.Tech,2025,4
'16361,"Zeal College of Engineering & Research, Induri, Pune (Off Campus-Induri)",'1636137210,Electronics and Telecommunication Engg,Un-Aided Autonomous,Unknown,GSEBCS,129536,54.1537389,G,S,SEBC,B.Tech,2025,4
'16361,"Zeal College of Engineering & Research, Induri, Pune (Off Campus-Induri)",'1636137210,Electronics and Telecommunication Engg,Un-Aided Autonomous,Unknown,LOPENS,97299,68.4887011,L,S,OPEN,B.Tech,2025,4
'16361,"Zeal College of Engineering & Research, Induri, Pune (Off Campus-Induri)",'1636137210,Electronics and Telecommunication Engg,Un-Aided Autonomous,Unknown,LSCS,137089,50.5909012,L,S,SC,B.Tech,2025,4
'16361,"Zeal College of Engineering & Research, Induri, Pune (Off Campus-Induri)",'1636137210,Electronics and Telecommunication Engg,Un-Aided Autonomous,Unknown,LOBCS,99723,67.8210479,L,S,OBC,B.Tech,2025,4
'16361,"Zeal College of Engineering & Research, Induri, Pune (Off Campus-Induri)",'1636137210,Electronics and Telecommunication Engg,Un-Aided Autonomous,Unknown,LSEBCS,100852,66.9498069,L,S,SEBC,B.Tech,2025,4
'16361,"Zeal College of Engineering & Research, Induri, Pune (Off Campus-Induri)",'1636137210,Electronics and Telecommunication Engg,Un-Aided Autonomous,Unknown,TFWS,140606,48.5587427,T,S,TFWS,B.Tech,2025,4
'16361,"Zeal College of Engineering & Research, Induri, Pune (Off Campus-Induri)",'1636137210,Electronics and Telecommunication Engg,Un-Aided Autonomous,Unknown,DEFOBCS,122259,57.6249683,D,S,OBC,B.Tech,2025,4
'16361,"Zeal College of Engineering & Research, Induri, Pune (Off Campus-Induri)",'1636137210,Electronics and Telecommunication Engg,Un-Aided Autonomous,Unknown,GSTS,126772,55.4922986,G,S,ST,B.Tech,2025,4
'16361,"Zeal College of Engineering & Research, Induri, Pune (Off Campus-Induri)",'1636137210,Electronics and Telecommunication Engg,Un-Aided Autonomous,Unknown,LSTS,111005,62.9184580,L,S,ST,B.Tech,2025,4
'16361,"Zeal College of Engineering & Research, Induri, Pune (Off Campus-Induri)",'1636137210,Electronics and Telecommunication Engg,Un-Aided Autonomous,Unknown,ORPHAN,124502,56.8426573,O,N,ORPHAN,B.Tech,2025,4
'16361,"Zeal College of Engineering & Research, Induri, Pune (Off Campus-Induri)",'1636184410,Electronics and Computer Engineering,Un-Aided Autonomous,Unknown,GOPENS,118127,59.3210117,G,S,OPEN,B.Tech,2025,4
'16361,"Zeal College of Engineering & Research, Induri, Pune (Off Campus-Induri)",'1636184410,Electronics and Computer Engineering,Un-Aided Autonomous,Unknown,GSCS,145348,45.9816283,G,S,SC,B.Tech,2025,4
'16361,"Zeal College of Engineering & Research, Induri, Pune (Off Campus-Induri)",'1636184410,Electronics and Computer Engineering,Un-Aided Autonomous,Unknown,GVJS,143724,47.0502678,G,S,VJ,B.Tech,2025,4
'16361,"Zeal College of Engineering & Research, Induri, Pune (Off Campus-Induri)",'1636184410,Electronics and Computer Engineering,Un-Aided Autonomous,Unknown,GNT1S,151251,42.9247346,G,S,NT1,B.Tech,2025,4
'16361,"Zeal College of Engineering & Research, Induri, Pune (Off Campus-Induri)",'1636184410,Electronics and Computer Engineering,Un-Aided Autonomous,Unknown,GNT2S,135181,51.1762787,G,S,NT2,B.Tech,2025,4
'16361,"Zeal College of Engineering & Research, Induri, Pune (Off Campus-Induri)",'1636184410,Electronics and Computer Engineering,Un-Aided Autonomous,Unknown,GOBCS,129365,54.1537389,G,S,OBC,B.Tech,2025,4
'16361,"Zeal College of Engineering & Research, Induri, Pune (Off Campus-Induri)",'1636184410,Electronics and Computer Engineering,Un-Aided Autonomous,Unknown,GSEBCS,120797,58.4401523,G,S,SEBC,B.Tech,2025,4
'16361,"Zeal College of Engineering & Research, Induri, Pune (Off Campus-Induri)",'1636184410,Electronics and Computer Engineering,Un-Aided Autonomous,Unknown,LOPENS,106004,64.7148712,L,S,OPEN,B.Tech,2025,4
'16361,"Zeal College of Engineering & Research, Induri, Pune (Off Campus-Induri)",'1636184410,Electronics and Computer Engineering,Un-Aided Autonomous,Unknown,LSCS,139496,49.3416227,L,S,SC,B.Tech,2025,4
'16361,"Zeal College of Engineering & Research, Induri, Pune (Off Campus-Induri)",'1636184410,Electronics and Computer Engineering,Un-Aided Autonomous,Unknown,TFWS,116686,60.4221150,T,S,TFWS,B.Tech,2025,4
'16361,"Zeal College of Engineering & Research, Induri, Pune (Off Campus-Induri)",'1636184410,Electronics and Computer Engineering,Un-Aided Autonomous,Unknown,GSTS,121991,57.6249683,G,S,ST,B.Tech,2025,4
'16361,"Zeal College of Engineering & Research, Induri, Pune (Off Campus-Induri)",'1636199510,Artificial Intelligence and Data Science,Un-Aided Autonomous,Unknown,GOPENS,94498,69.4936445,G,S,OPEN,B.Tech,2025,4
'16361,"Zeal College of Engineering & Research, Induri, Pune (Off Campus-Induri)",'1636199510,Artificial Intelligence and Data Science,Un-Aided Autonomous,Unknown,GSCS,130243,53.7591782,G,S,SC,B.Tech,2025,4
'16361,"Zeal College of Engineering & Research, Induri, Pune (Off Campus-Induri)",'1636199510,Artificial Intelligence and Data Science,Un-Aided Autonomous,Unknown,GNT2S,107331,64.3453843,G,S,NT2,B.Tech,2025,4
'16361,"Zeal College of Engineering & Research, Induri, Pune (Off Campus-Induri)",'1636199510,Artificial Intelligence and Data Science,Un-Aided Autonomous,Unknown,GOBCS,111546,62.8632493,G,S,OBC,B.Tech,2025,4
'16361,"Zeal College of Engineering & Research, Induri, Pune (Off Campus-Induri)",'1636199510,Artificial Intelligence and Data Science,Un-Aided Autonomous,Unknown,GSEBCS,98699,68.1164395,G,S,SEBC,B.Tech,2025,4
'16361,"Zeal College of Engineering & Research, Induri, Pune (Off Campus-Induri)",'1636199510,Artificial Intelligence and Data Science,Un-Aided Autonomous,Unknown,LOPENS,81314,74.6802716,L,S,OPEN,B.Tech,2025,4
'16361,"Zeal College of Engineering & Research, Induri, Pune (Off Campus-Induri)",'1636199510,Artificial Intelligence and Data Science,Un-Aided Autonomous,Unknown,LNT2S,88253,71.8498844,L,S,NT2,B.Tech,2025,4
'16361,"Zeal College of Engineering & Research, Induri, Pune (Off Campus-Induri)",'1636199510,Artificial Intelligence and Data Science,Un-Aided Autonomous,Unknown,LOBCS,103182,66.1695365,L,S,OBC,B.Tech,2025,4
'16361,"Zeal College of Engineering & Research, Induri, Pune (Off Campus-Induri)",'1636199510,Artificial Intelligence and Data Science,Un-Aided Autonomous,Unknown,TFWS,94845,69.4561708,T,S,TFWS,B.Tech,2025,4
'16361,"Zeal College of Engineering & Research, Induri, Pune (Off Campus-Induri)",'1636199510,Artificial Intelligence and Data Science,Un-Aided Autonomous,Unknown,PWDOPENS,92852,70.5005064,P,S,PWD,B.Tech,2025,4
'16361,"Zeal College of Engineering & Research, Induri, Pune (Off Campus-Induri)",'1636199510,Artificial Intelligence and Data Science,Un-Aided Autonomous,Unknown,PWDSCS,140389,49.1540892,P,S,PWD,B.Tech,2025,4
'16361,"Zeal College of Engineering & Research, Induri, Pune (Off Campus-Induri)",'1636199510,Artificial Intelligence and Data Science,Un-Aided Autonomous,Unknown,PWDOBCS,107710,64.2631037,P,S,PWD,B.Tech,2025,4
'16361,"Zeal College of Engineering & Research, Induri, Pune (Off Campus-Induri)",'1636199510,Artificial Intelligence and Data Science,Un-Aided Autonomous,Unknown,GSTS,100788,67.1459332,G,S,ST,B.Tech,2025,4
